80
0 648 850 387 757 55 278 823 531 773 435 28 764 544 550 13 63 392 509 548 317 91 983 637 653 23 195 260 591 536 9 342 536 210 80 292 264 357 466 794 482 252 821 597 147 723 609 210 114 470 109 782 560 443 418 212 465 965 472 407 852 832 100 387 42 179 30 305 888 495 451 369 746 623 317 893 345 925 454 459 
648 0 394 562 592 306 5 10 517 821 326 340 580 177 524 679 916 565 858 945 221 97 792 23 817 537 646 133 781 990 57 586 800 803 500 392 108 856 753 976 676 430 316 607 606 839 286 873 755 495 818 327 591 609 350 407 497 995 891 630 336 299 215 136 101 66 879 560 921 983 888 949 412 203 555 369 393 192 242 499 
850 394 0 686 59 177 628 19 526 386 515 872 276 144 208 927 711 695 379 776 925 939 49 907 826 997 318 380 551 686 124 95 927 974 132 337 150 760 355 28 497 870 899 125 365 458 51 75 504 429 203 428 719 603 686 896 599 3 627 501 41 750 595 967 75 727 656 577 838 10 604 686 879 854 810 596 312 212 22 167 
387 562 686 0 993 224 947 711 826 632 959 776 987 585 629 27 687 223 345 761 301 352 337 490 362 292 176 240 146 337 835 809 901 857 975 893 432 273 955 610 257 913 737 243 850 365 621 536 940 317 648 240 669 985 82 30 276 609 621 773 945 808 581 197 16 908 441 799 180 748 408 436 660 497 30 861 861 650 396 800 
757 592 59 993 0 319 44 40 339 380 473 720 7 81 340 780 377 499 712 574 514 619 366 665 151 113 424 586 125 920 968 985 781 617 733 580 287 776 971 625 507 443 344 865 875 36 996 252 886 708 177 752 678 542 416 828 7 839 766 131 759 733 467 891 701 199 470 988 326 793 964 832 587 660 49 462 47 44 65 932 
55 306 177 224 319 0 751 241 683 781 134 98 608 492 937 373 622 47 105 89 937 806 639 758 145 965 550 460 148 489 119 196 950 165 240 366 97 342 606 779 122 91 229 82 583 517 454 556 563 911 996 851 68 635 608 212 951 510 23 98 998 142 646 299 658 237 664 754 930 621 885 404 63 113 485 997 629 290 553 543 
278 5 628 947 44 751 0 552 900 393 619 886 352 182 836 213 205 286 210 698 931 860 355 519 523 109 448 495 345 851 558 809 687 554 789 977 458 331 528 710 75 499 595 778 680 783 991 236 68 552 933 350 764 288 868 638 748 667 133 92 870 42 900 556 595 688 532 405 370 412 114 796 910 708 573 941 490 915 529 909 
823 10 19 711 40 241 552 0 819 461 610 582 100 829 219 847 496 351 290 365 392 189 920 339 228 804 743 597 567 856 744 828 915 317 120 757 231 648 17 401 109 627 982 560 455 201 407 302 903 696 18 295 237 290 985 464 445 727 413 11 934 156 838 200 824 957 956 407 957 973 807 417 951 789 976 405 341 382 59 243 
531 517 526 826 339 683 900 819 0 430 76 889 666 365 873 481 161 951 893 171 236 401 360 436 576 669 743 982 625 715 141 41 17 281 16 774 621 750 832 863 179 259 104 844 976 976 324 136 927 569 307 162 969 18 949 896 686 692 878 310 758 370 702 775 650 70 548 270 819 379 484 997 637 587 840 964 915 515 100 841 
773 821 386 632 380 781 393 461 430 0 83 758 354 403 775 303 299 461 994 528 122 103 897 176 877 546 245 424 167 63 154 650 59 143 589 250 106 503 764 557 695 199 314 48 601 89 702 251 901 47 778 374 150 674 549 26 571 145 802 737 207 307 739 617 449 679 218 907 181 334 463 875 532 777 274 484 217 976 735 469 
435 326 515 959 473 134 619 610 76 83 0 374 864 842 523 538 743 901 460 887 54 549 446 360 287 414 161 965 984 67 497 317 881 723 200 9 996 35 577 323 121 45 697 985 239 571 874 333 471 685 571 524 233 368 236 871 782 396 835 117 814 683 433 694 405 984 703 753 370 279 75 491 676 123 827 914 694 52 598 164 
28 340 872 776 720 98 886 582 889 758 374 0 736 168 40 969 536 275 839 669 670 26 785 483 60 569 528 465 904 582 217 273 213 643 115 888 766 293 153 459 344 750 974 80 269 13 400 804 639 590 472 660 615 256 494 675 176 22 491 79 603 59 352 167 701 818 54 818 111 558 628 806 659 602 237 928 966 636 83 957 
764 580 276 987 7 608 352 100 666 354 864 736 0 226 555 616 192 162 110 218 338 483 708 768 437 766 119 604 819 289 9 636 399 567 616 204 577 217 793 504 534 428 939 490 5 493 458 549 6 919 766 695 401 826 463 837 943 933 440 761 221 449 749 971 367 364 527 943 932 319 799 817 98 737 659 455 581 116 3 938 
544 177 144 585 81 492 182 829 365 403 842 168 226 0 34 120 633 434 945 447 622 888 731 414 648 304 214 748 274 580 463 152 874 746 822 24 563 272 760 221 726 692 688 728 630 721 199 614 506 144 60 479 31 142 892 30 445 105 130 71 36 592 574 910 338 396 933 900 667 45 472 744 736 159 823 365 231 21 978 88 
550 524 208 629 340 937 836 219 873 775 523 40 555 34 0 164 389 566 546 883 458 576 327 914 705 749 950 648 323 859 985 70 143 236 736 187 59 831 923 569 653 639 799 673 969 886 189 709 452 734 591 261 661 270 174 717 18 123 365 340 333 701 761 476 289 848 662 347 678 936 916 330 575 66 355 895 952 895 603 755 
13 679 927 27 780 373 213 847 481 303 538 969 616 120 164 0 980 546 15 641 815 188 357 184 663 73 876 995 774 636 470 414 484 484 760 161 771 27 843 697 93 549 591 396 443 546 502 422 91 516 414 905 55 123 88 69 195 963 64 320 951 885 733 434 720 845 594 491 871 788 187 315 336 778 62 130 675 563 552 765 
63 916 711 687 377 622 205 496 161 299 743 536 192 633 389 980 0 430 317 21 837 439 460 905 634 775 320 953 725 557 38 158 276 882 751 118 752 891 305 419 226 434 480 356 108 395 259 872 824 575 892 12 14 703 917 999 477 588 303 201 144 340 358 420 221 461 537 325 351 193 95 576 978 574 283 85 320 541 308 144 
392 565 695 223 499 47 286 351 951 461 901 275 162 434 566 546 430 0 116 551 155 481 254 423 831 730 11 485 931 154 825 640 925 397 100 814 73 802 6 167 378 984 741 660 420 412 553 728 555 20 630 62 500 883 836 682 965 846 166 247 352 990 886 628 739 986 441 811 787 799 978 516 134 70 528 553 481 432 632 388 
509 858 379 345 712 105 210 290 893 994 460 839 110 945 546 15 317 116 0 451 614 801 302 496 636 983 812 834 148 58 537 490 944 164 228 281 957 390 419 107 719 935 240 788 814 144 621 245 128 360 695 741 160 996 588 147 330 400 332 477 809 220 318 752 736 545 384 692 287 803 798 5 89 389 145 902 884 117 498 11 
548 945 776 761 574 89 698 365 171 528 887 669 218 447 883 641 21 551 451 0 476 544 751 987 891 691 485 220 90 169 48 898 388 366 2 123 262 385 166 548 187 315 905 275 703 49 528 587 165 377 949 992 272 700 978 162 390 814 733 831 982 133 80 370 498 81 844 111 818 10 11 4 324 915 631 379 315 510 317 831 
317 221 925 301 514 937 931 392 236 122 54 670 338 622 458 815 837 155 614 476 0 239 265 822 510 316 151 24 57 316 756 239 298 240 319 19 737 751 862 200 568 871 210 924 547 476 906 925 142 415 593 972 653 857 145 515 525 647 538 581 962 645 820 611 885 138 629 973 240 491 172 808 361 733 731 907 208 988 183 349 
91 97 939 352 619 806 860 189 401 103 549 26 483 888 576 188 439 481 801 544 239 0 402 775 672 407 984 168 273 508 814 810 88 128 454 259 738 338 748 367 311 988 857 834 147 569 567 229 828 774 216 10 475 969 137 498 727 120 666 999 627 479 160 66 958 614 677 696 303 424 414 965 411 622 799 909 190 717 137 369 
983 792 49 337 366 639 355 920 360 897 446 785 708 731 327 357 460 254 302 751 265 402 0 490 352 731 316 321 867 814 47 338 479 398 316 309 557 381 267 522 57 314 825 833 727 141 595 348 291 504 889 7 640 258 497 992 340 164 664 558 977 62 895 807 459 210 116 16 942 734 537 351 47 713 183 773 854 777 472 144 
637 23 907 490 665 758 519 339 436 176 360 483 768 414 914 184 905 423 496 987 822 775 490 0 280 360 151 272 969 999 615 660 514 278 217 843 339 111 649 150 672 116 165 614 201 53 316 247 766 498 371 971 626 842 466 906 554 968 529 874 318 143 534 832 772 750 26 110 213 674 259 236 142 775 201 342 180 516 941 297 
653 817 826 362 151 145 523 228 576 877 287 60 437 648 705 663 634 831 636 891 510 672 352 280 0 13 311 267 639 505 84 896 410 404 424 635 721 918 168 904 689 270 929 150 834 955 761 421 96 535 622 789 714 137 729 362 502 392 628 140 248 64 387 9 467 162 643 187 79 163 443 119 784 371 268 969 325 28 389 772 
23 537 997 292 113 965 109 804 669 546 414 569 766 304 749 73 775 730 983 691 316 407 731 360 13 0 915 10 913 980 499 993 342 1000 384 321 139 983 736 877 343 202 38 986 741 468 500 183 586 635 905 205 603 230 585 343 353 851 353 265 182 851 258 875 850 993 196 340 328 283 568 670 485 605 7 577 424 858 759 9 
195 646 318 176 424 550 448 743 743 245 161 528 119 214 950 876 320 11 812 485 151 984 316 151 311 915 0 492 663 565 446 244 149 789 949 351 493 213 533 695 822 407 896 167 954 235 494 237 802 515 73 758 522 649 181 379 407 541 871 421 457 668 17 958 456 965 308 948 529 840 642 351 599 537 517 904 123 362 140 276 
260 133 380 240 586 460 495 597 982 424 965 465 604 748 648 995 953 485 834 220 24 168 321 272 267 10 492 0 876 564 385 397 212 917 128 970 809 350 743 266 17 759 223 473 723 882 420 251 74 414 953 672 302 821 575 425 182 67 52 58 982 437 806 194 353 933 515 162 282 257 779 299 15 1 771 89 882 542 340 955 
591 781 551 146 125 148 345 567 625 167 984 904 819 274 323 774 725 931 148 90 57 273 867 969 639 913 663 876 0 307 644 978 609 465 905 385 646 323 436 55 304 224 861 497 577 793 12 90 75 620 868 373 635 220 495 723 101 388 414 408 695 58 385 303 874 641 39 519 963 474 574 267 50 786 115 626 578 478 67 4 
536 990 686 337 920 489 851 856 715 63 67 582 289 580 859 636 557 154 58 169 316 508 814 999 505 980 565 564 307 0 98 934 376 84 153 222 806 605 610 220 12 304 629 749 958 502 389 996 372 704 821 297 322 870 82 436 847 12 266 913 15 715 198 391 798 702 964 955 307 573 526 670 228 154 770 537 7 511 884 731 
9 57 124 835 968 119 558 744 141 154 497 217 9 463 985 470 38 825 537 48 756 814 47 615 84 499 446 385 644 98 0 214 705 27 535 926 461 322 125 472 939 389 486 653 939 228 802 640 192 757 298 116 282 968 344 788 89 880 146 599 764 876 164 820 255 698 97 715 372 221 186 662 962 23 315 900 251 468 891 442 
342 586 95 809 985 196 809 828 41 650 317 273 636 152 70 414 158 640 490 898 239 810 338 660 896 993 244 397 978 934 214 0 576 189 557 858 508 252 997 596 132 142 547 247 370 710 66 624 408 162 338 131 735 875 792 48 897 458 947 147 926 837 940 501 377 497 710 884 100 58 480 231 200 26 477 569 87 894 544 846 
536 800 927 901 781 950 687 915 17 59 881 213 399 874 143 484 276 925 944 388 298 88 479 514 410 342 149 212 609 376 705 576 0 408 881 976 494 755 120 541 651 577 839 798 854 27 89 707 404 585 768 287 37 826 118 267 377 495 96 297 582 341 840 427 100 72 403 593 826 874 485 828 450 323 977 656 350 66 714 105 
210 803 974 857 617 165 554 317 281 143 723 643 567 746 236 484 882 397 164 366 240 128 398 278 404 1000 789 917 465 84 27 189 408 0 2 481 391 38 658 509 657 386 3 104 34 936 444 225 363 544 296 117 488 473 990 325 301 791 647 277 446 348 342 511 452 696 344 195 733 1 703 389 739 57 492 772 345 288 997 707 
80 500 132 975 733 240 789 120 16 589 200 115 616 822 736 760 751 100 228 2 319 454 316 217 424 384 949 128 905 153 535 557 881 2 0 183 644 823 670 117 164 994 417 954 993 45 752 692 739 262 496 434 605 690 518 958 744 259 696 152 102 819 496 389 167 202 571 811 376 593 279 539 938 47 845 282 91 596 974 181 
292 392 337 893 580 366 977 757 774 250 9 888 204 24 187 161 118 814 281 123 19 259 309 843 635 321 351 970 385 222 926 858 976 481 183 0 857 469 614 814 510 484 123 253 742 818 404 843 988 900 232 507 453 154 669 181 98 947 719 36 993 563 317 435 510 642 616 719 110 581 532 619 416 6 223 157 175 627 352 162 
264 108 150 432 287 97 458 231 621 106 996 766 577 563 59 771 752 73 957 262 737 738 557 339 721 139 493 809 646 806 461 508 494 391 644 857 0 878 583 668 682 88 336 862 186 634 933 573 978 847 889 413 357 531 380 75 992 312 958 963 728 963 185 236 137 811 587 650 40 521 670 722 609 357 583 146 991 515 718 968 
357 856 760 273 776 342 331 648 750 503 35 293 217 272 831 27 891 802 390 385 751 338 381 111 918 983 213 350 323 605 322 252 755 38 823 469 878 0 362 958 732 70 840 463 496 832 775 805 146 854 767 330 89 255 493 676 256 532 548 925 253 156 634 188 653 624 54 722 943 767 680 27 836 871 489 683 702 615 487 199 
466 753 355 955 971 606 528 17 832 764 577 153 793 760 923 843 305 6 419 166 862 748 267 649 168 736 533 743 436 610 125 997 120 658 670 614 583 362 0 468 605 529 909 211 21 936 467 904 483 743 509 991 376 696 995 351 101 717 646 868 748 672 55 618 512 90 320 127 576 518 946 181 398 206 391 418 141 209 674 976 
794 976 28 610 625 779 710 401 863 557 323 459 504 221 569 697 419 167 107 548 200 367 522 150 904 877 695 266 55 220 472 596 541 509 117 814 668 958 468 0 952 182 318 327 229 312 30 329 380 675 548 127 698 955 745 209 44 416 687 971 285 985 151 683 190 894 452 683 102 125 10 53 306 327 732 534 990 113 215 722 
482 676 497 257 507 122 75 109 179 695 121 344 534 726 653 93 226 378 719 187 568 311 57 672 689 343 822 17 304 12 939 132 651 657 164 510 682 732 605 952 0 787 762 848 484 716 592 44 111 7 731 82 292 67 584 326 256 477 777 290 931 254 299 335 559 977 418 445 319 530 659 40 668 420 887 151 488 831 547 950 
252 430 870 913 443 91 499 627 259 199 45 750 428 692 639 549 434 984 935 315 871 988 314 116 270 202 407 759 224 304 389 142 577 386 994 484 88 70 529 182 787 0 837 629 31 480 695 967 805 950 795 934 592 725 187 890 60 97 219 477 541 537 7 551 928 674 323 166 177 162 996 75 111 185 703 494 664 397 460 821 
821 316 899 737 344 229 595 982 104 314 697 974 939 688 799 591 480 741 240 905 210 857 825 165 929 38 896 223 861 629 486 547 839 3 417 123 336 840 909 318 762 837 0 698 254 106 289 331 292 531 390 388 101 218 281 989 576 831 916 602 505 81 130 666 77 204 777 261 258 622 276 654 81 448 703 686 553 344 16 844 
597 607 125 243 865 82 778 560 844 48 985 80 490 728 673 396 356 660 788 275 924 834 833 614 150 986 167 473 497 749 653 247 798 104 954 253 862 463 211 327 848 629 698 0 226 757 584 326 975 216 314 902 398 581 503 903 661 984 568 89 187 344 701 444 965 329 449 397 776 504 435 681 847 802 524 424 559 459 749 885 
147 606 365 850 875 583 680 455 976 601 239 269 5 630 969 443 108 420 814 703 547 147 727 201 834 741 954 723 577 958 939 370 854 34 993 742 186 496 21 229 484 31 254 226 0 674 414 786 72 346 641 326 358 624 893 447 163 589 499 958 553 179 759 302 955 262 736 987 460 537 862 883 447 321 983 331 346 396 469 769 
723 839 458 365 36 517 783 201 976 89 571 13 493 721 886 546 395 412 144 49 476 569 141 53 955 468 235 882 793 502 228 710 27 936 45 818 634 832 936 312 716 480 106 757 674 0 741 461 94 98 436 987 896 950 575 747 908 479 925 666 132 231 927 219 217 386 756 79 620 554 751 602 237 96 997 57 217 89 517 310 
609 286 51 621 996 454 991 407 324 702 874 400 458 199 189 502 259 553 621 528 906 567 595 316 761 500 494 420 12 389 802 66 89 444 752 404 933 775 467 30 592 695 289 584 414 741 0 538 304 648 786 254 574 532 513 405 456 178 536 39 456 755 255 193 862 685 812 415 435 413 3 531 761 59 99 201 575 408 90 231 
210 873 75 536 252 556 236 302 136 251 333 804 549 614 709 422 872 728 245 587 925 229 348 247 421 183 237 251 90 996 640 624 707 225 692 843 573 805 904 329 44 967 331 326 786 461 538 0 408 875 484 981 406 996 385 214 525 921 604 332 27 858 524 888 543 687 654 329 99 657 211 211 715 309 763 642 717 852 872 124 
114 755 504 940 886 563 68 903 927 901 471 639 6 506 452 91 824 555 128 165 142 828 291 766 96 586 802 74 75 372 192 408 404 363 739 988 978 146 483 380 111 805 292 975 72 94 304 408 0 727 707 456 484 702 841 49 578 113 652 909 139 862 432 26 756 470 31 84 920 39 295 130 754 603 244 747 671 95 618 146 
470 495 429 317 708 911 552 696 569 47 685 590 919 144 734 516 575 20 360 377 415 774 504 498 535 635 515 414 620 704 757 162 585 544 262 900 847 854 743 675 7 950 531 216 346 98 648 875 727 0 173 324 602 657 377 442 57 954 906 709 214 44 570 997 421 325 466 451 760 385 490 54 866 595 9 109 341 679 555 310 
109 818 203 648 177 996 933 18 307 778 571 472 766 60 591 414 892 630 695 949 593 216 889 371 622 905 73 953 868 821 298 338 768 296 496 232 889 767 509 548 731 795 390 314 641 436 786 484 707 173 0 177 728 985 778 736 361 571 792 666 476 500 231 871 421 227 291 97 692 93 857 428 934 910 293 880 270 753 220 949 
782 327 428 240 752 851 350 295 162 374 524 660 695 479 261 905 12 62 741 992 972 10 7 971 789 205 758 672 373 297 116 131 287 117 434 507 413 330 991 127 82 934 388 902 326 987 254 981 456 324 177 0 307 881 477 34 865 606 769 577 176 561 594 3 412 824 873 185 402 515 281 93 607 137 872 893 399 516 772 668 
560 591 719 669 678 68 764 237 969 150 233 615 401 31 661 55 14 500 160 272 653 475 640 626 714 603 522 302 635 322 282 735 37 488 605 453 357 89 376 698 292 592 101 398 358 896 574 406 484 602 728 307 0 268 344 968 575 224 444 960 441 49 81 17 576 993 611 578 756 786 802 940 188 668 221 632 627 357 504 519 
443 609 603 985 542 635 288 290 18 674 368 256 826 142 270 123 703 883 996 700 857 969 258 842 137 230 649 821 220 870 968 875 826 473 690 154 531 255 696 955 67 725 218 581 624 950 532 996 702 657 985 881 268 0 755 19 290 423 639 633 742 565 857 186 524 297 586 956 665 162 948 627 91 704 413 245 643 952 912 863 
418 350 686 82 416 608 868 985 949 549 236 494 463 892 174 88 917 836 588 978 145 137 497 466 729 585 181 575 495 82 344 792 118 990 518 669 380 493 995 745 584 187 281 503 893 575 513 385 841 377 778 477 344 755 0 583 538 572 438 56 678 809 698 452 447 330 194 363 538 379 238 186 316 194 851 477 141 829 920 196 
212 407 896 30 828 212 638 464 896 26 871 675 837 30 717 69 999 682 147 162 515 498 992 906 362 343 379 425 723 436 788 48 267 325 958 181 75 676 351 209 326 890 989 903 447 747 405 214 49 442 736 34 968 19 583 0 593 164 839 544 75 53 127 965 976 916 20 654 724 69 105 170 399 298 884 288 28 122 474 344 
465 497 599 276 7 951 748 445 686 571 782 176 943 445 18 195 477 965 330 390 525 727 340 554 502 353 407 182 101 847 89 897 377 301 744 98 992 256 101 44 256 60 576 661 163 908 456 525 578 57 361 865 575 290 538 593 0 315 676 172 807 856 91 3 449 254 193 992 681 597 470 645 573 386 16 226 109 85 682 631 
965 995 3 609 839 510 667 727 692 145 396 22 933 105 123 963 588 846 400 814 647 120 164 968 392 851 541 67 388 12 880 458 495 791 259 947 312 532 717 416 477 97 831 984 589 479 178 921 113 954 571 606 224 423 572 164 315 0 835 332 514 122 359 635 947 54 949 974 226 756 830 316 110 278 922 302 621 602 898 91 
472 891 627 621 766 23 133 413 878 802 835 491 440 130 365 64 303 166 332 733 538 666 664 529 628 353 871 52 414 266 146 947 96 647 696 719 958 548 646 687 777 219 916 568 499 925 536 604 652 906 792 769 444 639 438 839 676 835 0 598 470 476 613 47 584 49 81 566 883 412 80 357 770 66 303 176 15 629 401 122 
407 630 501 773 131 98 92 11 310 737 117 79 761 71 340 320 201 247 477 831 581 999 558 874 140 265 421 58 408 913 599 147 297 277 152 36 963 925 868 971 290 477 602 89 958 666 39 332 909 709 666 577 960 633 56 544 172 332 598 0 458 68 231 87 989 884 707 942 781 149 539 603 624 152 1 560 200 81 125 435 
852 336 41 945 759 998 870 934 758 207 814 603 221 36 333 951 144 352 809 982 962 627 977 318 248 182 457 982 695 15 764 926 582 446 102 993 728 253 748 285 931 541 505 187 553 132 456 27 139 214 476 176 441 742 678 75 807 514 470 458 0 492 556 791 614 622 445 789 988 73 541 461 882 608 691 320 949 926 379 890 
832 299 750 808 733 142 42 156 370 307 683 59 449 592 701 885 340 990 220 133 645 479 62 143 64 851 668 437 58 715 876 837 341 348 819 563 963 156 672 985 254 537 81 344 179 231 755 858 862 44 500 561 49 565 809 53 856 122 476 68 492 0 58 527 429 660 503 580 13 62 131 93 538 565 937 446 707 550 67 152 
100 215 595 581 467 646 900 838 702 739 433 352 749 574 761 733 358 886 318 80 820 160 895 534 387 258 17 806 385 198 164 940 840 342 496 317 185 634 55 151 299 7 130 701 759 927 255 524 432 570 231 594 81 857 698 127 91 359 613 231 556 58 0 690 406 576 230 866 458 837 908 129 137 833 507 27 890 34 455 902 
387 136 967 197 891 299 556 200 775 617 694 167 971 910 476 434 420 628 752 370 611 66 807 832 9 875 958 194 303 391 820 501 427 511 389 435 236 188 618 683 335 551 666 444 302 219 193 888 26 997 871 3 17 186 452 965 3 635 47 87 791 527 690 0 536 386 914 949 516 358 838 433 294 283 139 195 701 642 884 106 
42 101 75 16 701 658 595 824 650 449 405 701 367 338 289 720 221 739 736 498 885 958 459 772 467 850 456 353 874 798 255 377 100 452 167 510 137 653 512 190 559 928 77 965 955 217 862 543 756 421 421 412 576 524 447 976 449 947 584 989 614 429 406 536 0 570 465 971 27 654 878 507 790 62 14 816 304 47 270 205 
179 66 727 908 199 237 688 957 70 679 984 818 364 396 848 845 461 986 545 81 138 614 210 750 162 993 965 933 641 702 698 497 72 696 202 642 811 624 90 894 977 674 204 329 262 386 685 687 470 325 227 824 993 297 330 916 254 54 49 884 622 660 576 386 570 0 934 655 470 234 523 827 71 955 473 354 445 667 54 439 
30 879 656 441 470 664 532 956 548 218 703 54 527 933 662 594 537 441 384 844 629 677 116 26 643 196 308 515 39 964 97 710 403 344 571 616 587 54 320 452 418 323 777 449 736 756 812 654 31 466 291 873 611 586 194 20 193 949 81 707 445 503 230 914 465 934 0 903 160 8 367 482 386 20 712 892 810 773 905 977 
305 560 577 799 988 754 405 407 270 907 753 818 943 900 347 491 325 811 692 111 973 696 16 110 187 340 948 162 519 955 715 884 593 195 811 719 650 722 127 683 445 166 261 397 987 79 415 329 84 451 97 185 578 956 363 654 992 974 566 942 789 580 866 949 971 655 903 0 76 303 247 632 588 253 101 821 775 280 892 81 
888 921 838 180 326 930 370 957 819 181 370 111 932 667 678 871 351 787 287 818 240 303 942 213 79 328 529 282 963 307 372 100 826 733 376 110 40 943 576 102 319 177 258 776 460 620 435 99 920 760 692 402 756 665 538 724 681 226 883 781 988 13 458 516 27 470 160 76 0 752 245 878 770 650 316 672 809 323 391 643 
495 983 10 748 793 621 412 973 379 334 279 558 319 45 936 788 193 799 803 10 491 424 734 674 163 283 840 257 474 573 221 58 874 1 593 581 521 767 518 125 530 162 622 504 537 554 413 657 39 385 93 515 786 162 379 69 597 756 412 149 73 62 837 358 654 234 8 303 752 0 708 762 354 599 923 478 856 900 906 510 
451 888 604 408 964 885 114 807 484 463 75 628 799 472 916 187 95 978 798 11 172 414 537 259 443 568 642 779 574 526 186 480 485 703 279 532 670 680 946 10 659 996 276 435 862 751 3 211 295 490 857 281 802 948 238 105 470 830 80 539 541 131 908 838 878 523 367 247 245 708 0 146 537 98 750 990 270 525 269 161 
369 949 686 436 832 404 796 417 997 875 491 806 817 744 330 315 576 516 5 4 808 965 351 236 119 670 351 299 267 670 662 231 828 389 539 619 722 27 181 53 40 75 654 681 883 602 531 211 130 54 428 93 940 627 186 170 645 316 357 603 461 93 129 433 507 827 482 632 878 762 146 0 957 372 757 834 141 407 149 165 
746 412 879 660 587 63 910 951 637 532 676 659 98 736 575 336 978 134 89 324 361 411 47 142 784 485 599 15 50 228 962 200 450 739 938 416 609 836 398 306 668 111 81 847 447 237 761 715 754 866 934 607 188 91 316 399 573 110 770 624 882 538 137 294 790 71 386 588 770 354 537 957 0 567 823 907 209 530 668 914 
623 203 854 497 660 113 708 789 587 777 123 602 737 159 66 778 574 70 389 915 733 622 713 775 371 605 537 1 786 154 23 26 323 57 47 6 357 871 206 327 420 185 448 802 321 96 59 309 603 595 910 137 668 704 194 298 386 278 66 152 608 565 833 283 62 955 20 253 650 599 98 372 567 0 481 591 392 688 490 649 
317 555 810 30 49 485 573 976 840 274 827 237 659 823 355 62 283 528 145 631 731 799 183 201 268 7 517 771 115 770 315 477 977 492 845 223 583 489 391 732 887 703 703 524 983 997 99 763 244 9 293 872 221 413 851 884 16 922 303 1 691 937 507 139 14 473 712 101 316 923 750 757 823 481 0 197 987 185 646 736 
893 369 596 861 462 997 941 405 964 484 914 928 455 365 895 130 85 553 902 379 907 909 773 342 969 577 904 89 626 537 900 569 656 772 282 157 146 683 418 534 151 494 686 424 331 57 201 642 747 109 880 893 632 245 477 288 226 302 176 560 320 446 27 195 816 354 892 821 672 478 990 834 907 591 197 0 526 916 612 146 
345 393 312 861 47 629 490 341 915 217 694 966 581 231 952 675 320 481 884 315 208 190 854 180 325 424 123 882 578 7 251 87 350 345 91 175 991 702 141 990 488 664 553 559 346 217 575 717 671 341 270 399 627 643 141 28 109 621 15 200 949 707 890 701 304 445 810 775 809 856 270 141 209 392 987 526 0 76 921 517 
925 192 212 650 44 290 915 382 515 976 52 636 116 21 895 563 541 432 117 510 988 717 777 516 28 858 362 542 478 511 468 894 66 288 596 627 515 615 209 113 831 397 344 459 396 89 408 852 95 679 753 516 357 952 829 122 85 602 629 81 926 550 34 642 47 667 773 280 323 900 525 407 530 688 185 916 76 0 185 754 
454 242 22 396 65 553 529 59 100 735 598 83 3 978 603 552 308 632 498 317 183 137 472 941 389 759 140 340 67 884 891 544 714 997 974 352 718 487 674 215 547 460 16 749 469 517 90 872 618 555 220 772 504 912 920 474 682 898 401 125 379 67 455 884 270 54 905 892 391 906 269 149 668 490 646 612 921 185 0 10 
459 499 167 800 932 543 909 243 841 469 164 957 938 88 755 765 144 388 11 831 349 369 144 297 772 9 276 955 4 731 442 846 105 707 181 162 968 199 976 722 950 821 844 885 769 310 231 124 146 310 949 668 519 863 196 344 631 91 122 435 890 152 902 106 205 439 977 81 643 510 161 165 914 649 736 146 517 754 10 0 
