30
0 822 416 611 968 607 178 880 406 911 340 690 735 636 292 265 407 983 122 471 567 828 74 1000 93 19 565 369 506 367 
822 0 770 757 540 538 367 508 496 544 387 901 806 78 590 540 714 882 804 472 864 926 942 782 753 367 781 197 385 345 
416 770 0 917 891 63 687 647 955 224 365 462 719 909 200 971 714 278 560 606 343 441 409 814 656 686 108 437 790 474 
611 757 917 0 569 986 211 913 903 101 328 941 99 282 516 463 743 586 723 294 556 789 923 115 394 617 908 154 431 563 
968 540 891 569 0 840 890 352 981 363 920 319 573 185 573 25 864 513 475 145 28 290 239 965 12 884 520 800 807 986 
607 538 63 986 840 0 545 423 893 699 205 808 890 94 159 222 809 430 540 733 614 112 110 477 976 584 973 355 873 563 
178 367 687 211 890 545 0 319 237 447 838 388 253 824 933 27 68 983 232 875 224 325 385 445 485 815 985 218 428 448 
880 508 647 913 352 423 319 0 327 257 424 910 229 778 135 144 97 371 942 286 110 546 109 394 572 529 376 803 403 951 
406 496 955 903 981 893 237 327 0 480 788 396 964 602 732 533 381 179 859 989 602 769 218 732 255 713 828 977 654 113 
911 544 224 101 363 699 447 257 480 0 86 199 574 480 122 102 207 277 856 158 756 995 905 71 948 636 604 329 814 462 
340 387 365 328 920 205 838 424 788 86 0 317 768 582 886 499 188 950 678 164 603 142 602 153 67 433 627 168 639 903 
690 901 462 941 319 808 388 910 396 199 317 0 376 148 10 370 52 432 318 39 35 646 205 849 314 972 782 552 822 970 
735 806 719 99 573 890 253 229 964 574 768 376 0 501 851 485 456 992 86 960 59 518 586 578 509 840 953 8 849 323 
636 78 909 282 185 94 824 778 602 480 582 148 501 0 60 281 992 450 667 637 654 867 302 977 649 205 798 970 706 648 
292 590 200 516 573 159 933 135 732 122 886 10 851 60 0 806 513 992 244 472 50 761 410 979 621 249 932 629 450 606 
265 540 971 463 25 222 27 144 533 102 499 370 485 281 806 0 40 730 597 489 748 585 143 615 238 119 615 443 269 936 
407 714 714 743 864 809 68 97 381 207 188 52 456 992 513 40 0 148 268 741 660 259 984 483 660 97 244 639 717 493 
983 882 278 586 513 430 983 371 179 277 950 432 992 450 992 730 148 0 922 697 942 527 736 23 475 225 770 59 719 736 
122 804 560 723 475 540 232 942 859 856 678 318 86 667 244 597 268 922 0 296 837 350 738 457 285 237 725 378 248 983 
471 472 606 294 145 733 875 286 989 158 164 39 960 637 472 489 741 697 296 0 361 83 995 809 326 633 526 170 906 574 
567 864 343 556 28 614 224 110 602 756 603 35 59 654 50 748 660 942 837 361 0 463 432 310 485 258 886 607 316 604 
828 926 441 789 290 112 325 546 769 995 142 646 518 867 761 585 259 527 350 83 463 0 694 963 440 44 53 249 680 641 
74 942 409 923 239 110 385 109 218 905 602 205 586 302 410 143 984 736 738 995 432 694 0 973 57 889 307 770 323 301 
1000 782 814 115 965 477 445 394 732 71 153 849 578 977 979 615 483 23 457 809 310 963 973 0 578 648 285 455 818 190 
93 753 656 394 12 976 485 572 255 948 67 314 509 649 621 238 660 475 285 326 485 440 57 578 0 29 280 973 690 117 
19 367 686 617 884 584 815 529 713 636 433 972 840 205 249 119 97 225 237 633 258 44 889 648 29 0 230 575 75 897 
565 781 108 908 520 973 985 376 828 604 627 782 953 798 932 615 244 770 725 526 886 53 307 285 280 230 0 178 768 860 
369 197 437 154 800 355 218 803 977 329 168 552 8 970 629 443 639 59 378 170 607 249 770 455 973 575 178 0 969 163 
506 385 790 431 807 873 428 403 654 814 639 822 849 706 450 269 717 719 248 906 316 680 323 818 690 75 768 969 0 264 
367 345 474 563 986 563 448 951 113 462 903 970 323 648 606 936 493 736 983 574 604 641 301 190 117 897 860 163 264 0 
