80
0 148 997 516 960 549 383 506 505 618 762 694 842 215 361 877 686 834 730 74 220 892 285 476 103 831 161 584 967 601 754 228 748 750 95 59 651 829 917 155 446 30 848 287 245 208 163 282 42 893 355 613 136 991 440 239 822 952 822 788 552 927 367 652 677 813 62 679 641 978 833 87 8 33 373 604 240 888 885 633 
148 0 132 591 597 267 581 388 505 402 340 678 542 891 605 260 894 633 73 956 663 713 285 495 799 292 879 524 247 471 763 483 455 894 73 52 160 6 439 17 407 778 46 300 21 2 560 914 634 984 869 296 696 154 143 847 797 21 722 396 491 484 878 946 377 303 349 888 308 139 256 66 917 654 366 289 655 277 202 641 
997 132 0 260 423 288 955 928 430 153 76 803 874 471 645 357 349 942 85 3 642 325 310 781 932 375 49 585 92 337 240 368 890 880 979 312 167 286 591 949 438 667 103 664 137 747 20 837 41 457 839 682 133 500 462 416 875 510 1 318 198 592 686 88 823 16 751 341 301 342 641 91 8 743 754 496 842 125 685 882 
516 591 260 0 581 875 915 65 375 729 481 601 590 833 918 788 424 955 227 598 971 977 938 271 318 931 713 677 673 466 525 866 591 209 99 523 83 14 940 809 94 420 409 683 252 327 822 27 281 48 624 251 377 913 874 694 843 938 723 868 404 247 733 346 807 184 868 889 197 807 50 642 578 458 324 181 784 498 559 417 
960 597 423 581 0 897 534 667 273 447 892 319 641 830 41 860 585 639 945 930 445 128 149 685 676 308 734 317 237 192 992 418 327 489 976 743 738 510 762 10 308 5 328 300 186 720 160 770 358 104 51 154 583 200 839 258 859 924 926 95 115 917 512 794 758 840 536 495 701 649 856 8 654 536 307 839 255 818 961 965 
549 267 288 875 897 0 273 11 470 855 562 308 464 420 232 389 515 698 306 378 491 415 217 379 909 269 27 116 276 32 651 935 223 258 104 535 574 377 545 43 583 459 351 47 878 934 787 744 983 92 474 826 858 42 204 766 311 582 882 938 966 884 872 188 141 976 722 714 704 618 757 286 428 459 684 658 392 471 401 726 
383 581 955 915 534 273 0 914 226 551 772 268 754 889 930 688 122 867 653 6 91 192 146 66 265 860 121 882 968 406 310 426 442 319 169 912 71 894 177 297 445 300 916 550 189 845 237 310 63 889 315 153 80 813 218 344 24 338 578 991 96 239 416 537 557 936 800 627 829 328 275 273 628 190 823 816 386 411 477 449 
506 388 928 65 667 11 914 0 300 144 601 731 956 171 427 979 860 356 969 307 594 736 195 502 23 994 480 851 674 755 476 301 296 650 468 34 60 944 834 711 87 434 794 42 956 220 372 168 575 692 474 520 779 669 373 801 14 852 652 687 958 479 339 606 128 806 639 539 750 472 602 188 257 395 230 565 966 953 732 892 
505 505 430 375 273 470 226 300 0 645 205 763 423 225 135 224 239 338 227 277 296 57 616 901 536 421 891 74 522 714 27 710 322 773 291 886 738 243 617 981 239 174 743 662 398 877 237 636 567 815 913 862 871 528 114 406 300 356 831 822 69 858 531 390 630 821 628 720 415 244 700 654 417 443 667 815 671 903 802 237 
618 402 153 729 447 855 551 144 645 0 69 66 450 939 593 915 344 245 270 526 66 690 383 948 80 365 120 707 84 534 302 783 539 71 577 205 237 600 459 38 188 527 104 638 465 48 904 160 292 174 686 709 863 420 656 294 784 127 352 867 661 6 2 551 76 930 756 312 529 214 701 717 741 156 706 557 204 609 717 847 
762 340 76 481 892 562 772 601 205 69 0 134 754 556 997 525 563 642 309 690 994 527 702 351 880 252 426 810 7 89 338 573 789 406 313 297 463 221 500 424 937 698 557 42 253 905 567 168 899 227 857 244 753 558 594 633 161 371 794 168 459 483 740 599 241 404 895 703 624 746 478 913 444 387 954 48 643 872 215 541 
694 678 803 601 319 308 268 731 763 66 134 0 98 423 784 203 332 729 187 493 99 980 660 557 814 751 508 54 154 402 109 777 148 586 41 591 324 347 990 967 218 205 859 668 979 995 222 311 723 408 803 822 739 462 730 552 212 237 958 717 991 66 845 138 651 886 80 327 584 421 293 801 625 151 820 604 145 41 914 220 
842 542 874 590 641 464 754 956 423 450 754 98 0 800 68 393 890 529 122 794 92 711 751 160 701 168 4 190 818 241 621 144 824 41 788 977 18 939 796 973 435 189 238 654 340 305 46 582 833 520 375 276 582 477 435 634 644 790 823 813 383 795 309 206 835 96 534 852 386 682 176 173 222 413 178 561 717 576 494 901 
215 891 471 833 830 420 889 171 225 939 556 423 800 0 95 220 176 28 48 962 661 691 104 483 856 486 277 164 43 463 611 929 667 349 610 842 873 831 255 50 743 971 625 589 872 71 808 399 98 856 713 758 898 168 592 753 5 220 268 399 683 231 327 349 931 288 190 803 470 796 204 565 767 829 153 990 251 312 740 701 
361 605 645 918 41 232 930 427 135 593 997 784 68 95 0 167 804 810 417 971 402 521 327 973 141 726 7 723 404 355 653 692 897 807 161 692 10 725 810 190 229 799 793 541 891 493 707 694 302 475 17 55 996 343 380 136 420 386 858 824 741 862 867 989 668 27 32 29 104 842 219 332 992 363 872 882 855 931 928 508 
877 260 357 788 860 389 688 979 224 915 525 203 393 220 167 0 405 296 915 752 638 294 239 410 679 96 585 771 309 451 759 328 477 791 357 932 984 927 264 975 289 487 209 495 769 488 2 174 783 916 277 772 209 516 181 888 963 765 10 272 215 769 599 44 911 955 327 894 233 590 220 521 429 428 367 197 915 369 722 697 
686 894 349 424 585 515 122 860 239 344 563 332 890 176 804 405 0 636 999 821 845 866 1 84 828 118 93 99 332 213 698 727 123 4 54 368 237 995 588 109 775 367 828 972 634 196 45 682 831 395 502 27 260 855 462 88 972 555 186 655 119 235 382 594 239 787 961 827 133 900 287 908 619 114 231 252 661 275 933 844 
834 633 942 955 639 698 867 356 338 245 642 729 529 28 810 296 636 0 22 787 870 281 641 332 720 612 238 258 618 356 492 351 949 82 137 262 260 270 161 899 529 131 364 759 382 25 385 667 868 406 453 89 39 93 772 110 56 9 367 673 717 859 24 17 292 512 278 552 133 791 802 661 921 165 771 655 189 156 321 408 
730 73 85 227 945 306 653 969 227 270 309 187 122 48 417 915 999 22 0 913 125 849 303 217 620 413 624 981 779 648 49 989 671 65 633 535 695 536 667 837 337 680 109 501 450 763 42 957 435 801 870 559 649 524 127 621 936 102 953 67 750 1 407 772 417 39 306 463 574 325 651 262 4 760 115 805 874 508 762 661 
74 956 3 598 930 378 6 307 277 526 690 493 794 962 971 752 821 787 913 0 308 983 219 309 506 698 929 442 799 233 860 548 233 266 320 649 657 977 464 582 653 114 196 8 873 310 813 99 817 574 759 124 908 329 784 413 378 64 206 177 296 65 76 528 683 747 529 691 76 992 624 728 457 819 736 682 128 548 780 296 
220 663 642 971 445 491 91 594 296 66 994 99 92 661 402 638 845 870 125 308 0 473 890 772 732 570 555 144 948 971 350 476 266 766 551 146 800 650 674 842 725 17 466 452 473 636 539 154 116 438 285 411 910 526 534 641 96 441 137 395 411 838 870 676 955 772 821 107 421 846 948 497 862 765 301 687 753 839 192 868 
892 713 325 977 128 415 192 736 57 690 527 980 711 691 521 294 866 281 849 983 473 0 277 477 630 538 2 164 531 449 956 667 843 366 856 712 41 810 836 214 916 256 59 216 105 273 980 405 959 84 243 502 951 871 978 933 409 332 448 939 780 403 957 975 768 812 686 160 973 521 373 241 129 784 456 233 56 787 989 366 
285 285 310 938 149 217 146 195 616 383 702 660 751 104 327 239 1 641 303 219 890 277 0 871 583 867 173 454 197 105 214 880 904 152 11 658 460 985 777 623 23 937 947 895 661 187 375 796 642 959 203 429 947 568 651 530 787 823 983 335 280 196 214 183 699 224 193 510 561 969 484 935 905 430 829 918 617 204 713 610 
476 495 781 271 685 379 66 502 901 948 351 557 160 483 973 410 84 332 217 309 772 477 871 0 514 916 38 461 835 40 342 621 863 676 955 494 871 520 28 921 96 220 782 8 189 265 942 445 46 770 362 14 325 427 624 839 694 13 651 528 53 992 501 267 667 807 760 889 679 787 161 774 359 942 781 547 558 722 991 955 
103 799 932 318 676 909 265 23 536 80 880 814 701 856 141 679 828 720 620 506 732 630 583 514 0 843 705 969 520 131 592 358 176 604 360 703 656 351 555 922 17 362 33 257 40 820 417 165 530 710 945 76 619 18 418 573 860 474 541 379 604 484 88 131 88 447 834 95 797 388 17 165 101 49 421 492 220 189 656 749 
831 292 375 931 308 269 860 994 421 365 252 751 168 486 726 96 118 612 413 698 570 538 867 916 843 0 898 600 176 868 617 946 441 829 419 333 207 375 817 647 505 256 93 690 350 242 430 366 406 530 767 179 22 338 367 677 439 617 629 966 836 597 911 276 425 682 961 984 56 129 630 912 384 74 602 733 315 31 451 721 
161 879 49 713 734 27 121 480 891 120 426 508 4 277 7 585 93 238 624 929 555 2 173 38 705 898 0 912 569 251 933 906 969 962 696 585 942 662 421 538 924 48 315 605 8 650 12 488 631 924 871 704 877 604 371 259 54 91 170 622 693 455 879 661 416 575 246 357 236 18 246 511 417 912 116 777 913 479 264 543 
584 524 585 677 317 116 882 851 74 707 810 54 190 164 723 771 99 258 981 442 144 164 454 461 969 600 912 0 754 135 599 630 90 969 888 495 411 58 116 103 512 346 115 279 920 712 987 507 729 584 18 498 496 485 274 408 963 537 303 717 23 901 698 112 221 586 606 983 995 73 437 858 771 551 136 690 263 474 549 991 
967 247 92 673 237 276 968 674 522 84 7 154 818 43 404 309 332 618 779 799 948 531 197 835 520 176 569 754 0 57 918 840 904 402 113 664 716 2 966 784 376 218 482 840 790 419 445 772 413 870 208 622 640 758 757 681 20 582 581 363 638 498 554 894 251 667 557 967 20 522 750 395 91 583 234 880 1 31 3 765 
601 471 337 466 192 32 406 755 714 534 89 402 241 463 355 451 213 356 648 233 971 449 105 40 131 868 251 135 57 0 252 210 386 243 319 494 923 691 75 856 405 65 353 958 958 604 624 514 922 995 387 23 742 477 606 327 356 958 709 710 723 960 919 108 554 589 602 829 279 28 684 683 92 36 641 49 991 616 562 912 
754 763 240 525 992 651 310 476 27 302 338 109 621 611 653 759 698 492 49 860 350 956 214 342 592 617 933 599 918 252 0 963 948 935 704 776 892 30 483 849 91 192 923 402 110 383 956 699 336 784 329 363 819 12 455 854 4 503 197 619 417 108 581 716 394 636 492 637 18 974 838 108 166 760 509 627 142 816 677 477 
228 483 368 866 418 935 426 301 710 783 573 777 144 929 692 328 727 351 989 548 476 667 880 621 358 946 906 630 840 210 963 0 951 6 192 769 369 646 623 372 500 171 342 268 278 275 984 24 910 475 660 279 800 497 386 317 609 247 944 102 62 620 931 13 977 122 781 345 119 755 68 970 925 410 238 555 684 221 578 945 
748 455 890 591 327 223 442 296 322 539 789 148 824 667 897 477 123 949 671 233 266 843 904 863 176 441 969 90 904 386 948 951 0 47 589 224 198 438 609 515 398 207 810 499 269 781 781 633 758 254 765 454 372 872 522 342 796 931 931 702 614 503 631 910 901 220 133 98 9 94 612 406 300 773 256 920 554 37 904 311 
750 894 880 209 489 258 319 650 773 71 406 586 41 349 807 791 4 82 65 266 766 366 152 676 604 829 962 969 402 243 935 6 47 0 290 669 764 14 540 637 707 687 567 637 389 532 139 19 442 39 238 926 488 246 19 452 3 671 224 259 590 777 295 494 439 936 514 555 949 53 191 655 739 110 643 127 641 133 498 434 
95 73 979 99 976 104 169 468 291 577 313 41 788 610 161 357 54 137 633 320 551 856 11 955 360 419 696 888 113 319 704 192 589 290 0 523 87 712 11 333 730 462 687 400 37 945 342 814 591 187 604 527 700 158 475 752 349 482 842 458 124 321 450 257 818 236 131 904 947 141 588 28 954 275 780 991 571 121 156 162 
59 52 312 523 743 535 912 34 886 205 297 591 977 842 692 932 368 262 535 649 146 712 658 494 703 333 585 495 664 494 776 769 224 669 523 0 659 759 688 358 269 514 461 617 347 302 426 823 974 227 431 791 814 561 695 112 702 634 140 7 260 271 997 831 391 504 992 401 615 31 758 883 544 570 851 891 871 276 713 845 
651 160 167 83 738 574 71 60 738 237 463 324 18 873 10 984 237 260 695 657 800 41 460 871 656 207 942 411 716 923 892 369 198 764 87 659 0 854 143 987 668 703 33 131 756 667 270 763 926 540 111 108 282 615 99 682 581 129 791 463 25 360 313 915 583 940 979 779 145 473 765 164 527 798 295 283 816 564 397 93 
829 6 286 14 510 377 894 944 243 600 221 347 939 831 725 927 995 270 536 977 650 810 985 520 351 375 662 58 2 691 30 646 438 14 712 759 854 0 456 507 201 89 473 651 123 53 132 913 515 156 273 179 422 207 118 752 985 615 224 749 778 750 898 72 384 65 988 780 510 443 287 62 531 111 712 5 164 195 918 30 
917 439 591 940 762 545 177 834 617 459 500 990 796 255 810 264 588 161 667 464 674 836 777 28 555 817 421 116 966 75 483 623 609 540 11 688 143 456 0 702 542 209 123 748 678 874 84 292 449 184 70 551 82 493 934 498 480 66 7 922 352 68 805 462 132 809 977 678 78 7 380 619 567 502 718 244 728 801 888 528 
155 17 949 809 10 43 297 711 981 38 424 967 973 50 190 975 109 899 837 582 842 214 623 921 922 647 538 103 784 856 849 372 515 637 333 358 987 507 702 0 985 957 78 418 801 364 267 281 429 626 554 132 45 710 945 528 519 922 206 948 928 585 919 494 438 636 89 517 789 976 45 125 284 122 894 85 485 512 717 265 
446 407 438 94 308 583 445 87 239 188 937 218 435 743 229 289 775 529 337 653 725 916 23 96 17 505 924 512 376 405 91 500 398 707 730 269 668 201 542 985 0 137 270 396 182 980 341 709 850 262 266 797 541 850 715 386 640 703 826 156 843 154 200 967 437 674 212 873 510 723 589 775 860 211 170 393 190 862 453 39 
30 778 667 420 5 459 300 434 174 527 698 205 189 971 799 487 367 131 680 114 17 256 937 220 362 256 48 346 218 65 192 171 207 687 462 514 703 89 209 957 137 0 475 719 187 367 920 254 752 559 956 930 67 798 83 266 116 871 939 327 96 801 49 684 575 260 246 744 4 435 958 457 825 432 527 12 799 798 265 902 
848 46 103 409 328 351 916 794 743 104 557 859 238 625 793 209 828 364 109 196 466 59 947 782 33 93 315 115 482 353 923 342 810 567 687 461 33 473 123 78 270 475 0 709 572 831 775 369 265 392 484 136 331 810 231 131 210 266 57 470 512 152 825 298 109 281 123 541 159 486 339 957 750 240 665 321 423 791 41 687 
287 300 664 683 300 47 550 42 662 638 42 668 654 589 541 495 972 759 501 8 452 216 895 8 257 690 605 279 840 958 402 268 499 637 400 617 131 651 748 418 396 719 709 0 182 876 174 864 37 756 346 246 22 402 67 885 554 892 182 14 524 656 554 683 141 244 991 890 836 7 562 258 797 954 296 978 829 822 194 865 
245 21 137 252 186 878 189 956 398 465 253 979 340 872 891 769 634 382 450 873 473 105 661 189 40 350 8 920 790 958 110 278 269 389 37 347 756 123 678 801 182 187 572 182 0 577 539 111 598 293 529 834 846 772 16 211 296 671 765 978 164 360 320 405 195 326 967 804 122 272 452 451 101 273 644 965 849 183 427 799 
208 2 747 327 720 934 845 220 877 48 905 995 305 71 493 488 196 25 763 310 636 273 187 265 820 242 650 712 419 604 383 275 781 532 945 302 667 53 874 364 980 367 831 876 577 0 827 308 632 672 79 999 234 726 22 350 703 185 710 374 589 256 699 907 412 820 179 863 271 631 487 266 947 687 800 726 485 626 33 469 
163 560 20 822 160 787 237 372 237 904 567 222 46 808 707 2 45 385 42 813 539 980 375 942 417 430 12 987 445 624 956 984 781 139 342 426 270 132 84 267 341 920 775 174 539 827 0 649 463 819 883 189 840 232 243 376 941 617 317 549 315 575 960 135 105 174 757 735 12 22 34 698 822 759 535 799 143 355 448 605 
282 914 837 27 770 744 310 168 636 160 168 311 582 399 694 174 682 667 957 99 154 405 796 445 165 366 488 507 772 514 699 24 633 19 814 823 763 913 292 281 709 254 369 864 111 308 649 0 173 330 793 365 913 36 92 206 652 408 754 318 335 65 804 439 590 560 526 601 934 911 650 107 669 184 905 811 538 704 415 63 
42 634 41 281 358 983 63 575 567 292 899 723 833 98 302 783 831 868 435 817 116 959 642 46 530 406 631 729 413 922 336 910 758 442 591 974 926 515 449 429 850 752 265 37 598 632 463 173 0 385 560 427 298 947 870 503 598 630 608 267 964 24 71 754 613 630 631 565 915 541 214 21 561 750 926 371 639 981 138 701 
893 984 457 48 104 92 889 692 815 174 227 408 520 856 475 916 395 406 801 574 438 84 959 770 710 530 924 584 870 995 784 475 254 39 187 227 540 156 184 626 262 559 392 756 293 672 819 330 385 0 366 697 479 663 643 349 517 592 978 476 210 941 499 280 46 463 910 677 27 824 217 240 197 778 989 474 500 980 454 989 
355 869 839 624 51 474 315 474 913 686 857 803 375 713 17 277 502 453 870 759 285 243 203 362 945 767 871 18 208 387 329 660 765 238 604 431 111 273 70 554 266 956 484 346 529 79 883 793 560 366 0 680 819 37 159 833 31 859 349 974 836 176 184 128 674 463 173 136 724 849 514 548 418 754 96 547 94 569 398 73 
613 296 682 251 154 826 153 520 862 709 244 822 276 758 55 772 27 89 559 124 411 502 429 14 76 179 704 498 622 23 363 279 454 926 527 791 108 179 551 132 797 930 136 246 834 999 189 365 427 697 680 0 22 387 105 193 423 615 25 454 473 726 779 308 901 962 435 927 425 959 414 148 808 928 47 577 33 142 123 478 
136 696 133 377 583 858 80 779 871 863 753 739 582 898 996 209 260 39 649 908 910 951 947 325 619 22 877 496 640 742 819 800 372 488 700 814 282 422 82 45 541 67 331 22 846 234 840 913 298 479 819 22 0 710 872 903 84 258 359 276 33 973 652 838 445 377 616 104 630 578 890 908 2 848 321 501 655 600 548 583 
991 154 500 913 200 42 813 669 528 420 558 462 477 168 343 516 855 93 524 329 526 871 568 427 18 338 604 485 758 477 12 497 872 246 158 561 615 207 493 710 850 798 810 402 772 726 232 36 947 663 37 387 710 0 984 689 57 814 751 929 716 186 538 74 461 570 398 112 407 842 841 375 297 822 952 186 729 305 33 401 
440 143 462 874 839 204 218 373 114 656 594 730 435 592 380 181 462 772 127 784 534 978 651 624 418 367 371 274 757 606 455 386 522 19 475 695 99 118 934 945 715 83 231 67 16 22 243 92 870 643 159 105 872 984 0 805 40 353 704 622 336 745 679 501 495 959 216 680 496 641 492 418 38 955 824 231 147 198 527 968 
239 847 416 694 258 766 344 801 406 294 633 552 634 753 136 888 88 110 621 413 641 933 530 839 573 677 259 408 681 327 854 317 342 452 752 112 682 752 498 528 386 266 131 885 211 350 376 206 503 349 833 193 903 689 805 0 501 712 48 805 745 449 962 784 153 665 757 840 409 787 341 255 745 908 286 593 549 129 10 938 
822 797 875 843 859 311 24 14 300 784 161 212 644 5 420 963 972 56 936 378 96 409 787 694 860 439 54 963 20 356 4 609 796 3 349 702 581 985 480 519 640 116 210 554 296 703 941 652 598 517 31 423 84 57 40 501 0 84 833 521 230 383 399 550 235 111 597 392 207 397 353 342 549 369 98 741 130 237 81 736 
952 21 510 938 924 582 338 852 356 127 371 237 790 220 386 765 555 9 102 64 441 332 823 13 474 617 91 537 582 958 503 247 931 671 482 634 129 615 66 922 703 871 266 892 671 185 617 408 630 592 859 615 258 814 353 712 84 0 981 988 374 573 888 502 582 178 937 767 50 167 501 448 68 735 558 664 478 116 413 830 
822 722 1 723 926 882 578 652 831 352 794 958 823 268 858 10 186 367 953 206 137 448 983 651 541 629 170 303 581 709 197 944 931 224 842 140 791 224 7 206 826 939 57 182 765 710 317 754 608 978 349 25 359 751 704 48 833 981 0 809 313 551 259 53 680 495 133 767 475 473 140 400 712 642 333 241 578 99 290 96 
788 396 318 868 95 938 991 687 822 867 168 717 813 399 824 272 655 673 67 177 395 939 335 528 379 966 622 717 363 710 619 102 702 259 458 7 463 749 922 948 156 327 470 14 978 374 549 318 267 476 974 454 276 929 622 805 521 988 809 0 951 738 163 686 647 179 163 763 591 345 923 903 247 181 308 278 675 440 44 150 
552 491 198 404 115 966 96 958 69 661 459 991 383 683 741 215 119 717 750 296 411 780 280 53 604 836 693 23 638 723 417 62 614 590 124 260 25 778 352 928 843 96 512 524 164 589 315 335 964 210 836 473 33 716 336 745 230 374 313 951 0 264 184 901 328 177 233 568 754 684 858 202 634 947 716 671 593 246 186 707 
927 484 592 247 917 884 239 479 858 6 483 66 795 231 862 769 235 859 1 65 838 403 196 992 484 597 455 901 498 960 108 620 503 777 321 271 360 750 68 585 154 801 152 656 360 256 575 65 24 941 176 726 973 186 745 449 383 573 551 738 264 0 188 530 630 443 128 810 750 405 837 541 448 338 157 983 238 484 159 822 
367 878 686 733 512 872 416 339 531 2 740 845 309 327 867 599 382 24 407 76 870 957 214 501 88 911 879 698 554 919 581 931 631 295 450 997 313 898 805 919 200 49 825 554 320 699 960 804 71 499 184 779 652 538 679 962 399 888 259 163 184 188 0 403 265 505 612 818 139 558 533 161 503 131 346 561 318 227 542 112 
652 946 88 346 794 188 537 606 390 551 599 138 206 349 989 44 594 17 772 528 676 975 183 267 131 276 661 112 894 108 716 13 910 494 257 831 915 72 462 494 967 684 298 683 405 907 135 439 754 280 128 308 838 74 501 784 550 502 53 686 901 530 403 0 354 704 861 758 540 754 558 877 910 540 466 745 699 287 147 315 
677 377 823 807 758 141 557 128 630 76 241 651 835 931 668 911 239 292 417 683 955 768 699 667 88 425 416 221 251 554 394 977 901 439 818 391 583 384 132 438 437 575 109 141 195 412 105 590 613 46 674 901 445 461 495 153 235 582 680 647 328 630 265 354 0 792 759 132 282 668 16 442 170 146 788 83 816 366 624 927 
813 303 16 184 840 976 936 806 821 930 404 886 96 288 27 955 787 512 39 747 772 812 224 807 447 682 575 586 667 589 636 122 220 936 236 504 940 65 809 636 674 260 281 244 326 820 174 560 630 463 463 962 377 570 959 665 111 178 495 179 177 443 505 704 792 0 720 679 788 829 570 893 386 446 802 926 263 546 976 550 
62 349 751 868 536 722 800 639 628 756 895 80 534 190 32 327 961 278 306 529 821 686 193 760 834 961 246 606 557 602 492 781 133 514 131 992 979 988 977 89 212 246 123 991 967 179 757 526 631 910 173 435 616 398 216 757 597 937 133 163 233 128 612 861 759 720 0 692 642 693 802 773 974 470 140 767 639 286 906 73 
679 888 341 889 495 714 627 539 720 312 703 327 852 803 29 894 827 552 463 691 107 160 510 889 95 984 357 983 967 829 637 345 98 555 904 401 779 780 678 517 873 744 541 890 804 863 735 601 565 677 136 927 104 112 680 840 392 767 767 763 568 810 818 758 132 679 692 0 101 272 697 379 343 727 518 171 297 410 557 94 
641 308 301 197 701 704 829 750 415 529 624 584 386 470 104 233 133 133 574 76 421 973 561 679 797 56 236 995 20 279 18 119 9 949 947 615 145 510 78 789 510 4 159 836 122 271 12 934 915 27 724 425 630 407 496 409 207 50 475 591 754 750 139 540 282 788 642 101 0 211 834 357 756 161 906 800 802 950 601 926 
978 139 342 807 649 618 328 472 244 214 746 421 682 796 842 590 900 791 325 992 846 521 969 787 388 129 18 73 522 28 974 755 94 53 141 31 473 443 7 976 723 435 486 7 272 631 22 911 541 824 849 959 578 842 641 787 397 167 473 345 684 405 558 754 668 829 693 272 211 0 275 70 65 41 61 702 299 133 154 570 
833 256 641 50 856 757 275 602 700 701 478 293 176 204 219 220 287 802 651 624 948 373 484 161 17 630 246 437 750 684 838 68 612 191 588 758 765 287 380 45 589 958 339 562 452 487 34 650 214 217 514 414 890 841 492 341 353 501 140 923 858 837 533 558 16 570 802 697 834 275 0 181 533 912 908 50 434 556 460 990 
87 66 91 642 8 286 273 188 654 717 913 801 173 565 332 521 908 661 262 728 497 241 935 774 165 912 511 858 395 683 108 970 406 655 28 883 164 62 619 125 775 457 957 258 451 266 698 107 21 240 548 148 908 375 418 255 342 448 400 903 202 541 161 877 442 893 773 379 357 70 181 0 649 22 175 5 778 335 262 929 
8 917 8 578 654 428 628 257 417 741 444 625 222 767 992 429 619 921 4 457 862 129 905 359 101 384 417 771 91 92 166 925 300 739 954 544 527 531 567 284 860 825 750 797 101 947 822 669 561 197 418 808 2 297 38 745 549 68 712 247 634 448 503 910 170 386 974 343 756 65 533 649 0 488 563 881 413 837 951 830 
33 654 743 458 536 459 190 395 443 156 387 151 413 829 363 428 114 165 760 819 765 784 430 942 49 74 912 551 583 36 760 410 773 110 275 570 798 111 502 122 211 432 240 954 273 687 759 184 750 778 754 928 848 822 955 908 369 735 642 181 947 338 131 540 146 446 470 727 161 41 912 22 488 0 230 363 531 528 495 685 
373 366 754 324 307 684 823 230 667 706 954 820 178 153 872 367 231 771 115 736 301 456 829 781 421 602 116 136 234 641 509 238 256 643 780 851 295 712 718 894 170 527 665 296 644 800 535 905 926 989 96 47 321 952 824 286 98 558 333 308 716 157 346 466 788 802 140 518 906 61 908 175 563 230 0 449 28 569 712 287 
604 289 496 181 839 658 816 565 815 557 48 604 561 990 882 197 252 655 805 682 687 233 918 547 492 733 777 690 880 49 627 555 920 127 991 891 283 5 244 85 393 12 321 978 965 726 799 811 371 474 547 577 501 186 231 593 741 664 241 278 671 983 561 745 83 926 767 171 800 702 50 5 881 363 449 0 618 145 842 429 
240 655 842 784 255 392 386 966 671 204 643 145 717 251 855 915 661 189 874 128 753 56 617 558 220 315 913 263 1 991 142 684 554 641 571 871 816 164 728 485 190 799 423 829 849 485 143 538 639 500 94 33 655 729 147 549 130 478 578 675 593 238 318 699 816 263 639 297 802 299 434 778 413 531 28 618 0 487 842 451 
888 277 125 498 818 471 411 953 903 609 872 41 576 312 931 369 275 156 508 548 839 787 204 722 189 31 479 474 31 616 816 221 37 133 121 276 564 195 801 512 862 798 791 822 183 626 355 704 981 980 569 142 600 305 198 129 237 116 99 440 246 484 227 287 366 546 286 410 950 133 556 335 837 528 569 145 487 0 661 847 
885 202 685 559 961 401 477 732 802 717 215 914 494 740 928 722 933 321 762 780 192 989 713 991 656 451 264 549 3 562 677 578 904 498 156 713 397 918 888 717 453 265 41 194 427 33 448 415 138 454 398 123 548 33 527 10 81 413 290 44 186 159 542 147 624 976 906 557 601 154 460 262 951 495 712 842 842 661 0 580 
633 641 882 417 965 726 449 892 237 847 541 220 901 701 508 697 844 408 661 296 868 366 610 955 749 721 543 991 765 912 477 945 311 434 162 845 93 30 528 265 39 902 687 865 799 469 605 63 701 989 73 478 583 401 968 938 736 830 96 150 707 822 112 315 927 550 73 94 926 570 990 929 830 685 287 429 451 847 580 0 
