40
0 385 985 135 146 782 421 40 900 504 170 479 288 908 183 893 404 789 630 27 423 281 163 865 823 323 714 735 298 445 801 761 182 137 896 327 918 668 367 170 
385 0 171 888 648 459 147 182 703 550 970 685 929 745 965 443 609 787 765 674 873 414 118 25 175 651 162 422 330 431 89 48 600 611 935 599 421 81 132 476 
985 171 0 982 102 160 910 198 124 352 806 263 469 479 135 882 948 160 408 599 673 829 928 455 269 975 55 880 261 5 652 341 137 127 322 590 638 584 787 762 
135 888 982 0 287 944 376 755 422 862 989 721 373 396 671 45 225 950 852 493 276 906 724 536 262 376 876 750 854 550 339 844 133 477 605 419 420 332 526 841 
146 648 102 287 0 193 514 914 918 261 584 314 485 534 165 330 809 422 53 697 684 780 572 433 986 121 124 829 605 600 785 24 20 468 549 212 12 414 477 929 
782 459 160 944 193 0 674 61 243 511 946 407 840 106 829 244 802 864 376 726 296 713 198 771 541 803 371 677 826 742 144 726 953 155 491 430 436 516 842 678 
421 147 910 376 514 674 0 26 139 84 217 596 264 461 398 127 188 475 775 900 672 545 792 474 267 820 651 8 963 728 313 469 218 94 904 86 287 581 111 425 
40 182 198 755 914 61 26 0 17 328 20 632 140 769 759 679 243 885 578 267 429 721 740 696 540 391 55 854 470 367 322 40 812 578 125 98 510 235 874 526 
900 703 124 422 918 243 139 17 0 914 246 158 405 14 268 83 609 152 660 875 932 732 966 627 271 708 34 124 178 752 798 217 564 375 341 13 884 927 887 762 
504 550 352 862 261 511 84 328 914 0 841 132 919 597 497 538 680 457 689 691 683 620 423 649 599 693 356 632 169 885 735 966 101 298 692 793 663 575 720 549 
170 970 806 989 584 946 217 20 246 841 0 336 912 32 606 508 528 143 187 337 831 878 19 803 652 667 401 696 375 384 864 259 118 181 360 768 872 504 430 799 
479 685 263 721 314 407 596 632 158 132 336 0 223 330 134 486 361 92 346 240 234 532 576 417 761 595 219 764 613 971 460 987 706 675 246 823 856 957 942 79 
288 929 469 373 485 840 264 140 405 919 912 223 0 460 723 877 683 52 363 520 412 454 865 4 39 749 579 807 861 525 377 625 138 347 436 124 52 110 369 227 
908 745 479 396 534 106 461 769 14 597 32 330 460 0 317 325 168 396 137 243 624 171 294 986 690 58 791 555 61 182 655 991 988 515 516 365 491 5 711 926 
183 965 135 671 165 829 398 759 268 497 606 134 723 317 0 128 115 36 849 341 352 525 860 99 661 102 723 831 748 60 873 805 851 779 217 32 433 207 371 299 
893 443 882 45 330 244 127 679 83 538 508 486 877 325 128 0 74 735 790 78 798 715 558 912 750 758 604 454 282 815 552 295 269 274 125 16 334 997 172 536 
404 609 948 225 809 802 188 243 609 680 528 361 683 168 115 74 0 775 388 919 559 946 289 858 372 24 647 801 821 361 710 84 463 467 39 916 749 205 819 395 
789 787 160 950 422 864 475 885 152 457 143 92 52 396 36 735 775 0 473 93 519 840 778 868 11 313 994 750 231 553 48 519 762 771 894 408 571 66 120 281 
630 765 408 852 53 376 775 578 660 689 187 346 363 137 849 790 388 473 0 149 582 99 539 849 199 744 668 593 568 112 464 408 889 331 770 553 676 872 135 580 
27 674 599 493 697 726 900 267 875 691 337 240 520 243 341 78 919 93 149 0 271 653 341 41 899 100 963 964 220 595 465 153 694 3 354 892 98 373 837 666 
423 873 673 276 684 296 672 429 932 683 831 234 412 624 352 798 559 519 582 271 0 484 300 425 724 630 546 276 657 417 410 237 39 414 929 79 312 29 394 628 
281 414 829 906 780 713 545 721 732 620 878 532 454 171 525 715 946 840 99 653 484 0 600 988 92 104 33 94 457 277 544 829 113 209 664 412 985 739 393 530 
163 118 928 724 572 198 792 740 966 423 19 576 865 294 860 558 289 778 539 341 300 600 0 366 49 947 127 637 985 541 566 416 204 946 161 831 545 148 922 1000 
865 25 455 536 433 771 474 696 627 649 803 417 4 986 99 912 858 868 849 41 425 988 366 0 533 368 457 809 911 637 921 471 653 684 455 391 76 984 757 476 
823 175 269 262 986 541 267 540 271 599 652 761 39 690 661 750 372 11 199 899 724 92 49 533 0 282 883 113 619 775 30 386 979 975 546 161 871 45 435 870 
323 651 975 376 121 803 820 391 708 693 667 595 749 58 102 758 24 313 744 100 630 104 947 368 282 0 577 154 678 737 416 315 9 886 967 692 692 357 119 27 
714 162 55 876 124 371 651 55 34 356 401 219 579 791 723 604 647 994 668 963 546 33 127 457 883 577 0 113 595 661 348 707 631 122 736 368 452 62 913 613 
735 422 880 750 829 677 8 854 124 632 696 764 807 555 831 454 801 750 593 964 276 94 637 809 113 154 113 0 932 309 399 801 238 552 479 974 967 145 335 204 
298 330 261 854 605 826 963 470 178 169 375 613 861 61 748 282 821 231 568 220 657 457 985 911 619 678 595 932 0 463 26 247 819 497 625 284 91 637 983 797 
445 431 5 550 600 742 728 367 752 885 384 971 525 182 60 815 361 553 112 595 417 277 541 637 775 737 661 309 463 0 267 104 884 634 908 945 898 872 228 207 
801 89 652 339 785 144 313 322 798 735 864 460 377 655 873 552 710 48 464 465 410 544 566 921 30 416 348 399 26 267 0 270 380 444 173 210 769 491 354 103 
761 48 341 844 24 726 469 40 217 966 259 987 625 991 805 295 84 519 408 153 237 829 416 471 386 315 707 801 247 104 270 0 694 816 481 292 987 977 268 622 
182 600 137 133 20 953 218 812 564 101 118 706 138 988 851 269 463 762 889 694 39 113 204 653 979 9 631 238 819 884 380 694 0 67 905 604 215 171 707 450 
137 611 127 477 468 155 94 578 375 298 181 675 347 515 779 274 467 771 331 3 414 209 946 684 975 886 122 552 497 634 444 816 67 0 157 614 746 54 485 973 
896 935 322 605 549 491 904 125 341 692 360 246 436 516 217 125 39 894 770 354 929 664 161 455 546 967 736 479 625 908 173 481 905 157 0 260 106 352 55 278 
327 599 590 419 212 430 86 98 13 793 768 823 124 365 32 16 916 408 553 892 79 412 831 391 161 692 368 974 284 945 210 292 604 614 260 0 914 824 768 619 
918 421 638 420 12 436 287 510 884 663 872 856 52 491 433 334 749 571 676 98 312 985 545 76 871 692 452 967 91 898 769 987 215 746 106 914 0 278 813 435 
668 81 584 332 414 516 581 235 927 575 504 957 110 5 207 997 205 66 872 373 29 739 148 984 45 357 62 145 637 872 491 977 171 54 352 824 278 0 758 456 
367 132 787 526 477 842 111 874 887 720 430 942 369 711 371 172 819 120 135 837 394 393 922 757 435 119 913 335 983 228 354 268 707 485 55 768 813 758 0 773 
170 476 762 841 929 678 425 526 762 549 799 79 227 926 299 536 395 281 580 666 628 530 1000 476 870 27 613 204 797 207 103 622 450 973 278 619 435 456 773 0 
