90
0 240 435 323 426 302 639 664 267 438 929 884 83 484 204 50 701 369 186 815 63 47 598 572 880 899 311 666 958 80 548 107 319 334 429 744 635 67 759 253 856 39 136 939 874 691 340 575 60 525 389 474 571 339 45 803 237 707 468 546 786 367 652 456 700 433 199 687 499 309 939 707 348 427 645 221 117 336 147 528 213 536 354 783 226 750 585 814 457 404 
240 0 360 594 122 363 50 822 795 600 860 646 909 798 352 608 576 348 180 45 35 327 924 247 214 277 382 439 27 966 604 835 722 315 428 843 678 829 16 824 429 875 821 689 25 172 648 600 871 827 644 906 505 568 504 70 196 885 860 222 203 464 408 924 778 188 118 807 16 134 631 444 360 451 484 384 975 131 336 197 310 331 102 814 250 958 236 446 842 95 
435 360 0 19 44 558 427 967 688 614 437 494 629 570 476 425 281 927 908 17 253 39 352 449 348 682 903 513 284 860 748 729 53 195 747 97 752 525 415 791 490 851 285 119 772 112 895 53 390 802 69 642 192 420 443 891 453 345 756 736 556 855 816 608 49 915 56 153 439 471 943 929 321 579 399 93 691 293 497 80 446 565 74 990 336 516 232 140 212 987 
323 594 19 0 228 119 842 43 726 242 957 782 394 748 604 337 676 924 915 426 368 957 70 864 37 515 780 462 856 115 977 88 255 540 426 482 658 619 876 735 861 833 868 254 580 471 942 607 395 857 384 114 165 453 330 553 967 109 14 175 224 342 614 830 881 39 311 890 10 538 625 870 370 492 475 301 963 417 259 709 625 642 822 789 94 151 694 413 612 707 
426 122 44 228 0 587 835 49 200 664 281 590 326 171 599 863 147 820 585 638 647 237 952 63 848 12 39 489 186 179 935 688 872 699 299 931 285 133 331 836 148 611 777 825 133 376 40 279 547 976 269 193 212 572 607 411 584 997 252 769 176 186 456 399 884 755 329 520 239 11 707 739 622 483 563 754 210 602 385 757 929 653 301 141 224 908 551 159 904 802 
302 363 558 119 587 0 927 431 339 735 830 574 489 510 445 79 521 503 817 494 986 380 247 547 333 983 655 262 635 956 754 211 863 656 721 766 810 648 197 148 382 378 74 222 239 518 300 759 21 117 604 358 848 203 256 180 185 911 793 172 218 546 734 80 202 454 197 11 101 745 510 834 122 583 407 713 453 707 471 825 175 427 182 22 629 789 201 813 51 994 
639 50 427 842 835 927 0 984 268 891 69 347 444 523 896 454 975 640 316 809 114 250 215 826 702 273 648 526 447 74 59 468 702 200 21 867 250 366 850 518 256 271 216 700 793 111 505 767 751 172 927 864 422 494 41 475 766 688 353 565 762 763 32 815 962 404 681 212 769 883 81 25 153 296 76 945 407 932 711 509 104 990 372 525 483 412 999 600 451 351 
664 822 967 43 49 431 984 0 164 212 114 548 27 75 951 707 638 720 589 718 96 741 14 523 37 420 454 100 280 557 89 651 81 923 414 432 522 216 782 38 428 895 585 806 322 887 512 311 606 453 29 53 545 394 575 934 165 29 33 444 585 473 446 18 395 211 449 268 426 230 305 853 477 889 10 150 128 874 460 733 326 840 138 222 233 712 155 397 740 539 
267 795 688 726 200 339 268 164 0 840 677 11 285 694 405 847 142 25 273 723 329 477 551 570 487 700 697 360 512 781 685 351 918 258 584 630 765 332 721 303 172 749 314 808 794 70 655 935 446 279 10 775 755 560 344 241 612 392 600 123 172 636 825 90 894 408 71 658 92 143 312 615 892 977 774 685 399 428 972 844 58 333 618 813 244 313 53 855 704 653 
438 600 614 242 664 735 891 212 840 0 329 228 288 154 669 533 913 91 542 4 233 854 618 476 182 392 161 580 171 484 424 229 168 393 393 411 706 445 266 761 449 946 340 737 99 8 621 364 98 163 719 683 368 689 158 549 432 670 129 954 153 904 182 320 296 926 83 353 371 348 114 819 645 805 907 96 813 528 459 262 42 177 944 409 217 102 309 648 771 789 
929 860 437 957 281 830 69 114 677 329 0 602 276 692 135 947 988 61 29 340 783 728 805 601 373 610 860 820 774 739 278 35 780 806 331 540 23 432 200 22 554 989 623 829 680 758 128 667 170 156 359 952 236 515 552 608 476 763 427 249 501 56 636 632 213 966 171 587 397 371 609 302 711 583 131 390 340 258 409 861 765 767 812 1000 633 716 959 109 478 737 
884 646 494 782 590 574 347 548 11 228 602 0 709 331 144 344 962 357 661 485 943 409 855 903 711 917 486 841 306 177 450 714 38 214 832 849 214 465 916 524 573 394 261 281 76 404 977 37 760 637 521 55 46 727 309 756 643 794 948 949 971 397 14 360 962 846 208 527 662 476 51 586 221 311 218 296 66 194 332 826 183 853 232 228 931 540 335 574 686 282 
83 909 629 394 326 489 444 27 285 288 276 709 0 874 8 30 887 367 991 732 926 518 745 401 568 330 621 230 548 916 295 93 600 472 275 804 55 854 734 595 188 307 632 821 180 639 850 419 5 193 150 930 62 247 331 981 576 303 210 123 571 856 216 170 328 842 973 382 696 706 328 883 365 959 704 896 949 905 314 953 97 816 883 510 62 565 490 637 867 699 
484 798 570 748 171 510 523 75 694 154 692 331 874 0 112 789 907 679 958 234 520 282 967 215 340 647 450 704 957 505 599 906 409 913 210 858 80 92 367 141 8 209 129 227 907 240 15 813 270 973 398 790 606 717 356 945 363 805 648 671 309 599 576 70 863 786 279 942 229 997 82 589 205 210 815 464 802 181 628 71 505 26 212 111 94 568 55 456 372 55 
204 352 476 604 599 445 896 951 405 669 135 144 8 112 0 478 33 653 406 102 515 543 380 808 771 728 889 711 933 450 525 396 603 58 23 674 562 400 885 672 493 452 727 300 176 781 778 208 785 183 661 299 77 392 458 199 119 346 910 51 147 786 798 750 843 821 775 405 572 659 76 65 463 154 716 990 286 493 549 70 27 209 720 103 600 177 302 70 874 563 
50 608 425 337 863 79 454 707 847 533 947 344 30 789 478 0 473 21 348 270 122 191 442 896 595 14 906 22 430 368 176 145 709 813 990 257 235 368 465 954 823 416 483 124 486 356 686 958 728 385 579 849 575 21 96 521 386 2 543 815 721 70 311 430 882 300 686 116 20 503 422 842 918 904 965 755 611 2 712 691 386 291 891 313 663 987 833 48 988 375 
701 576 281 676 147 521 975 638 142 913 988 962 887 907 33 473 0 214 60 796 524 489 30 176 527 145 195 29 918 36 946 173 352 701 784 705 764 826 442 406 716 754 68 702 587 115 41 313 680 101 109 204 941 138 379 467 634 925 495 904 312 793 76 663 493 211 367 608 36 160 14 752 914 433 805 500 900 198 164 579 298 624 782 238 761 512 705 747 788 199 
369 348 927 924 820 503 640 720 25 91 61 357 367 679 653 21 214 0 650 99 991 725 113 835 288 831 795 323 991 160 426 904 592 231 755 491 428 918 422 77 542 555 314 654 419 370 752 206 921 753 657 263 830 769 450 117 600 244 439 590 755 865 493 346 447 247 189 874 516 610 302 409 164 967 415 934 337 166 140 609 919 796 871 748 564 672 216 515 267 654 
186 180 908 915 585 817 316 589 273 542 29 661 991 958 406 348 60 650 0 104 21 870 948 719 316 194 907 189 62 868 842 470 383 809 236 317 145 402 808 105 672 603 975 771 518 999 986 385 265 991 488 286 861 436 4 176 981 262 717 42 129 558 864 863 366 99 179 862 852 986 966 875 940 941 645 810 291 982 194 555 973 33 192 833 468 547 8 449 808 724 
815 45 17 426 638 494 809 718 723 4 340 485 732 234 102 270 796 99 104 0 842 288 634 57 503 999 508 681 861 359 19 826 586 310 118 230 119 408 564 664 315 536 697 506 368 164 405 727 964 564 803 158 204 436 566 706 434 73 738 646 784 756 824 369 66 941 950 536 701 513 200 367 48 896 224 767 411 628 494 727 192 648 884 747 83 801 452 868 874 189 
63 35 253 368 647 986 114 96 329 233 783 943 926 520 515 122 524 991 21 842 0 866 657 297 689 377 714 981 326 601 681 839 800 47 238 47 271 5 810 250 850 888 793 497 771 539 931 571 990 798 796 531 663 804 179 703 180 892 684 506 492 716 696 644 763 933 42 385 289 203 986 138 90 779 986 212 317 916 135 659 66 930 541 728 734 719 783 265 962 466 
47 327 39 957 237 380 250 741 477 854 728 409 518 282 543 191 489 725 870 288 866 0 122 805 181 817 800 295 102 194 31 742 396 17 880 486 795 217 49 463 133 183 473 198 465 13 277 550 83 59 814 44 876 288 201 57 104 1000 351 557 193 382 299 941 750 530 778 896 746 826 358 230 361 183 779 825 547 408 374 630 818 539 25 694 826 225 750 282 577 452 
598 924 352 70 952 247 215 14 551 618 805 855 745 967 380 442 30 113 948 634 657 122 0 190 769 185 488 709 934 17 486 829 115 664 539 344 24 721 475 200 267 882 925 248 699 463 273 392 641 849 493 274 425 297 463 546 481 303 606 767 671 444 947 785 107 485 481 482 557 955 681 176 188 605 423 886 419 47 630 411 248 122 684 672 770 499 569 251 801 175 
572 247 449 864 63 547 826 523 570 476 601 903 401 215 808 896 176 835 719 57 297 805 190 0 17 471 970 963 608 76 800 88 909 356 394 589 883 581 545 306 818 315 704 447 726 951 921 761 975 690 259 543 292 411 69 660 882 38 623 489 465 774 928 725 129 673 665 364 605 209 669 422 524 724 221 601 675 493 361 1 534 972 895 826 382 964 485 263 353 459 
880 214 348 37 848 333 702 37 487 182 373 711 568 340 771 595 527 288 316 503 689 181 769 17 0 103 170 232 382 894 713 406 559 76 10 119 96 784 642 171 4 594 845 848 307 197 733 278 92 558 659 55 395 274 759 205 728 928 789 462 174 853 867 732 280 877 850 727 660 844 897 15 789 94 214 95 290 946 372 381 856 383 787 250 8 546 806 735 825 946 
899 277 682 515 12 983 273 420 700 392 610 917 330 647 728 14 145 831 194 999 377 817 185 471 103 0 196 998 798 415 81 429 291 283 155 302 126 52 668 266 145 881 361 434 826 732 167 681 466 953 282 473 498 440 208 675 385 755 672 183 521 753 963 811 387 118 464 864 169 131 129 665 11 489 450 189 573 616 869 38 569 151 511 418 942 70 92 326 176 764 
311 382 903 780 39 655 648 454 697 161 860 486 621 450 889 906 195 795 907 508 714 800 488 970 170 196 0 860 697 868 823 507 254 940 323 117 460 453 245 124 816 86 573 4 658 189 872 695 109 374 557 526 315 626 618 993 802 381 852 498 600 674 356 853 965 678 321 424 483 917 899 298 2 824 301 11 364 524 706 472 898 614 997 564 240 614 556 41 994 760 
666 439 513 462 489 262 526 100 360 580 820 841 230 704 711 22 29 323 189 681 981 295 709 963 232 998 860 0 890 945 785 245 149 750 923 469 525 757 738 776 54 91 599 354 102 962 877 159 433 126 772 429 42 11 43 949 403 388 708 292 685 493 889 833 594 163 654 118 919 391 893 972 481 843 677 934 804 553 444 588 31 216 17 424 578 411 372 333 150 432 
958 27 284 856 186 635 447 280 512 171 774 306 548 957 933 430 918 991 62 861 326 102 934 608 382 798 697 890 0 624 834 924 512 667 517 674 672 986 944 62 231 915 894 73 591 180 877 496 623 464 878 190 832 301 768 594 672 452 744 103 427 929 378 291 947 246 316 618 232 260 679 462 174 925 534 765 104 762 260 78 578 137 268 761 789 387 355 812 838 98 
80 966 860 115 179 956 74 557 781 484 739 177 916 505 450 368 36 160 868 359 601 194 17 76 894 415 868 945 624 0 915 264 26 644 554 973 890 870 590 473 129 621 934 302 897 819 418 352 933 29 429 862 517 696 622 305 82 976 117 271 425 383 535 803 378 440 775 267 309 716 739 789 688 24 443 584 195 212 935 479 241 364 340 109 411 961 766 845 289 234 
548 604 748 977 935 754 59 89 685 424 278 450 295 599 525 176 946 426 842 19 681 31 486 800 713 81 823 785 834 915 0 115 713 616 649 515 993 441 641 612 749 709 702 890 396 726 332 332 272 543 618 750 135 333 89 244 744 401 361 588 41 594 702 754 209 703 620 553 143 613 164 243 321 866 132 716 943 815 399 214 710 17 315 844 349 755 439 92 155 799 
107 835 729 88 688 211 468 651 351 229 35 714 93 906 396 145 173 904 470 826 839 742 829 88 406 429 507 245 924 264 115 0 31 548 392 85 301 952 139 272 505 281 884 20 875 556 237 359 624 179 173 22 744 882 38 58 78 387 812 516 830 319 667 213 866 58 297 518 362 435 141 218 67 377 237 941 932 826 299 555 4 824 577 100 705 966 509 134 704 321 
319 722 53 255 872 863 702 81 918 168 780 38 600 409 603 709 352 592 383 586 800 396 115 909 559 291 254 149 512 26 713 31 0 2 534 991 668 98 856 77 394 725 438 180 865 655 246 241 244 538 525 69 837 79 424 12 7 523 716 973 32 202 28 704 203 913 46 870 10 253 298 403 977 88 934 193 742 179 786 337 717 310 757 905 740 181 916 99 55 983 
334 315 195 540 699 656 200 923 258 393 806 214 472 913 58 813 701 231 809 310 47 17 664 356 76 283 940 750 667 644 616 548 2 0 71 438 184 450 493 738 363 538 607 372 790 257 127 766 344 60 959 437 591 96 774 307 405 530 563 496 62 830 594 117 164 16 906 700 466 399 437 828 936 396 551 726 652 677 491 995 89 801 431 679 248 556 337 652 438 251 
429 428 747 426 299 721 21 414 584 393 331 832 275 210 23 990 784 755 236 118 238 880 539 394 10 155 323 923 517 554 649 392 534 71 0 148 499 80 93 967 243 109 873 942 574 271 379 753 558 774 303 283 777 332 126 771 420 278 553 450 526 461 786 529 898 36 28 748 115 121 67 709 229 939 651 802 561 381 906 118 506 208 753 282 539 878 404 310 155 956 
744 843 97 482 931 766 867 432 630 411 540 849 804 858 674 257 705 491 317 230 47 486 344 589 119 302 117 469 674 973 515 85 991 438 148 0 759 32 768 896 561 665 931 588 765 397 60 831 458 288 121 108 441 33 840 346 502 345 906 254 626 796 483 29 106 990 336 216 21 456 112 933 472 394 521 236 143 580 418 600 220 538 59 660 922 898 358 424 594 263 
635 678 752 658 285 810 250 522 765 706 23 214 55 80 562 235 764 428 145 119 271 795 24 883 96 126 460 525 672 890 993 301 668 184 499 759 0 677 219 58 160 599 515 149 286 731 521 93 194 454 565 939 326 800 433 257 570 32 476 107 442 488 29 691 845 804 284 459 480 854 516 991 804 383 491 442 465 12 534 10 465 98 948 790 250 381 46 819 764 874 
67 829 525 619 133 648 366 216 332 445 432 465 854 92 400 368 826 918 402 408 5 217 721 581 784 52 453 757 986 870 441 952 98 450 80 32 677 0 277 558 361 657 248 557 460 532 15 292 737 882 282 541 264 773 982 728 136 867 89 600 965 37 741 214 769 786 384 884 659 660 441 371 669 41 927 128 924 941 419 660 175 53 552 438 177 533 518 312 400 606 
759 16 415 876 331 197 850 782 721 266 200 916 734 367 885 465 442 422 808 564 810 49 475 545 642 668 245 738 944 590 641 139 856 493 93 768 219 277 0 263 716 994 3 281 114 788 664 998 799 675 790 521 343 830 448 471 753 740 241 413 914 645 964 704 821 849 221 484 600 178 746 315 524 748 947 637 888 610 634 38 284 776 558 979 605 357 801 710 97 393 
253 824 791 735 836 148 518 38 303 761 22 524 595 141 672 954 406 77 105 664 250 463 200 306 171 266 124 776 62 473 612 272 77 738 967 896 58 558 263 0 122 362 38 437 65 210 637 637 46 236 815 791 902 338 891 848 326 778 809 312 167 445 87 724 423 691 433 223 400 881 615 873 242 4 662 659 214 298 295 259 886 461 401 139 150 291 339 476 420 147 
856 429 490 861 148 382 256 428 172 449 554 573 188 8 493 823 716 542 672 315 850 133 267 818 4 145 816 54 231 129 749 505 394 363 243 561 160 361 716 122 0 787 586 943 873 662 365 915 94 939 667 974 554 891 567 557 552 225 122 202 872 732 439 684 133 929 834 775 267 309 195 766 447 780 708 319 441 73 585 886 11 251 211 916 142 778 825 45 354 298 
39 875 851 833 611 378 271 895 749 946 989 394 307 209 452 416 754 555 603 536 888 183 882 315 594 881 86 91 915 621 709 281 725 538 109 665 599 657 994 362 787 0 598 577 30 388 261 514 317 94 288 583 754 834 348 200 614 408 870 406 832 454 292 842 57 854 110 550 631 286 946 337 583 544 913 964 931 525 829 599 970 469 182 75 302 881 274 267 288 495 
136 821 285 868 777 74 216 585 314 340 623 261 632 129 727 483 68 314 975 697 793 473 925 704 845 361 573 599 894 934 702 884 438 607 873 931 515 248 3 38 586 598 0 673 119 949 316 313 357 169 774 906 152 411 851 840 993 746 104 309 29 629 137 627 598 957 808 673 259 41 298 525 680 145 549 151 93 864 815 801 385 588 706 536 998 908 727 342 654 830 
939 689 119 254 825 222 700 806 808 737 829 281 821 227 300 124 702 654 771 506 497 198 248 447 848 434 4 354 73 302 890 20 180 372 942 588 149 557 281 437 943 577 673 0 2 682 458 491 308 408 447 468 432 705 860 81 582 539 225 130 689 669 994 855 469 378 794 174 265 143 434 991 837 87 820 838 120 630 328 779 37 127 598 820 831 457 900 412 348 125 
874 25 772 580 133 239 793 322 794 99 680 76 180 907 176 486 587 419 518 368 771 465 699 726 307 826 658 102 591 897 396 875 865 790 574 765 286 460 114 65 873 30 119 2 0 542 36 793 887 243 262 616 36 787 232 179 220 574 15 658 393 852 129 374 532 908 762 658 857 581 840 314 481 604 661 957 145 48 101 383 290 362 998 678 501 229 856 72 154 222 
691 172 112 471 376 518 111 887 70 8 758 404 639 240 781 356 115 370 999 164 539 13 463 951 197 732 189 962 180 819 726 556 655 257 271 397 731 532 788 210 662 388 949 682 542 0 82 898 73 210 272 956 469 33 965 326 966 805 991 798 408 3 754 904 50 854 286 692 568 635 369 420 215 576 491 368 797 924 265 221 134 536 177 954 921 493 631 886 297 973 
340 648 895 942 40 300 505 512 655 621 128 977 850 15 778 686 41 752 986 405 931 277 273 921 733 167 872 877 877 418 332 237 246 127 379 60 521 15 664 637 365 261 316 458 36 82 0 35 56 975 788 959 377 993 596 68 560 230 788 331 796 363 822 163 511 97 780 731 582 315 259 536 587 752 518 824 400 491 858 456 465 997 766 841 990 362 260 901 943 47 
575 600 53 607 279 759 767 311 935 364 667 37 419 813 208 958 313 206 385 727 571 550 392 761 278 681 695 159 496 352 332 359 241 766 753 831 93 292 998 637 915 514 313 491 793 898 35 0 232 739 761 405 253 271 501 32 2 83 699 612 970 285 363 487 461 763 977 318 570 794 315 335 634 304 696 894 556 991 292 787 729 53 191 981 323 692 13 676 126 711 
60 871 390 395 547 21 751 606 446 98 170 760 5 270 785 728 680 921 265 964 990 83 641 975 92 466 109 433 623 933 272 624 244 344 558 458 194 737 799 46 94 317 357 308 887 73 56 232 0 288 95 347 650 581 807 764 910 477 685 703 791 20 688 446 67 933 1 57 225 140 137 277 330 470 951 373 834 627 850 896 266 944 242 267 877 401 31 786 877 715 
525 827 802 857 976 117 172 453 279 163 156 637 193 973 183 385 101 753 991 564 798 59 849 690 558 953 374 126 464 29 543 179 538 60 774 288 454 882 675 236 939 94 169 408 243 210 975 739 288 0 488 667 86 175 464 505 108 816 913 684 955 50 312 637 871 262 361 704 240 211 599 505 154 840 772 382 592 154 167 468 220 6 486 658 533 949 162 992 117 74 
389 644 69 384 269 604 927 29 10 719 359 521 150 398 661 579 109 657 488 803 796 814 493 259 659 282 557 772 878 429 618 173 525 959 303 121 565 282 790 815 667 288 774 447 262 272 788 761 95 488 0 675 71 475 986 59 345 599 420 48 191 982 998 695 487 190 818 869 781 323 35 249 543 393 734 200 925 35 713 916 503 138 590 925 613 927 984 957 525 755 
474 906 642 114 193 358 864 53 775 683 952 55 930 790 299 849 204 263 286 158 531 44 274 543 55 473 526 429 190 862 750 22 69 437 283 108 939 541 521 791 974 583 906 468 616 956 959 405 347 667 675 0 357 715 736 354 762 222 543 931 90 324 254 477 924 148 869 9 699 145 43 411 60 897 548 1 822 512 927 805 469 803 911 177 870 646 882 983 219 777 
571 505 192 165 212 848 422 545 755 368 236 46 62 606 77 575 941 830 861 204 663 876 425 292 395 498 315 42 832 517 135 744 837 591 777 441 326 264 343 902 554 754 152 432 36 469 377 253 650 86 71 357 0 913 661 452 518 489 375 665 357 383 363 853 778 125 912 674 25 912 495 536 190 651 356 344 561 532 213 558 766 195 129 542 460 789 993 977 277 367 
339 568 420 453 572 203 494 394 560 689 515 727 247 717 392 21 138 769 436 436 804 288 297 411 274 440 626 11 301 696 333 882 79 96 332 33 800 773 830 338 891 834 411 705 787 33 993 271 581 175 475 715 913 0 994 985 101 356 837 878 833 100 904 857 363 750 392 552 401 748 247 313 631 460 223 396 6 351 937 817 491 281 146 119 999 139 455 100 846 291 
45 504 443 330 607 256 41 575 344 158 552 309 331 356 458 96 379 450 4 566 179 201 463 69 759 208 618 43 768 622 89 38 424 774 126 840 433 982 448 891 567 348 851 860 232 965 596 501 807 464 986 736 661 994 0 329 678 742 584 534 104 334 926 7 86 25 253 750 655 64 324 51 422 674 339 238 516 620 383 634 618 521 88 69 367 730 750 396 471 333 
803 70 891 553 411 180 475 934 241 549 608 756 981 945 199 521 467 117 176 706 703 57 546 660 205 675 993 949 594 305 244 58 12 307 771 346 257 728 471 848 557 200 840 81 179 326 68 32 764 505 59 354 452 985 329 0 930 926 18 207 932 103 231 537 205 885 600 528 935 21 554 626 259 69 245 993 55 214 866 494 635 584 224 384 979 46 68 908 972 438 
237 196 453 967 584 185 766 165 612 432 476 643 576 363 119 386 634 600 981 434 180 104 481 882 728 385 802 403 672 82 744 78 7 405 420 502 570 136 753 326 552 614 993 582 220 966 560 2 910 108 345 762 518 101 678 930 0 114 255 892 344 791 96 581 391 976 867 763 529 492 373 949 88 366 3 654 231 497 288 814 72 23 792 117 442 52 440 879 517 47 
707 885 345 109 997 911 688 29 392 670 763 794 303 805 346 2 925 244 262 73 892 1000 303 38 928 755 381 388 452 976 401 387 523 530 278 345 32 867 740 778 225 408 746 539 574 805 230 83 477 816 599 222 489 356 742 926 114 0 771 213 837 218 793 579 193 659 342 721 503 714 22 590 431 24 243 13 872 882 826 943 904 970 412 698 373 851 576 889 249 698 
468 860 756 14 252 793 353 33 600 129 427 948 210 648 910 543 495 439 717 738 684 351 606 623 789 672 852 708 744 117 361 812 716 563 553 906 476 89 241 809 122 870 104 225 15 991 788 699 685 913 420 543 375 837 584 18 255 771 0 101 86 916 245 16 460 256 709 533 758 775 554 699 205 577 294 218 449 175 395 743 431 716 154 128 88 357 703 329 605 753 
546 222 736 175 769 172 565 444 123 954 249 949 123 671 51 815 904 590 42 646 506 557 767 489 462 183 498 292 103 271 588 516 973 496 450 254 107 600 413 312 202 406 309 130 658 798 331 612 703 684 48 931 665 878 534 207 892 213 101 0 429 690 20 674 58 479 929 766 11 38 540 916 736 745 845 29 314 293 556 60 387 986 776 541 113 215 897 167 543 501 
786 203 556 224 176 218 762 585 172 153 501 971 571 309 147 721 312 755 129 784 492 193 671 465 174 521 600 685 427 425 41 830 32 62 526 626 442 965 914 167 872 832 29 689 393 408 796 970 791 955 191 90 357 833 104 932 344 837 86 429 0 919 324 543 938 997 600 769 277 717 131 314 257 47 401 353 891 782 18 535 337 77 921 322 852 813 786 419 709 952 
367 464 855 342 186 546 763 473 636 904 56 397 856 599 786 70 793 865 558 756 716 382 444 774 853 753 674 493 929 383 594 319 202 830 461 796 488 37 645 445 732 454 629 669 852 3 363 285 20 50 982 324 383 100 334 103 791 218 916 690 919 0 961 562 223 284 456 512 632 407 280 260 123 411 925 379 809 326 83 699 107 100 585 795 177 857 116 380 670 253 
652 408 816 614 456 734 32 446 825 182 636 14 216 576 798 311 76 493 864 824 696 299 947 928 867 963 356 889 378 535 702 667 28 594 786 483 29 741 964 87 439 292 137 994 129 754 822 363 688 312 998 254 363 904 926 231 96 793 245 20 324 961 0 150 730 204 111 291 778 746 746 290 730 152 569 989 627 331 914 357 139 591 440 189 697 891 773 843 419 630 
456 924 608 830 399 80 815 18 90 320 632 360 170 70 750 430 663 346 863 369 644 941 785 725 732 811 853 833 291 803 754 213 704 117 529 29 691 214 704 724 684 842 627 855 374 904 163 487 446 637 695 477 853 857 7 537 581 579 16 674 543 562 150 0 310 799 299 562 948 28 765 410 671 895 508 768 184 237 920 752 225 546 435 138 254 573 728 693 762 776 
700 778 49 881 884 202 962 395 894 296 213 962 328 863 843 882 493 447 366 66 763 750 107 129 280 387 965 594 947 378 209 866 203 164 898 106 845 769 821 423 133 57 598 469 532 50 511 461 67 871 487 924 778 363 86 205 391 193 460 58 938 223 730 310 0 584 534 618 354 515 927 152 813 840 452 193 957 213 215 851 720 982 34 956 253 137 533 150 571 22 
433 188 915 39 755 454 404 211 408 926 966 846 842 786 821 300 211 247 99 941 933 530 485 673 877 118 678 163 246 440 703 58 913 16 36 990 804 786 849 691 929 854 957 378 908 854 97 763 933 262 190 148 125 750 25 885 976 659 256 479 997 284 204 799 584 0 404 144 750 96 905 877 31 790 847 385 305 125 888 469 965 691 13 921 904 227 771 975 209 156 
199 118 56 311 329 197 681 449 71 83 171 208 973 279 775 686 367 189 179 950 42 778 481 665 850 464 321 654 316 775 620 297 46 906 28 336 284 384 221 433 834 110 808 794 762 286 780 977 1 361 818 869 912 392 253 600 867 342 709 929 600 456 111 299 534 404 0 283 813 292 815 963 863 836 366 358 937 813 614 166 844 403 12 580 59 136 819 880 452 510 
687 807 153 890 520 11 212 268 658 353 587 527 382 942 405 116 608 874 862 536 385 896 482 364 727 864 424 118 618 267 553 518 870 700 748 216 459 884 484 223 775 550 673 174 658 692 731 318 57 704 869 9 674 552 750 528 763 721 533 766 769 512 291 562 618 144 283 0 892 372 765 471 494 91 31 649 373 843 293 539 805 155 727 170 864 663 335 477 180 178 
499 16 439 10 239 101 769 426 92 371 397 662 696 229 572 20 36 516 852 701 289 746 557 605 660 169 483 919 232 309 143 362 10 466 115 21 480 659 600 400 267 631 259 265 857 568 582 570 225 240 781 699 25 401 655 935 529 503 758 11 277 632 778 948 354 750 813 892 0 879 191 109 290 679 927 169 482 788 412 854 904 882 699 995 264 700 719 107 992 258 
309 134 471 538 11 745 883 230 143 348 371 476 706 997 659 503 160 610 986 513 203 826 955 209 844 131 917 391 260 716 613 435 253 399 121 456 854 660 178 881 309 286 41 143 581 635 315 794 140 211 323 145 912 748 64 21 492 714 775 38 717 407 746 28 515 96 292 372 879 0 263 146 336 785 361 350 119 837 530 648 67 72 108 356 750 34 524 584 174 288 
939 631 943 625 707 510 81 305 312 114 609 51 328 82 76 422 14 302 966 200 986 358 681 669 897 129 899 893 679 739 164 141 298 437 67 112 516 441 746 615 195 946 298 434 840 369 259 315 137 599 35 43 495 247 324 554 373 22 554 540 131 280 746 765 927 905 815 765 191 263 0 437 429 169 487 423 785 186 494 891 177 103 505 674 438 289 34 787 759 222 
707 444 929 870 739 834 25 853 615 819 302 586 883 589 65 842 752 409 875 367 138 230 176 422 15 665 298 972 462 789 243 218 403 828 709 933 991 371 315 873 766 337 525 991 314 420 536 335 277 505 249 411 536 313 51 626 949 590 699 916 314 260 290 410 152 877 963 471 109 146 437 0 316 406 289 388 865 644 489 251 520 72 424 807 860 852 327 699 627 111 
348 360 321 370 622 122 153 477 892 645 711 221 365 205 463 918 914 164 940 48 90 361 188 524 789 11 2 481 174 688 321 67 977 936 229 472 804 669 524 242 447 583 680 837 481 215 587 634 330 154 543 60 190 631 422 259 88 431 205 736 257 123 730 671 813 31 863 494 290 336 429 316 0 884 120 353 413 222 210 438 11 850 824 797 609 45 465 366 333 204 
427 451 579 492 483 583 296 889 977 805 583 311 959 210 154 904 433 967 941 896 779 183 605 724 94 489 824 843 925 24 866 377 88 396 939 394 383 41 748 4 780 544 145 87 604 576 752 304 470 840 393 897 651 460 674 69 366 24 577 745 47 411 152 895 840 790 836 91 679 785 169 406 884 0 231 329 44 481 848 116 256 6 327 107 332 25 85 795 261 204 
645 484 399 475 563 407 76 10 774 907 131 218 704 815 716 965 805 415 645 224 986 779 423 221 214 450 301 677 534 443 132 237 934 551 651 521 491 927 947 662 708 913 549 820 661 491 518 696 951 772 734 548 356 223 339 245 3 243 294 845 401 925 569 508 452 847 366 31 927 361 487 289 120 231 0 499 25 777 708 814 787 558 637 936 518 34 752 883 366 955 
221 384 93 301 754 713 945 150 685 96 390 296 896 464 990 755 500 934 810 767 212 825 886 601 95 189 11 934 765 584 716 941 193 726 802 236 442 128 637 659 319 964 151 838 957 368 824 894 373 382 200 1 344 396 238 993 654 13 218 29 353 379 989 768 193 385 358 649 169 350 423 388 353 329 499 0 113 694 998 945 893 465 200 898 792 659 582 168 743 728 
117 975 691 963 210 453 407 128 399 813 340 66 949 802 286 611 900 337 291 411 317 547 419 675 290 573 364 804 104 195 943 932 742 652 561 143 465 924 888 214 441 931 93 120 145 797 400 556 834 592 925 822 561 6 516 55 231 872 449 314 891 809 627 184 957 305 937 373 482 119 785 865 413 44 25 113 0 780 299 226 156 427 286 970 566 843 606 853 360 991 
336 131 293 417 602 707 932 874 428 528 258 194 905 181 493 2 198 166 982 628 916 408 47 493 946 616 524 553 762 212 815 826 179 677 381 580 12 941 610 298 73 525 864 630 48 924 491 991 627 154 35 512 532 351 620 214 497 882 175 293 782 326 331 237 213 125 813 843 788 837 186 644 222 481 777 694 780 0 604 594 357 558 59 402 555 3 647 372 555 896 
147 336 497 259 385 471 711 460 972 459 409 332 314 628 549 712 164 140 194 494 135 374 630 361 372 869 706 444 260 935 399 299 786 491 906 418 534 419 634 295 585 829 815 328 101 265 858 292 850 167 713 927 213 937 383 866 288 826 395 556 18 83 914 920 215 888 614 293 412 530 494 489 210 848 708 998 299 604 0 163 213 477 682 307 556 814 957 782 969 736 
528 197 80 709 757 825 509 733 844 262 861 826 953 71 70 691 579 609 555 727 659 630 411 1 381 38 472 588 78 479 214 555 337 995 118 600 10 660 38 259 886 599 801 779 383 221 456 787 896 468 916 805 558 817 634 494 814 943 743 60 535 699 357 752 851 469 166 539 854 648 891 251 438 116 814 945 226 594 163 0 419 938 653 261 896 505 972 886 108 565 
213 310 446 625 929 175 104 326 58 42 765 183 97 505 27 386 298 919 973 192 66 818 248 534 856 569 898 31 578 241 710 4 717 89 506 220 465 175 284 886 11 970 385 37 290 134 465 729 266 220 503 469 766 491 618 635 72 904 431 387 337 107 139 225 720 965 844 805 904 67 177 520 11 256 787 893 156 357 213 419 0 594 665 623 348 571 978 994 942 532 
536 331 565 642 653 427 990 840 333 177 767 853 816 26 209 291 624 796 33 648 930 539 122 972 383 151 614 216 137 364 17 824 310 801 208 538 98 53 776 461 251 469 588 127 362 536 997 53 944 6 138 803 195 281 521 584 23 970 716 986 77 100 591 546 982 691 403 155 882 72 103 72 850 6 558 465 427 558 477 938 594 0 241 456 96 70 490 754 625 303 
354 102 74 822 301 182 372 138 618 944 812 232 883 212 720 891 782 871 192 884 541 25 684 895 787 511 997 17 268 340 315 577 757 431 753 59 948 552 558 401 211 182 706 598 998 177 766 191 242 486 590 911 129 146 88 224 792 412 154 776 921 585 440 435 34 13 12 727 699 108 505 424 824 327 637 200 286 59 682 653 665 241 0 63 758 271 798 176 561 450 
783 814 990 789 141 22 525 222 813 409 1000 228 510 111 103 313 238 748 833 747 728 694 672 826 250 418 564 424 761 109 844 100 905 679 282 660 790 438 979 139 916 75 536 820 678 954 841 981 267 658 925 177 542 119 69 384 117 698 128 541 322 795 189 138 956 921 580 170 995 356 674 807 797 107 936 898 970 402 307 261 623 456 63 0 788 456 954 759 693 413 
226 250 336 94 224 629 483 233 244 217 633 931 62 94 600 663 761 564 468 83 734 826 770 382 8 942 240 578 789 411 349 705 740 248 539 922 250 177 605 150 142 302 998 831 501 921 990 323 877 533 613 870 460 999 367 979 442 373 88 113 852 177 697 254 253 904 59 864 264 750 438 860 609 332 518 792 566 555 556 896 348 96 758 788 0 676 639 429 650 986 
750 958 516 151 908 789 412 712 313 102 716 540 565 568 177 987 512 672 547 801 719 225 499 964 546 70 614 411 387 961 755 966 181 556 878 898 381 533 357 291 778 881 908 457 229 493 362 692 401 949 927 646 789 139 730 46 52 851 357 215 813 857 891 573 137 227 136 663 700 34 289 852 45 25 34 659 843 3 814 505 571 70 271 456 676 0 999 627 331 293 
585 236 232 694 551 201 999 155 53 309 959 335 490 55 302 833 705 216 8 452 783 750 569 485 806 92 556 372 355 766 439 509 916 337 404 358 46 518 801 339 825 274 727 900 856 631 260 13 31 162 984 882 993 455 750 68 440 576 703 897 786 116 773 728 533 771 819 335 719 524 34 327 465 85 752 582 606 647 957 972 978 490 798 954 639 999 0 510 571 100 
814 446 140 413 159 813 600 397 855 648 109 574 637 456 70 48 747 515 449 868 265 282 251 263 735 326 41 333 812 845 92 134 99 652 310 424 819 312 710 476 45 267 342 412 72 886 901 676 786 992 957 983 977 100 396 908 879 889 329 167 419 380 843 693 150 975 880 477 107 584 787 699 366 795 883 168 853 372 782 886 994 754 176 759 429 627 510 0 605 992 
457 842 212 612 904 51 451 740 704 771 478 686 867 372 874 988 788 267 808 874 962 577 801 353 825 176 994 150 838 289 155 704 55 438 155 594 764 400 97 420 354 288 654 348 154 297 943 126 877 117 525 219 277 846 471 972 517 249 605 543 709 670 419 762 571 209 452 180 992 174 759 627 333 261 366 743 360 555 969 108 942 625 561 693 650 331 571 605 0 589 
404 95 987 707 802 994 351 539 653 789 737 282 699 55 563 375 199 654 724 189 466 452 175 459 946 764 760 432 98 234 799 321 983 251 956 263 874 606 393 147 298 495 830 125 222 973 47 711 715 74 755 777 367 291 333 438 47 698 753 501 952 253 630 776 22 156 510 178 258 288 222 111 204 204 955 728 991 896 736 565 532 303 450 413 986 293 100 992 589 0 
