20
0 80 61 78 1 61 47 98 39 25 55 1 72 90 32 79 82 5 80 92 
80 0 28 80 8 12 95 55 3 89 15 30 4 80 9 64 57 61 76 55 
61 28 0 11 15 79 65 15 51 54 99 81 88 55 60 79 34 39 38 46 
78 80 11 0 85 45 100 74 59 29 29 38 90 92 47 50 19 1 60 33 
1 8 15 85 0 80 24 100 30 30 98 10 17 4 21 47 37 59 84 34 
61 12 79 45 80 0 96 28 33 21 38 14 49 28 3 92 74 4 10 26 
47 95 65 100 24 96 0 64 43 5 39 94 86 20 43 47 88 46 67 34 
98 55 15 74 100 28 64 0 82 78 70 16 73 49 100 93 39 13 41 66 
39 3 51 59 30 33 43 82 0 15 32 91 71 93 16 34 87 73 24 80 
25 89 54 29 30 21 5 78 15 0 58 96 22 5 83 19 23 69 53 100 
55 15 99 29 98 38 39 70 32 58 0 90 20 72 90 19 16 28 84 56 
1 30 81 38 10 14 94 16 91 96 90 0 45 50 39 35 20 84 3 5 
72 4 88 90 17 49 86 73 71 22 20 45 0 70 75 29 50 84 24 23 
90 80 55 92 4 28 20 49 93 5 72 50 70 0 40 58 94 63 26 46 
32 9 60 47 21 3 43 100 16 83 90 39 75 40 0 14 67 65 38 57 
79 64 79 50 47 92 47 93 34 19 19 35 29 58 14 0 35 53 84 18 
82 57 34 19 37 74 88 39 87 23 16 20 50 94 67 35 0 61 81 68 
5 61 39 1 59 4 46 13 73 69 28 84 84 63 65 53 61 0 51 67 
80 76 38 60 84 10 67 41 24 53 84 3 24 26 38 84 81 51 0 87 
92 55 46 33 34 26 34 66 80 100 56 5 23 46 57 18 68 67 87 0 
