10
0 23 82 76 51 80 91 55 51 32 
23 0 14 58 95 82 82 4 21 34 
82 14 0 83 82 88 16 97 26 5 
76 58 83 0 23 93 52 98 33 35 
51 95 82 23 0 82 7 16 58 9 
80 82 88 93 82 0 96 100 63 98 
91 82 16 52 7 96 0 84 77 55 
55 4 97 98 16 100 84 0 78 10 
51 21 26 33 58 63 77 78 0 88 
32 34 5 35 9 98 55 10 88 0 
