60
0 774 824 227 79 320 901 472 389 266 258 133 412 116 852 672 598 653 415 912 221 64 576 892 678 505 576 226 818 346 495 372 471 671 950 901 342 203 372 730 468 629 863 232 97 714 255 46 366 670 310 938 85 885 181 763 741 757 988 910 
774 0 102 482 282 924 504 231 824 846 433 547 575 253 528 437 836 624 502 90 21 219 111 330 508 196 567 689 958 307 797 297 569 898 130 850 173 634 432 996 479 217 542 405 821 69 194 8 44 695 97 65 266 208 746 125 755 312 813 64 
824 102 0 971 609 360 891 858 489 740 30 474 523 25 304 91 919 709 263 987 902 270 383 948 367 447 565 926 544 690 32 208 502 95 530 463 454 420 320 294 159 350 768 33 726 423 124 644 131 738 983 32 8 365 332 726 163 896 651 706 
227 482 971 0 585 34 913 439 128 442 901 933 861 220 226 371 921 345 756 999 768 231 994 250 968 976 282 975 692 965 700 854 860 702 560 445 735 824 883 862 618 783 146 830 354 724 201 627 68 956 625 187 186 618 789 505 946 422 480 637 
79 282 609 585 0 386 531 491 245 233 402 689 967 577 923 181 194 57 326 24 411 49 576 37 469 531 13 7 68 630 147 924 575 568 403 564 953 934 54 198 518 807 238 484 383 513 16 577 569 694 952 331 94 527 719 914 409 731 921 828 
320 924 360 34 386 0 713 67 751 639 987 154 202 939 439 607 488 956 413 78 791 796 590 159 724 158 852 675 841 945 553 559 859 961 290 131 788 354 549 538 992 535 43 546 826 833 152 313 788 917 390 931 64 331 89 139 841 940 165 681 
901 504 891 913 531 713 0 236 717 239 446 677 880 928 464 585 477 353 929 363 748 474 188 580 977 853 368 245 594 298 308 925 738 446 765 29 610 445 264 326 35 62 354 267 989 169 851 817 874 779 532 621 252 71 200 581 275 919 825 869 
472 231 858 439 491 67 236 0 568 133 145 305 930 261 333 892 57 949 569 91 362 923 357 702 443 560 519 316 338 402 936 942 824 136 522 99 406 698 967 974 830 463 278 112 723 963 3 779 263 923 869 624 845 578 325 288 137 195 955 474 
389 824 489 128 245 751 717 568 0 948 891 767 772 378 288 870 783 986 188 108 167 650 738 630 372 52 632 150 314 555 370 937 751 947 613 390 435 808 345 261 755 587 27 878 316 315 747 450 652 934 558 170 583 647 800 306 698 783 455 11 
266 846 740 442 233 639 239 133 948 0 689 825 299 792 123 911 181 558 70 877 170 177 815 196 54 130 862 801 932 865 86 841 35 21 487 186 326 184 968 781 194 9 957 492 800 431 754 332 340 824 561 509 352 375 705 405 857 918 557 788 
258 433 30 901 402 987 446 145 891 689 0 783 643 980 817 663 466 2 340 649 321 120 842 329 428 685 128 211 438 812 550 613 372 411 964 98 467 721 954 384 277 93 166 271 72 334 285 537 335 625 537 8 96 378 336 876 414 816 86 204 
133 547 474 933 689 154 677 305 767 825 783 0 627 987 816 998 397 132 95 863 852 401 599 480 845 764 751 917 450 387 805 784 11 342 791 107 71 479 982 837 294 419 40 920 405 207 269 154 338 363 368 541 115 966 21 960 82 123 228 531 
412 575 523 861 967 202 880 930 772 299 643 627 0 861 32 666 872 725 809 330 148 639 663 984 932 81 23 203 837 229 471 342 919 185 710 459 300 27 831 259 460 305 486 342 166 869 360 389 946 520 718 93 158 380 76 441 812 98 643 1000 
116 253 25 220 577 939 928 261 378 792 980 987 861 0 678 113 342 596 649 403 55 948 781 237 558 241 542 395 934 707 264 293 95 209 812 164 301 321 895 728 761 58 177 755 57 854 867 750 802 868 152 856 815 285 444 725 525 985 119 810 
852 528 304 226 923 439 464 333 288 123 817 816 32 678 0 43 382 103 489 942 266 652 594 939 546 673 699 603 849 454 12 55 672 113 856 891 265 63 58 901 506 782 425 491 900 586 885 634 688 374 927 306 25 873 244 923 545 294 877 394 
672 437 91 371 181 607 585 892 870 911 663 998 666 113 43 0 99 888 800 123 1 655 13 617 717 70 517 574 851 293 416 103 230 301 88 270 674 14 575 698 886 170 972 431 815 849 176 914 88 975 36 440 629 48 408 697 470 276 622 320 
598 836 919 921 194 488 477 57 783 181 466 397 872 342 382 99 0 920 38 774 150 338 861 419 11 875 993 60 112 514 32 542 328 232 69 593 319 43 980 759 23 380 166 71 849 442 693 520 361 82 294 862 419 154 280 781 380 272 840 492 
653 624 709 345 57 956 353 949 986 558 2 132 725 596 103 888 920 0 137 223 385 465 806 454 409 125 848 389 235 223 768 752 645 616 545 689 135 258 770 428 119 188 934 399 320 313 22 512 804 159 86 189 975 892 994 383 16 193 123 602 
415 502 263 756 326 413 929 569 188 70 340 95 809 649 489 800 38 137 0 415 890 353 60 505 250 748 992 507 870 771 625 409 704 375 729 17 397 240 820 907 677 360 233 568 705 967 935 898 90 536 312 979 241 723 836 490 823 827 348 692 
912 90 987 999 24 78 363 91 108 877 649 863 330 403 942 123 774 223 415 0 597 324 100 653 699 180 669 447 771 840 705 448 200 289 367 256 255 302 153 344 189 465 675 429 539 510 270 361 688 617 404 636 293 856 288 343 35 956 141 158 
221 21 902 768 411 791 748 362 167 170 321 852 148 55 266 1 150 385 890 597 0 148 845 605 699 133 971 954 739 624 107 83 813 923 757 593 461 618 863 174 657 831 577 292 123 432 932 817 467 887 957 976 386 153 580 84 637 902 38 376 
64 219 270 231 49 796 474 923 650 177 120 401 639 948 652 655 338 465 353 324 148 0 878 496 458 690 418 566 282 230 535 496 403 191 327 980 834 801 411 765 970 229 4 926 204 389 79 135 825 715 389 862 442 266 709 251 307 126 168 940 
576 111 383 994 576 590 188 357 738 815 842 599 663 781 594 13 861 806 60 100 845 878 0 707 702 436 110 244 114 441 78 914 851 194 883 432 197 161 987 938 591 474 762 657 214 975 99 831 683 349 137 160 517 76 866 570 863 975 814 976 
892 330 948 250 37 159 580 702 630 196 329 480 984 237 939 617 419 454 505 653 605 496 707 0 415 243 242 618 436 476 401 985 636 739 922 226 564 683 235 777 657 333 959 339 33 95 498 549 523 715 471 385 42 284 713 808 878 954 425 313 
678 508 367 968 469 724 977 443 372 54 428 845 932 558 546 717 11 409 250 699 699 458 702 415 0 429 177 297 417 268 570 994 831 252 228 960 908 560 918 598 945 365 447 493 239 162 963 975 203 598 687 10 827 640 787 492 421 315 788 837 
505 196 447 976 531 158 853 560 52 130 685 764 81 241 673 70 875 125 748 180 133 690 436 243 429 0 582 358 830 765 961 410 724 869 969 993 818 265 709 265 758 947 426 72 922 980 22 960 989 848 952 127 339 372 442 479 560 23 188 741 
576 567 565 282 13 852 368 519 632 862 128 751 23 542 699 517 993 848 992 669 971 418 110 242 177 582 0 139 500 150 214 368 471 207 538 735 915 802 844 862 227 916 135 558 289 446 546 488 397 673 179 120 466 9 679 488 196 420 979 695 
226 689 926 975 7 675 245 316 150 801 211 917 203 395 603 574 60 389 507 447 954 566 244 618 297 358 139 0 921 192 415 391 398 304 126 665 105 969 526 683 236 12 240 876 457 137 364 206 809 542 325 274 902 356 114 97 775 92 143 47 
818 958 544 692 68 841 594 338 314 932 438 450 837 934 849 851 112 235 870 771 739 282 114 436 417 830 500 921 0 635 909 438 33 212 563 49 668 883 574 350 119 937 589 994 745 726 709 950 886 602 627 512 503 982 977 599 108 420 94 154 
346 307 690 965 630 945 298 402 555 865 812 387 229 707 454 293 514 223 771 840 624 230 441 476 268 765 150 192 635 0 54 354 591 438 918 153 486 585 36 411 287 506 347 227 499 444 304 560 393 190 161 19 53 664 1000 29 614 107 448 59 
495 797 32 700 147 553 308 936 370 86 550 805 471 264 12 416 32 768 625 705 107 535 78 401 570 961 214 415 909 54 0 613 501 413 203 939 682 708 424 266 95 835 552 600 533 779 450 976 434 9 721 623 170 739 675 185 91 703 798 549 
372 297 208 854 924 559 925 942 937 841 613 784 342 293 55 103 542 752 409 448 83 496 914 985 994 410 368 391 438 354 613 0 150 857 161 3 621 716 941 302 423 716 567 517 550 471 468 435 601 917 410 34 278 130 9 799 221 35 983 663 
471 569 502 860 575 859 738 824 751 35 372 11 919 95 672 230 328 645 704 200 813 403 851 636 831 724 471 398 33 591 501 150 0 738 780 211 239 988 724 241 608 439 533 909 213 249 828 729 150 298 548 584 250 464 346 635 93 827 643 891 
671 898 95 702 568 961 446 136 947 21 411 342 185 209 113 301 232 616 375 289 923 191 194 739 252 869 207 304 212 438 413 857 738 0 399 30 873 61 767 5 624 357 992 699 950 952 137 834 860 701 434 687 781 584 336 328 519 937 791 216 
950 130 530 560 403 290 765 522 613 487 964 791 710 812 856 88 69 545 729 367 757 327 883 922 228 969 538 126 563 918 203 161 780 399 0 572 236 43 566 126 441 595 351 854 713 707 477 422 50 527 723 1 15 556 861 715 990 899 495 925 
901 850 463 445 564 131 29 99 390 186 98 107 459 164 891 270 593 689 17 256 593 980 432 226 960 993 735 665 49 153 939 3 211 30 572 0 587 822 795 523 964 11 446 199 405 364 325 197 310 27 50 375 733 878 796 134 756 870 135 770 
342 173 454 735 953 788 610 406 435 326 467 71 300 301 265 674 319 135 397 255 461 834 197 564 908 818 915 105 668 486 682 621 239 873 236 587 0 425 347 484 766 245 978 42 831 151 837 706 115 199 503 313 603 866 989 151 176 367 553 902 
203 634 420 824 934 354 445 698 808 184 721 479 27 321 63 14 43 258 240 302 618 801 161 683 560 265 802 969 883 585 708 716 988 61 43 822 425 0 451 782 697 585 538 566 719 307 342 65 791 108 661 120 149 844 271 337 901 737 535 403 
372 432 320 883 54 549 264 967 345 968 954 982 831 895 58 575 980 770 820 153 863 411 987 235 918 709 844 526 574 36 424 941 724 767 566 795 347 451 0 49 489 621 390 640 148 108 192 49 559 973 745 143 510 662 213 817 355 629 959 462 
730 996 294 862 198 538 326 974 261 781 384 837 259 728 901 698 759 428 907 344 174 765 938 777 598 265 862 683 350 411 266 302 241 5 126 523 484 782 49 0 289 78 963 484 700 651 384 436 186 139 837 26 759 226 665 906 685 208 954 243 
468 479 159 618 518 992 35 830 755 194 277 294 460 761 506 886 23 119 677 189 657 970 591 657 945 758 227 236 119 287 95 423 608 624 441 964 766 697 489 289 0 181 50 737 42 63 949 210 417 577 168 231 218 598 545 53 297 195 789 733 
629 217 350 783 807 535 62 463 587 9 93 419 305 58 782 170 380 188 360 465 831 229 474 333 365 947 916 12 937 506 835 716 439 357 595 11 245 585 621 78 181 0 732 927 569 758 37 146 774 942 830 982 247 425 162 648 161 555 710 110 
863 542 768 146 238 43 354 278 27 957 166 40 486 177 425 972 166 934 233 675 577 4 762 959 447 426 135 240 589 347 552 567 533 992 351 446 978 538 390 963 50 732 0 765 126 38 932 356 607 529 900 12 178 447 800 262 178 78 830 287 
232 405 33 830 484 546 267 112 878 492 271 920 342 755 491 431 71 399 568 429 292 926 657 339 493 72 558 876 994 227 600 517 909 699 854 199 42 566 640 484 737 927 765 0 114 327 61 407 508 42 653 932 555 300 93 109 9 554 873 486 
97 821 726 354 383 826 989 723 316 800 72 405 166 57 900 815 849 320 705 539 123 204 214 33 239 922 289 457 745 499 533 550 213 950 713 405 831 719 148 700 42 569 126 114 0 591 157 842 550 37 93 561 214 539 360 475 69 437 656 355 
714 69 423 724 513 833 169 963 315 431 334 207 869 854 586 849 442 313 967 510 432 389 975 95 162 980 446 137 726 444 779 471 249 952 707 364 151 307 108 651 63 758 38 327 591 0 902 334 415 308 842 808 960 773 362 611 865 471 971 770 
255 194 124 201 16 152 851 3 747 754 285 269 360 867 885 176 693 22 935 270 932 79 99 498 963 22 546 364 709 304 450 468 828 137 477 325 837 342 192 384 949 37 932 61 157 902 0 695 456 713 203 649 262 240 94 174 805 984 885 632 
46 8 644 627 577 313 817 779 450 332 537 154 389 750 634 914 520 512 898 361 817 135 831 549 975 960 488 206 950 560 976 435 729 834 422 197 706 65 49 436 210 146 356 407 842 334 695 0 52 673 287 759 574 973 173 881 814 981 192 586 
366 44 131 68 569 788 874 263 652 340 335 338 946 802 688 88 361 804 90 688 467 825 683 523 203 989 397 809 886 393 434 601 150 860 50 310 115 791 559 186 417 774 607 508 550 415 456 52 0 694 154 803 516 124 572 211 931 284 765 932 
670 695 738 956 694 917 779 923 934 824 625 363 520 868 374 975 82 159 536 617 887 715 349 715 598 848 673 542 602 190 9 917 298 701 527 27 199 108 973 139 577 942 529 42 37 308 713 673 694 0 897 4 377 70 161 360 954 792 764 626 
310 97 983 625 952 390 532 869 558 561 537 368 718 152 927 36 294 86 312 404 957 389 137 471 687 952 179 325 627 161 721 410 548 434 723 50 503 661 745 837 168 830 900 653 93 842 203 287 154 897 0 430 522 199 402 46 431 215 378 974 
938 65 32 187 331 931 621 624 170 509 8 541 93 856 306 440 862 189 979 636 976 862 160 385 10 127 120 274 512 19 623 34 584 687 1 375 313 120 143 26 231 982 12 932 561 808 649 759 803 4 430 0 153 424 127 307 939 602 878 501 
85 266 8 186 94 64 252 845 583 352 96 115 158 815 25 629 419 975 241 293 386 442 517 42 827 339 466 902 503 53 170 278 250 781 15 733 603 149 510 759 218 247 178 555 214 960 262 574 516 377 522 153 0 533 514 266 816 410 621 544 
885 208 365 618 527 331 71 578 647 375 378 966 380 285 873 48 154 892 723 856 153 266 76 284 640 372 9 356 982 664 739 130 464 584 556 878 866 844 662 226 598 425 447 300 539 773 240 973 124 70 199 424 533 0 832 781 255 137 572 18 
181 746 332 789 719 89 200 325 800 705 336 21 76 444 244 408 280 994 836 288 580 709 866 713 787 442 679 114 977 1000 675 9 346 336 861 796 989 271 213 665 545 162 800 93 360 362 94 173 572 161 402 127 514 832 0 763 354 891 313 755 
763 125 726 505 914 139 581 288 306 405 876 960 441 725 923 697 781 383 490 343 84 251 570 808 492 479 488 97 599 29 185 799 635 328 715 134 151 337 817 906 53 648 262 109 475 611 174 881 211 360 46 307 266 781 763 0 289 96 322 18 
741 755 163 946 409 841 275 137 698 857 414 82 812 525 545 470 380 16 823 35 637 307 863 878 421 560 196 775 108 614 91 221 93 519 990 756 176 901 355 685 297 161 178 9 69 865 805 814 931 954 431 939 816 255 354 289 0 69 474 441 
757 312 896 422 731 940 919 195 783 918 816 123 98 985 294 276 272 193 827 956 902 126 975 954 315 23 420 92 420 107 703 35 827 937 899 870 367 737 629 208 195 555 78 554 437 471 984 981 284 792 215 602 410 137 891 96 69 0 196 780 
988 813 651 480 921 165 825 955 455 557 86 228 643 119 877 622 840 123 348 141 38 168 814 425 788 188 979 143 94 448 798 983 643 791 495 135 553 535 959 954 789 710 830 873 656 971 885 192 765 764 378 878 621 572 313 322 474 196 0 732 
910 64 706 637 828 681 869 474 11 788 204 531 1000 810 394 320 492 602 692 158 376 940 976 313 837 741 695 47 154 59 549 663 891 216 925 770 902 403 462 243 733 110 287 486 355 770 632 586 932 626 974 501 544 18 755 18 441 780 732 0 
