10
0 486 949 306 31 30 560 899 161 563 
486 0 425 720 281 642 903 11 481 727 
949 425 0 584 790 141 709 724 939 558 
306 720 584 0 494 432 711 221 906 691 
31 281 790 494 0 614 392 639 271 422 
30 642 141 432 614 0 668 830 672 181 
560 903 709 711 392 668 0 744 96 900 
899 11 724 221 639 830 744 0 25 89 
161 481 939 906 271 672 96 25 0 155 
563 727 558 691 422 181 900 89 155 0 
