20
0 802 199 55 821 655 77 758 63 568 773 978 377 363 91 996 841 2 89 317 
802 0 794 782 885 766 962 493 701 58 703 173 605 405 326 804 460 146 810 888 
199 794 0 903 872 455 28 202 184 742 644 179 583 646 268 251 439 49 135 556 
55 782 903 0 362 979 609 771 682 781 375 438 107 530 897 604 340 136 859 563 
821 885 872 362 0 591 886 116 126 627 760 304 561 405 923 811 843 971 297 398 
655 766 455 979 591 0 684 628 6 454 309 139 829 746 597 710 995 200 49 130 
77 962 28 609 886 684 0 58 964 72 295 79 197 274 190 853 834 594 775 997 
758 493 202 771 116 628 58 0 788 98 645 538 781 272 895 235 580 33 415 678 
63 701 184 682 126 6 964 788 0 629 124 24 181 525 505 590 488 577 885 918 
568 58 742 781 627 454 72 98 629 0 125 158 108 977 343 53 104 691 841 201 
773 703 644 375 760 309 295 645 124 125 0 336 378 981 607 272 567 539 657 981 
978 173 179 438 304 139 79 538 24 158 336 0 568 637 457 591 169 981 95 759 
377 605 583 107 561 829 197 781 181 108 378 568 0 820 23 995 89 148 504 196 
363 405 646 530 405 746 274 272 525 977 981 637 820 0 476 198 601 579 889 793 
91 326 268 897 923 597 190 895 505 343 607 457 23 476 0 131 224 170 464 182 
996 804 251 604 811 710 853 235 590 53 272 591 995 198 131 0 793 30 720 801 
841 460 439 340 843 995 834 580 488 104 567 169 89 601 224 793 0 11 287 790 
2 146 49 136 971 200 594 33 577 691 539 981 148 579 170 30 11 0 467 229 
89 810 135 859 297 49 775 415 885 841 657 95 504 889 464 720 287 467 0 958 
317 888 556 563 398 130 997 678 918 201 981 759 196 793 182 801 790 229 958 0 
