60
0 725 139 267 487 636 879 717 123 832 737 584 292 142 813 349 800 949 106 685 294 942 882 629 536 644 928 62 15 925 243 884 649 381 150 488 17 28 204 491 212 940 74 503 81 886 203 880 187 308 917 832 601 798 461 488 441 740 549 455 
725 0 665 791 691 665 523 840 152 539 220 355 29 783 647 454 285 727 692 839 959 878 498 875 61 98 24 521 585 464 613 485 270 277 627 960 941 149 152 445 40 723 799 420 505 797 874 141 876 565 979 834 794 476 60 206 925 83 79 861 
139 665 0 898 691 697 167 967 323 479 259 823 982 703 862 704 854 282 560 650 155 700 525 71 30 710 216 857 121 421 133 555 499 345 452 189 41 971 507 715 801 118 537 782 820 399 485 25 32 44 27 538 95 903 960 476 965 175 332 85 
267 791 898 0 947 464 992 798 808 795 338 200 765 197 914 917 314 802 698 133 200 182 510 583 577 536 120 23 438 79 498 754 253 829 839 552 644 182 701 803 976 38 2 93 234 267 9 547 69 707 32 620 240 893 203 169 428 322 191 217 
487 691 691 947 0 401 689 971 5 869 161 908 513 342 608 315 669 646 669 761 231 287 770 130 355 828 513 327 419 405 529 587 184 202 778 752 602 466 74 959 334 234 866 198 927 474 865 596 471 533 708 53 819 829 534 526 656 398 852 75 
636 665 697 464 401 0 802 732 661 337 933 790 89 887 255 514 845 941 748 62 138 26 887 2 621 709 886 681 762 57 509 647 582 517 45 785 591 198 516 603 535 448 393 975 334 999 488 530 939 587 592 429 613 478 430 585 539 316 265 652 
879 523 167 992 689 802 0 372 126 298 305 642 342 89 584 540 956 186 426 755 930 400 441 281 239 970 571 826 913 999 790 743 781 374 281 96 991 932 819 116 581 475 757 923 915 340 814 870 877 239 976 159 990 416 439 580 738 9 405 650 
717 840 967 798 971 732 372 0 360 194 744 140 920 376 587 910 307 757 25 240 231 781 162 145 472 327 366 348 917 341 506 906 757 944 485 846 305 242 847 664 787 591 155 706 966 741 615 625 497 991 864 79 771 377 223 594 703 940 942 971 
123 152 323 808 5 661 126 360 0 280 447 228 388 743 712 585 399 305 432 414 92 22 568 149 339 660 764 315 508 754 530 586 877 906 160 470 960 99 763 282 730 562 509 470 656 573 54 54 877 485 819 320 858 738 469 549 397 584 863 256 
832 539 479 795 869 337 298 194 280 0 337 393 841 565 650 352 387 962 802 501 243 531 62 752 352 717 676 758 122 552 242 940 224 452 677 692 1000 425 275 214 680 963 606 872 880 608 223 618 921 24 118 515 907 180 618 610 248 293 367 370 
737 220 259 338 161 933 305 744 447 337 0 197 961 309 420 412 986 111 763 410 737 976 442 51 934 313 930 893 536 547 813 911 17 327 817 196 297 427 443 589 793 164 785 105 473 556 516 810 18 278 571 754 606 12 805 539 325 86 431 212 
584 355 823 200 908 790 642 140 228 393 197 0 985 595 122 1 273 291 548 569 717 342 510 861 506 646 966 330 202 833 139 219 463 709 325 68 721 481 958 397 566 740 608 902 334 81 254 958 371 801 879 439 143 388 300 1000 33 617 329 586 
292 29 982 765 513 89 342 920 388 841 961 985 0 801 467 157 263 527 481 682 599 961 639 995 878 378 954 132 63 35 385 21 405 186 899 844 680 638 495 31 22 463 359 608 263 177 764 878 703 596 559 302 908 198 648 785 927 602 268 990 
142 783 703 197 342 887 89 376 743 565 309 595 801 0 988 653 10 392 190 260 587 869 897 433 251 270 895 609 877 510 137 992 387 191 587 297 492 494 494 492 631 421 93 898 762 80 902 123 823 91 382 762 311 630 194 561 899 441 521 128 
813 647 862 914 608 255 584 587 712 650 420 122 467 988 0 302 657 471 40 848 58 336 691 903 182 182 885 954 626 135 715 57 36 837 232 479 570 993 789 199 538 702 449 978 222 576 631 231 47 670 430 456 6 120 710 539 654 947 492 279 
349 454 704 917 315 514 540 910 585 352 412 1 157 653 302 0 81 206 688 468 42 919 298 611 263 439 161 800 140 961 130 713 889 760 943 287 430 372 742 787 844 803 325 497 749 168 127 181 373 814 1 766 84 650 728 346 88 240 498 227 
800 285 854 314 669 845 956 307 399 387 986 273 263 10 657 81 0 200 627 292 88 386 234 374 167 958 467 953 801 622 629 297 722 796 423 903 520 589 255 637 672 904 716 370 992 955 867 570 507 845 861 594 230 447 320 397 404 138 701 204 
949 727 282 802 646 941 186 757 305 962 111 291 527 392 471 206 200 0 759 330 852 481 477 626 735 997 214 341 985 238 244 701 959 587 7 177 509 513 21 721 459 250 167 778 998 922 267 699 125 26 380 328 858 208 954 592 556 519 932 541 
106 692 560 698 669 748 426 25 432 802 763 548 481 190 40 688 627 759 0 756 527 241 66 466 247 242 974 112 262 694 570 864 213 699 213 134 965 263 611 990 642 938 199 850 243 142 757 762 73 297 517 952 889 583 417 488 176 742 599 438 
685 839 650 133 761 62 755 240 414 501 410 569 682 260 848 468 292 330 756 0 435 520 653 999 218 865 133 182 128 743 524 121 32 722 322 275 864 79 36 288 727 904 239 616 838 7 455 14 748 405 803 535 924 807 533 141 671 17 322 150 
294 959 155 200 231 138 930 231 92 243 737 717 599 587 58 42 88 852 527 435 0 111 197 623 143 919 296 769 782 726 156 421 453 411 660 420 249 18 226 614 766 630 768 652 553 574 184 45 596 201 718 98 311 915 72 805 833 367 573 966 
942 878 700 182 287 26 400 781 22 531 976 342 961 869 336 919 386 481 241 520 111 0 93 80 738 897 491 749 668 91 767 893 56 884 522 823 535 426 748 718 470 695 270 539 144 933 453 215 737 637 934 662 954 378 93 692 274 583 440 941 
882 498 525 510 770 887 441 162 568 62 442 510 639 897 691 298 234 477 66 653 197 93 0 673 558 185 728 441 706 902 975 483 1 45 304 696 666 842 839 598 295 406 687 931 339 700 237 68 792 928 341 727 719 633 399 277 817 479 69 874 
629 875 71 583 130 2 281 145 149 752 51 861 995 433 903 611 374 626 466 999 623 80 673 0 380 44 356 381 440 659 428 105 500 618 55 146 23 741 429 713 792 665 780 583 944 472 309 662 456 60 290 624 538 359 497 269 754 204 1 545 
536 61 30 577 355 621 239 472 339 352 934 506 878 251 182 263 167 735 247 218 143 738 558 380 0 214 428 649 66 46 703 211 420 795 639 133 586 655 264 521 598 88 181 612 543 592 253 519 481 963 15 750 68 571 750 612 784 530 261 849 
644 98 710 536 828 709 970 327 660 717 313 646 378 270 182 439 958 997 242 865 919 897 185 44 214 0 927 315 60 346 462 50 830 47 57 446 919 654 533 452 617 427 43 222 945 524 184 312 273 252 882 374 863 17 255 475 866 181 142 277 
928 24 216 120 513 886 571 366 764 676 930 966 954 895 885 161 467 214 974 133 296 491 728 356 428 927 0 527 603 678 708 1 734 153 272 740 37 723 708 816 765 929 760 288 465 423 912 716 656 638 930 673 892 757 890 73 250 518 951 852 
62 521 857 23 327 681 826 348 315 758 893 330 132 609 954 800 953 341 112 182 769 749 441 381 649 315 527 0 547 658 204 633 163 475 724 199 549 431 14 314 360 126 953 176 900 865 891 556 502 172 580 745 280 821 817 529 690 767 732 236 
15 585 121 438 419 762 913 917 508 122 536 202 63 877 626 140 801 985 262 128 782 668 706 440 66 60 603 547 0 777 936 220 939 762 943 489 663 374 503 976 85 980 280 260 879 144 502 786 997 673 365 742 953 537 910 833 226 29 565 814 
925 464 421 79 405 57 999 341 754 552 547 833 35 510 135 961 622 238 694 743 726 91 902 659 46 346 678 658 777 0 805 852 33 95 965 328 583 627 701 437 954 137 416 234 396 647 729 249 432 78 921 149 819 225 685 80 58 263 108 974 
243 613 133 498 529 509 790 506 530 242 813 139 385 137 715 130 629 244 570 524 156 767 975 428 703 462 708 204 936 805 0 76 912 825 460 6 789 787 941 768 839 377 721 975 145 954 722 791 35 970 222 112 243 370 282 819 407 361 228 669 
884 485 555 754 587 647 743 906 586 940 911 219 21 992 57 713 297 701 864 121 421 893 483 105 211 50 1 633 220 852 76 0 469 201 96 732 377 907 90 166 694 30 933 884 758 5 859 902 311 932 692 345 902 914 456 144 635 89 314 41 
649 270 499 253 184 582 781 757 877 224 17 463 405 387 36 889 722 959 213 32 453 56 1 500 420 830 734 163 939 33 912 469 0 449 542 709 917 742 804 1 119 711 90 636 756 471 920 639 228 924 849 130 586 781 821 930 34 86 737 177 
381 277 345 829 202 517 374 944 906 452 327 709 186 191 837 760 796 587 699 722 411 884 45 618 795 47 153 475 762 95 825 201 449 0 73 825 842 113 274 383 174 542 125 329 542 595 391 983 582 146 453 501 137 681 776 337 810 362 469 982 
150 627 452 839 778 45 281 485 160 677 817 325 899 587 232 943 423 7 213 322 660 522 304 55 639 57 272 724 943 965 460 96 542 73 0 291 502 420 380 30 492 204 872 604 829 254 129 371 730 458 264 324 848 247 905 346 699 757 834 379 
488 960 189 552 752 785 96 846 470 692 196 68 844 297 479 287 903 177 134 275 420 823 696 146 133 446 740 199 489 328 6 732 709 825 291 0 533 170 540 246 639 874 536 140 293 267 522 784 471 393 739 299 998 868 21 728 325 285 403 524 
17 941 41 644 602 591 991 305 960 1000 297 721 680 492 570 430 520 509 965 864 249 535 666 23 586 919 37 549 663 583 789 377 917 842 502 533 0 883 660 869 933 416 702 664 300 872 203 545 862 76 433 353 720 699 874 503 521 266 594 820 
28 149 971 182 466 198 932 242 99 425 427 481 638 494 993 372 589 513 263 79 18 426 842 741 655 654 723 431 374 627 787 907 742 113 420 170 883 0 264 461 192 343 137 828 745 660 710 404 529 643 172 230 306 823 453 860 720 314 288 152 
204 152 507 701 74 516 819 847 763 275 443 958 495 494 789 742 255 21 611 36 226 748 839 429 264 533 708 14 503 701 941 90 804 274 380 540 660 264 0 667 7 202 892 862 723 510 455 894 773 267 85 467 755 913 211 414 974 967 294 968 
491 445 715 803 959 603 116 664 282 214 589 397 31 492 199 787 637 721 990 288 614 718 598 713 521 452 816 314 976 437 768 166 1 383 30 246 869 461 667 0 490 876 273 664 328 485 383 994 772 886 12 130 88 903 991 162 412 797 55 536 
212 40 801 976 334 535 581 787 730 680 793 566 22 631 538 844 672 459 642 727 766 470 295 792 598 617 765 360 85 954 839 694 119 174 492 639 933 192 7 490 0 63 491 2 817 755 565 583 729 883 876 696 372 751 321 35 431 805 418 776 
940 723 118 38 234 448 475 591 562 963 164 740 463 421 702 803 904 250 938 904 630 695 406 665 88 427 929 126 980 137 377 30 711 542 204 874 416 343 202 876 63 0 928 655 787 57 742 41 400 255 805 196 661 340 611 152 694 779 258 258 
74 799 537 2 866 393 757 155 509 606 785 608 359 93 449 325 716 167 199 239 768 270 687 780 181 43 760 953 280 416 721 933 90 125 872 536 702 137 892 273 491 928 0 361 986 140 589 34 863 691 706 897 473 510 666 248 789 321 34 845 
503 420 782 93 198 975 923 706 470 872 105 902 608 898 978 497 370 778 850 616 652 539 931 583 612 222 288 176 260 234 975 884 636 329 604 140 664 828 862 664 2 655 361 0 414 75 596 669 879 792 329 570 754 832 263 532 90 872 245 427 
81 505 820 234 927 334 915 966 656 880 473 334 263 762 222 749 992 998 243 838 553 144 339 944 543 945 465 900 879 396 145 758 756 542 829 293 300 745 723 328 817 787 986 414 0 363 185 460 225 875 165 474 348 26 491 595 166 163 981 11 
886 797 399 267 474 999 340 741 573 608 556 81 177 80 576 168 955 922 142 7 574 933 700 472 592 524 423 865 144 647 954 5 471 595 254 267 872 660 510 485 755 57 140 75 363 0 577 407 606 597 637 749 277 206 502 461 821 386 550 44 
203 874 485 9 865 488 814 615 54 223 516 254 764 902 631 127 867 267 757 455 184 453 237 309 253 184 912 891 502 729 722 859 920 391 129 522 203 710 455 383 565 742 589 596 185 577 0 630 976 407 814 788 631 40 304 104 739 682 947 686 
880 141 25 547 596 530 870 625 54 618 810 958 878 123 231 181 570 699 762 14 45 215 68 662 519 312 716 556 786 249 791 902 639 983 371 784 545 404 894 994 583 41 34 669 460 407 630 0 847 109 666 209 685 424 167 633 60 267 262 617 
187 876 32 69 471 939 877 497 877 921 18 371 703 823 47 373 507 125 73 748 596 737 792 456 481 273 656 502 997 432 35 311 228 582 730 471 862 529 773 772 729 400 863 879 225 606 976 847 0 769 722 789 154 271 833 135 598 239 300 737 
308 565 44 707 533 587 239 991 485 24 278 801 596 91 670 814 845 26 297 405 201 637 928 60 963 252 638 172 673 78 970 932 924 146 458 393 76 643 267 886 883 255 691 792 875 597 407 109 769 0 221 691 393 677 430 74 623 115 272 731 
917 979 27 32 708 592 976 864 819 118 571 879 559 382 430 1 861 380 517 803 718 934 341 290 15 882 930 580 365 921 222 692 849 453 264 739 433 172 85 12 876 805 706 329 165 637 814 666 722 221 0 132 833 768 555 999 752 966 265 13 
832 834 538 620 53 429 159 79 320 515 754 439 302 762 456 766 594 328 952 535 98 662 727 624 750 374 673 745 742 149 112 345 130 501 324 299 353 230 467 130 696 196 897 570 474 749 788 209 789 691 132 0 582 385 734 723 890 356 555 24 
601 794 95 240 819 613 990 771 858 907 606 143 908 311 6 84 230 858 889 924 311 954 719 538 68 863 892 280 953 819 243 902 586 137 848 998 720 306 755 88 372 661 473 754 348 277 631 685 154 393 833 582 0 306 145 323 42 717 366 434 
798 476 903 893 829 478 416 377 738 180 12 388 198 630 120 650 447 208 583 807 915 378 633 359 571 17 757 821 537 225 370 914 781 681 247 868 699 823 913 903 751 340 510 832 26 206 40 424 271 677 768 385 306 0 745 795 859 367 261 131 
461 60 960 203 534 430 439 223 469 618 805 300 648 194 710 728 320 954 417 533 72 93 399 497 750 255 890 817 910 685 282 456 821 776 905 21 874 453 211 991 321 611 666 263 491 502 304 167 833 430 555 734 145 745 0 450 392 315 569 298 
488 206 476 169 526 585 580 594 549 610 539 1000 785 561 539 346 397 592 488 141 805 692 277 269 612 475 73 529 833 80 819 144 930 337 346 728 503 860 414 162 35 152 248 532 595 461 104 633 135 74 999 723 323 795 450 0 313 320 615 929 
441 925 965 428 656 539 738 703 397 248 325 33 927 899 654 88 404 556 176 671 833 274 817 754 784 866 250 690 226 58 407 635 34 810 699 325 521 720 974 412 431 694 789 90 166 821 739 60 598 623 752 890 42 859 392 313 0 685 196 314 
740 83 175 322 398 316 9 940 584 293 86 617 602 441 947 240 138 519 742 17 367 583 479 204 530 181 518 767 29 263 361 89 86 362 757 285 266 314 967 797 805 779 321 872 163 386 682 267 239 115 966 356 717 367 315 320 685 0 418 270 
549 79 332 191 852 265 405 942 863 367 431 329 268 521 492 498 701 932 599 322 573 440 69 1 261 142 951 732 565 108 228 314 737 469 834 403 594 288 294 55 418 258 34 245 981 550 947 262 300 272 265 555 366 261 569 615 196 418 0 203 
455 861 85 217 75 652 650 971 256 370 212 586 990 128 279 227 204 541 438 150 966 941 874 545 849 277 852 236 814 974 669 41 177 982 379 524 820 152 968 536 776 258 845 427 11 44 686 617 737 731 13 24 434 131 298 929 314 270 203 0 
