20
0 61 97 33 14 13 12 58 32 95 50 60 21 17 35 96 62 22 21 67 
61 0 13 87 78 47 50 45 22 85 46 57 38 92 17 86 25 82 50 88 
97 13 0 91 81 82 92 92 54 8 27 2 69 48 74 88 12 60 65 11 
33 87 91 0 9 61 32 45 58 88 34 50 56 19 26 89 68 13 79 100 
14 78 81 9 0 47 70 92 52 29 70 5 98 69 78 85 80 90 1 90 
13 47 82 61 47 0 50 61 74 95 19 13 28 20 21 47 97 9 66 61 
12 50 92 32 70 50 0 40 18 7 61 9 11 90 30 15 39 98 93 75 
58 45 92 45 92 61 40 0 29 82 75 19 31 87 44 77 57 56 5 28 
32 22 54 58 52 74 18 29 0 28 3 76 37 20 37 28 37 95 88 45 
95 85 8 88 29 95 7 82 28 0 5 77 74 20 67 23 64 41 52 97 
50 46 27 34 70 19 61 75 3 5 0 67 22 79 6 65 56 62 72 12 
60 57 2 50 5 13 9 19 76 77 67 0 42 100 14 17 88 33 5 15 
21 38 69 56 98 28 11 31 37 74 22 42 0 22 100 2 66 56 31 92 
17 92 48 19 69 20 90 87 20 20 79 100 22 0 27 97 66 90 38 17 
35 17 74 26 78 21 30 44 37 67 6 14 100 27 0 38 4 90 17 9 
96 86 88 89 85 47 15 77 28 23 65 17 2 97 38 0 6 24 23 78 
62 25 12 68 80 97 39 57 37 64 56 88 66 66 4 6 0 87 16 29 
22 82 60 13 90 9 98 56 95 41 62 33 56 90 90 24 87 0 52 84 
21 50 65 79 1 66 93 5 88 52 72 5 31 38 17 23 16 52 0 16 
67 88 11 100 90 61 75 28 45 97 12 15 92 17 9 78 29 84 16 0 
