10
0 427 949 795 37 507 108 93 418 665 
427 0 922 821 481 167 995 355 124 438 
949 922 0 934 485 318 313 932 18 710 
795 821 934 0 166 157 609 70 746 996 
37 481 485 166 0 423 172 296 570 560 
507 167 318 157 423 0 802 677 653 572 
108 995 313 609 172 802 0 341 926 744 
93 355 932 70 296 677 341 0 173 92 
418 124 18 746 570 653 926 173 0 90 
665 438 710 996 560 572 744 92 90 0 
