20
0 113 999 982 454 99 448 487 328 375 918 608 877 621 402 93 616 895 883 806 
113 0 304 550 37 24 213 599 742 603 176 274 806 229 738 804 210 192 255 658 
999 304 0 678 582 384 948 541 261 568 294 353 535 541 587 692 844 137 728 868 
982 550 678 0 701 326 961 655 853 235 460 81 972 616 291 515 222 300 545 155 
454 37 582 701 0 683 492 695 943 411 341 647 945 881 586 636 76 74 715 943 
99 24 384 326 683 0 774 392 256 428 244 490 239 324 461 854 966 328 427 265 
448 213 948 961 492 774 0 872 581 948 363 276 242 773 968 241 69 848 826 704 
487 599 541 655 695 392 872 0 923 899 770 218 24 161 473 803 756 314 41 79 
328 742 261 853 943 256 581 923 0 126 247 397 453 673 661 324 254 608 38 881 
375 603 568 235 411 428 948 899 126 0 202 162 848 442 230 47 267 285 321 517 
918 176 294 460 341 244 363 770 247 202 0 54 890 540 566 714 342 321 27 382 
608 274 353 81 647 490 276 218 397 162 54 0 752 505 980 148 957 653 808 633 
877 806 535 972 945 239 242 24 453 848 890 752 0 258 768 670 490 969 832 337 
621 229 541 616 881 324 773 161 673 442 540 505 258 0 410 61 735 28 698 55 
402 738 587 291 586 461 968 473 661 230 566 980 768 410 0 544 751 945 83 669 
93 804 692 515 636 854 241 803 324 47 714 148 670 61 544 0 658 424 989 37 
616 210 844 222 76 966 69 756 254 267 342 957 490 735 751 658 0 157 92 541 
895 192 137 300 74 328 848 314 608 285 321 653 969 28 945 424 157 0 137 239 
883 255 728 545 715 427 826 41 38 321 27 808 832 698 83 989 92 137 0 497 
806 658 868 155 943 265 704 79 881 517 382 633 337 55 669 37 541 239 497 0 
