50
0 977 925 108 954 665 727 106 998 449 728 288 246 810 114 482 155 838 912 494 398 692 898 414 838 525 589 826 269 39 309 511 367 585 971 672 249 697 778 598 497 505 885 742 666 998 575 821 188 487 
977 0 666 585 530 563 998 719 87 587 544 707 977 852 570 344 788 540 367 37 588 144 986 85 1 871 178 666 868 753 838 407 591 503 992 472 418 341 190 856 927 85 563 256 936 484 951 75 23 317 
925 666 0 111 610 813 449 46 813 319 224 478 538 328 668 945 918 522 936 741 939 276 930 795 555 14 709 810 301 192 760 375 566 428 838 527 240 286 573 52 956 148 882 493 475 549 437 744 70 372 
108 585 111 0 484 361 1000 413 155 554 778 215 715 430 406 826 156 971 253 345 849 493 982 421 544 937 568 777 430 42 325 866 785 747 590 268 459 589 32 965 494 161 179 560 590 584 385 98 906 637 
954 530 610 484 0 442 106 481 424 527 377 360 94 153 141 488 830 7 624 576 948 244 34 888 275 350 733 788 528 292 729 463 28 826 720 664 268 825 497 691 351 873 50 797 25 191 636 854 549 259 
665 563 813 361 442 0 781 496 502 166 735 129 515 467 916 42 758 644 856 137 470 575 152 89 400 648 779 102 520 180 898 897 722 533 750 622 144 883 469 645 48 203 125 915 669 392 956 778 36 164 
727 998 449 1000 106 781 0 914 857 738 66 945 489 65 75 591 585 254 840 833 976 725 582 949 868 816 418 864 864 620 989 130 289 380 85 418 767 248 684 975 338 101 271 826 165 345 768 101 599 608 
106 719 46 413 481 496 914 0 933 926 332 867 874 551 682 291 414 897 263 754 26 903 134 463 320 252 62 3 227 751 455 497 577 620 842 344 72 792 303 5 69 634 223 294 184 256 937 950 153 199 
998 87 813 155 424 502 857 933 0 703 530 101 188 344 772 440 406 127 18 508 581 514 84 200 707 780 272 850 82 628 270 716 202 564 251 457 852 552 609 50 607 491 502 794 834 273 585 591 399 602 
449 587 319 554 527 166 738 926 703 0 99 980 468 534 531 174 313 154 376 395 133 645 462 334 560 64 791 411 968 751 812 574 241 313 367 427 586 952 369 336 905 819 315 372 353 846 898 17 351 273 
728 544 224 778 377 735 66 332 530 99 0 763 484 269 224 817 181 640 607 943 607 358 755 532 950 419 250 376 4 201 97 340 106 915 6 829 619 203 726 636 554 350 398 37 619 974 205 151 613 812 
288 707 478 215 360 129 945 867 101 980 763 0 93 571 521 847 454 470 266 703 198 621 256 294 312 713 560 318 541 179 520 267 814 425 616 563 813 586 536 18 736 500 181 829 422 701 27 875 522 644 
246 977 538 715 94 515 489 874 188 468 484 93 0 930 719 265 185 364 928 897 276 245 437 454 117 55 619 893 23 533 706 608 421 723 344 920 903 524 694 955 902 920 476 546 849 547 162 385 262 441 
810 852 328 430 153 467 65 551 344 534 269 571 930 0 281 537 38 70 342 154 476 312 398 498 845 103 106 265 177 801 536 431 676 229 385 929 501 861 826 701 407 987 86 668 428 718 557 465 139 898 
114 570 668 406 141 916 75 682 772 531 224 521 719 281 0 970 615 210 719 464 406 822 569 22 998 721 557 429 748 138 165 677 638 25 502 338 783 841 775 803 620 493 359 436 631 608 757 597 169 475 
482 344 945 826 488 42 591 291 440 174 817 847 265 537 970 0 61 574 296 981 595 646 702 504 426 801 993 590 829 630 967 331 319 749 523 446 903 142 938 261 577 920 221 685 517 389 159 577 963 807 
155 788 918 156 830 758 585 414 406 313 181 454 185 38 615 61 0 909 909 804 962 764 229 763 756 170 591 737 136 273 408 237 795 853 139 288 790 752 216 61 972 900 577 712 59 505 26 217 414 287 
838 540 522 971 7 644 254 897 127 154 640 470 364 70 210 574 909 0 20 375 50 600 489 806 769 80 894 257 704 301 493 499 153 983 786 294 86 354 355 57 253 283 121 663 788 146 879 553 432 250 
912 367 936 253 624 856 840 263 18 376 607 266 928 342 719 296 909 20 0 279 482 849 768 639 618 199 532 874 902 833 718 752 337 700 890 631 786 243 337 194 495 619 666 510 758 812 388 662 243 990 
494 37 741 345 576 137 833 754 508 395 943 703 897 154 464 981 804 375 279 0 941 76 838 708 66 807 258 598 32 511 782 749 263 118 801 152 100 938 746 788 483 240 759 149 101 516 312 489 178 906 
398 588 939 849 948 470 976 26 581 133 607 198 276 476 406 595 962 50 482 941 0 830 470 982 667 529 47 826 786 996 857 296 129 958 910 599 110 413 50 399 158 838 881 750 596 381 850 463 692 690 
692 144 276 493 244 575 725 903 514 645 358 621 245 312 822 646 764 600 849 76 830 0 640 598 519 461 931 538 989 329 363 126 677 219 774 805 528 683 403 637 96 453 35 253 642 268 2 237 1000 852 
898 986 930 982 34 152 582 134 84 462 755 256 437 398 569 702 229 489 768 838 470 640 0 699 692 893 691 641 412 151 923 949 492 603 311 617 279 881 390 436 761 425 190 397 520 642 784 124 283 403 
414 85 795 421 888 89 949 463 200 334 532 294 454 498 22 504 763 806 639 708 982 598 699 0 478 871 402 681 570 445 573 612 437 984 114 711 932 605 314 594 574 944 827 315 379 587 739 569 335 258 
838 1 555 544 275 400 868 320 707 560 950 312 117 845 998 426 756 769 618 66 667 519 692 478 0 562 470 382 197 872 859 67 626 539 988 70 463 599 859 447 713 569 730 669 234 324 242 178 150 557 
525 871 14 937 350 648 816 252 780 64 419 713 55 103 721 801 170 80 199 807 529 461 893 871 562 0 908 88 647 828 422 905 390 892 638 586 115 848 4 740 738 992 162 200 942 372 998 6 940 728 
589 178 709 568 733 779 418 62 272 791 250 560 619 106 557 993 591 894 532 258 47 931 691 402 470 908 0 675 174 403 268 351 904 176 610 991 823 438 764 79 827 655 68 764 122 267 119 213 4 110 
826 666 810 777 788 102 864 3 850 411 376 318 893 265 429 590 737 257 874 598 826 538 641 681 382 88 675 0 374 555 404 745 905 409 37 632 435 210 386 55 912 289 582 521 631 756 958 394 834 136 
269 868 301 430 528 520 864 227 82 968 4 541 23 177 748 829 136 704 902 32 786 989 412 570 197 647 174 374 0 401 253 251 874 519 370 86 874 831 812 429 234 908 685 995 944 316 429 505 53 835 
39 753 192 42 292 180 620 751 628 751 201 179 533 801 138 630 273 301 833 511 996 329 151 445 872 828 403 555 401 0 416 693 417 289 323 172 598 68 6 86 820 610 336 693 129 57 131 2 888 942 
309 838 760 325 729 898 989 455 270 812 97 520 706 536 165 967 408 493 718 782 857 363 923 573 859 422 268 404 253 416 0 782 473 849 466 467 145 133 896 649 185 82 417 877 498 705 551 670 302 971 
511 407 375 866 463 897 130 497 716 574 340 267 608 431 677 331 237 499 752 749 296 126 949 612 67 905 351 745 251 693 782 0 27 387 142 636 75 835 764 131 317 118 370 258 251 843 458 717 309 602 
367 591 566 785 28 722 289 577 202 241 106 814 421 676 638 319 795 153 337 263 129 677 492 437 626 390 904 905 874 417 473 27 0 201 556 603 738 638 19 966 135 723 517 156 376 839 182 115 980 170 
585 503 428 747 826 533 380 620 564 313 915 425 723 229 25 749 853 983 700 118 958 219 603 984 539 892 176 409 519 289 849 387 201 0 189 166 285 671 482 754 41 91 5 235 549 73 543 502 273 451 
971 992 838 590 720 750 85 842 251 367 6 616 344 385 502 523 139 786 890 801 910 774 311 114 988 638 610 37 370 323 466 142 556 189 0 104 10 88 122 976 574 196 844 730 572 682 263 686 661 784 
672 472 527 268 664 622 418 344 457 427 829 563 920 929 338 446 288 294 631 152 599 805 617 711 70 586 991 632 86 172 467 636 603 166 104 0 226 827 69 248 660 822 640 751 826 874 651 250 769 152 
249 418 240 459 268 144 767 72 852 586 619 813 903 501 783 903 790 86 786 100 110 528 279 932 463 115 823 435 874 598 145 75 738 285 10 226 0 523 219 608 884 658 81 859 583 277 54 664 200 735 
697 341 286 589 825 883 248 792 552 952 203 586 524 861 841 142 752 354 243 938 413 683 881 605 599 848 438 210 831 68 133 835 638 671 88 827 523 0 927 885 748 710 462 926 130 61 585 304 53 335 
778 190 573 32 497 469 684 303 609 369 726 536 694 826 775 938 216 355 337 746 50 403 390 314 859 4 764 386 812 6 896 764 19 482 122 69 219 927 0 481 926 337 731 46 489 253 616 448 136 273 
598 856 52 965 691 645 975 5 50 336 636 18 955 701 803 261 61 57 194 788 399 637 436 594 447 740 79 55 429 86 649 131 966 754 976 248 608 885 481 0 528 347 856 156 752 519 355 487 797 591 
497 927 956 494 351 48 338 69 607 905 554 736 902 407 620 577 972 253 495 483 158 96 761 574 713 738 827 912 234 820 185 317 135 41 574 660 884 748 926 528 0 586 859 52 511 340 465 447 643 517 
505 85 148 161 873 203 101 634 491 819 350 500 920 987 493 920 900 283 619 240 838 453 425 944 569 992 655 289 908 610 82 118 723 91 196 822 658 710 337 347 586 0 134 124 794 470 854 192 310 458 
885 563 882 179 50 125 271 223 502 315 398 181 476 86 359 221 577 121 666 759 881 35 190 827 730 162 68 582 685 336 417 370 517 5 844 640 81 462 731 856 859 134 0 807 757 945 432 637 643 639 
742 256 493 560 797 915 826 294 794 372 37 829 546 668 436 685 712 663 510 149 750 253 397 315 669 200 764 521 995 693 877 258 156 235 730 751 859 926 46 156 52 124 807 0 792 395 157 147 233 306 
666 936 475 590 25 669 165 184 834 353 619 422 849 428 631 517 59 788 758 101 596 642 520 379 234 942 122 631 944 129 498 251 376 549 572 826 583 130 489 752 511 794 757 792 0 737 818 516 141 680 
998 484 549 584 191 392 345 256 273 846 974 701 547 718 608 389 505 146 812 516 381 268 642 587 324 372 267 756 316 57 705 843 839 73 682 874 277 61 253 519 340 470 945 395 737 0 855 605 126 850 
575 951 437 385 636 956 768 937 585 898 205 27 162 557 757 159 26 879 388 312 850 2 784 739 242 998 119 958 429 131 551 458 182 543 263 651 54 585 616 355 465 854 432 157 818 855 0 473 259 973 
821 75 744 98 854 778 101 950 591 17 151 875 385 465 597 577 217 553 662 489 463 237 124 569 178 6 213 394 505 2 670 717 115 502 686 250 664 304 448 487 447 192 637 147 516 605 473 0 618 81 
188 23 70 906 549 36 599 153 399 351 613 522 262 139 169 963 414 432 243 178 692 1000 283 335 150 940 4 834 53 888 302 309 980 273 661 769 200 53 136 797 643 310 643 233 141 126 259 618 0 178 
487 317 372 637 259 164 608 199 602 273 812 644 441 898 475 807 287 250 990 906 690 852 403 258 557 728 110 136 835 942 971 602 170 451 784 152 735 335 273 591 517 458 639 306 680 850 973 81 178 0 
