100
0 383 110 867 822 54 601 35 723 946 639 674 900 352 44 813 968 545 600 201 194 301 556 50 933 835 915 452 72 418 589 872 800 699 91 973 104 691 359 826 636 997 852 535 700 247 700 667 144 299 220 337 951 127 386 235 961 301 686 385 718 275 256 869 325 346 841 428 36 551 606 23 548 457 910 247 55 609 266 198 907 837 535 858 315 272 92 627 572 130 11 641 404 267 509 80 612 701 507 648 
383 0 252 112 22 151 920 931 749 975 539 366 172 798 554 58 655 868 330 98 495 253 227 505 894 982 771 754 61 735 807 920 382 410 31 755 912 303 686 12 629 576 378 800 373 283 210 379 151 891 477 645 143 55 501 388 389 272 494 801 6 652 720 739 413 103 493 324 757 530 335 385 106 64 536 478 347 745 209 849 635 37 845 130 443 345 869 831 968 714 984 325 365 55 415 777 157 908 452 913 
110 252 0 789 139 297 894 554 833 724 252 929 932 100 916 968 944 397 410 641 265 593 608 979 576 933 343 630 699 472 139 606 923 403 747 413 52 640 967 884 715 218 164 646 318 79 965 613 475 727 253 92 319 213 70 246 497 764 227 195 235 365 153 510 768 899 922 819 890 240 54 957 458 569 954 127 648 919 739 474 645 344 565 315 908 634 912 756 750 138 950 336 503 454 845 622 704 119 792 946 
867 112 789 0 358 197 902 167 765 855 293 764 125 384 238 121 79 802 787 986 788 698 741 537 836 42 224 690 848 69 663 903 539 806 848 248 2 101 415 118 956 707 882 80 442 119 553 520 272 339 505 411 37 597 299 872 991 523 913 838 943 575 740 481 380 940 80 733 40 846 850 995 553 731 427 346 849 979 866 473 669 370 883 705 319 182 928 309 56 840 498 998 414 237 830 145 176 909 877 216 
822 22 139 358 0 755 727 562 659 457 340 4 658 670 221 482 339 943 364 43 261 897 323 921 952 162 418 301 928 6 130 424 182 391 301 749 497 379 662 507 835 2 510 844 671 83 325 361 25 41 756 285 289 78 205 241 591 974 893 518 979 23 942 512 765 594 260 261 972 274 767 158 627 628 354 649 710 678 10 734 70 765 370 359 194 926 951 784 899 843 302 878 865 595 389 981 540 1 241 511 
54 151 297 197 755 0 626 359 20 252 987 373 900 48 403 261 782 472 377 503 830 570 429 132 354 679 975 7 556 191 601 297 172 492 649 412 2 274 123 373 877 109 746 776 156 500 389 289 971 765 144 153 335 572 284 688 250 610 694 158 801 646 806 972 137 454 735 490 79 857 214 955 317 311 82 825 810 470 465 133 235 608 637 921 531 272 608 133 882 653 642 682 650 447 5 138 900 91 979 978 
601 920 894 902 727 626 0 300 192 284 616 855 365 792 664 835 609 148 421 216 784 341 99 408 300 231 289 304 872 322 953 670 326 442 569 768 772 898 67 315 181 35 169 545 826 185 731 434 332 151 2 468 843 452 875 494 682 515 797 905 836 101 574 513 894 494 280 665 391 699 980 923 733 500 819 910 684 550 344 368 52 697 835 247 148 61 740 181 575 537 437 762 989 362 274 883 855 905 899 597 
35 931 554 167 562 359 300 0 603 878 871 335 378 689 245 413 238 940 780 642 636 966 888 135 26 627 315 600 515 751 361 856 464 986 738 318 891 636 266 493 866 136 180 595 824 776 7 414 715 787 55 702 752 294 836 130 920 502 729 787 604 442 642 67 779 731 736 669 718 1 514 935 488 45 529 663 820 536 428 886 674 482 587 425 775 774 554 47 275 635 185 878 428 178 944 206 908 679 227 977 
723 749 833 765 659 20 192 603 0 31 92 912 870 136 440 532 955 975 960 840 648 793 778 425 920 551 330 966 825 964 502 54 743 679 997 949 586 27 527 914 409 618 825 278 753 265 161 59 591 472 250 591 265 379 367 184 929 696 501 105 12 2 158 754 32 506 54 617 884 580 530 292 197 707 921 301 323 81 711 913 553 960 855 169 338 221 704 618 917 204 722 280 557 231 33 588 88 439 556 971 
946 975 724 855 457 252 284 878 31 0 18 437 614 567 143 534 867 465 967 930 730 871 889 584 39 579 157 94 548 73 297 622 704 205 852 736 144 940 174 699 262 544 487 876 110 630 761 328 446 727 257 527 949 498 111 339 428 267 432 975 691 80 596 394 284 800 481 427 91 7 477 352 550 964 227 11 945 988 338 742 66 947 269 15 444 731 353 871 997 137 845 39 216 793 784 852 944 264 630 34 
639 539 252 293 340 987 616 871 92 18 0 622 107 385 171 422 964 533 718 303 871 459 368 817 727 734 612 809 439 482 805 575 678 195 790 822 978 993 765 242 623 798 215 729 535 386 502 498 918 219 800 140 677 519 308 756 253 919 916 691 752 721 617 430 267 406 603 245 399 368 838 373 165 52 101 51 789 954 548 59 172 699 198 200 218 858 307 470 776 223 512 880 295 128 661 561 885 263 157 635 
674 366 929 764 4 373 855 335 912 437 622 0 630 994 7 147 398 459 197 186 412 97 244 583 795 794 135 12 3 441 481 130 15 344 9 309 471 669 222 356 932 378 990 913 724 997 59 121 455 256 658 867 352 254 801 498 399 287 510 401 80 342 530 94 686 539 755 156 559 976 863 490 705 853 403 428 849 813 900 655 420 910 873 123 163 26 621 913 312 130 313 391 823 194 837 508 732 591 16 291 
900 172 932 125 658 900 365 378 870 614 107 630 0 918 878 132 974 730 886 754 930 699 5 937 470 914 809 593 428 186 213 340 498 694 4 240 516 198 428 376 281 370 391 923 287 620 55 613 702 292 366 631 342 370 567 812 636 728 404 63 913 968 755 762 13 110 354 880 307 781 255 588 151 997 510 789 617 916 753 318 560 118 300 901 840 219 712 475 298 467 889 210 434 995 324 798 105 29 678 411 
352 798 100 384 670 48 792 689 136 567 385 994 918 0 161 932 350 663 281 212 452 897 479 556 566 38 26 865 939 865 435 2 691 732 469 931 294 254 926 969 52 382 997 729 144 157 12 494 820 292 57 623 540 535 178 105 925 203 322 215 419 756 216 109 840 36 392 133 290 317 101 693 698 449 421 193 605 432 686 776 76 94 398 615 629 928 720 905 130 393 119 549 500 334 9 339 370 400 823 11 
44 554 916 238 221 403 664 245 440 143 171 7 878 161 0 68 275 703 117 723 123 310 680 906 347 455 981 441 205 596 421 132 667 325 613 59 443 513 910 128 522 249 497 273 423 507 693 698 209 161 772 683 822 451 941 169 258 921 961 462 868 733 593 534 57 205 944 851 70 854 978 943 454 827 215 876 685 259 925 246 772 697 280 593 499 220 113 756 141 73 217 360 805 161 894 213 718 189 415 787 
813 58 968 121 482 261 835 413 532 534 422 147 132 932 68 0 394 393 729 847 571 943 75 607 554 351 852 325 47 132 269 546 351 382 301 843 806 870 203 963 30 448 175 747 988 590 533 382 334 261 580 256 556 6 862 461 357 714 785 755 197 53 652 899 786 305 742 592 174 296 554 203 95 80 302 434 21 186 815 706 447 747 961 354 104 823 814 460 888 950 567 436 354 218 334 140 522 427 83 47 
968 655 944 79 339 782 609 238 955 867 964 398 974 350 275 394 0 74 988 250 168 67 903 602 440 88 768 145 886 866 458 239 970 632 404 781 519 353 347 954 707 565 639 198 438 66 280 485 139 267 86 659 685 988 612 124 427 379 621 313 597 78 551 566 709 955 346 579 659 693 532 365 609 522 914 46 587 545 882 78 163 967 736 848 306 347 323 733 77 943 45 673 372 595 238 80 901 936 658 560 
545 868 397 802 943 472 148 940 975 465 533 459 730 663 703 393 74 0 628 541 276 588 63 542 985 1 86 867 78 249 833 813 448 139 511 770 223 588 65 267 612 436 213 202 868 466 137 525 25 116 418 652 703 832 193 687 832 279 905 262 879 738 426 678 228 937 447 450 876 863 68 487 651 280 688 518 745 176 394 121 291 811 773 993 994 317 32 178 947 936 439 825 25 864 854 604 152 301 405 27 
600 330 410 787 364 377 421 780 960 967 718 197 886 281 117 729 988 628 0 515 472 866 165 104 905 682 200 81 76 321 723 238 445 68 584 761 99 761 60 386 551 236 763 414 90 366 918 742 771 296 256 242 161 421 697 418 454 897 850 881 569 572 471 13 639 54 125 89 166 184 827 716 420 589 481 861 306 398 602 76 694 857 670 206 629 366 975 83 262 824 315 830 748 785 194 738 838 671 179 355 
201 98 641 986 43 503 216 642 840 930 303 186 754 212 723 847 250 541 515 0 854 5 70 625 945 551 485 250 300 438 678 345 295 347 551 275 64 877 357 678 53 24 859 800 808 53 889 998 723 67 352 928 423 422 905 719 324 741 969 623 179 998 968 473 344 870 747 407 98 456 436 150 479 295 301 638 347 190 635 421 608 987 700 31 760 604 101 83 345 69 57 523 66 24 347 761 245 93 520 343 
194 495 265 788 261 830 784 636 648 730 871 412 930 452 123 571 168 276 472 854 0 900 955 492 730 249 145 368 947 334 354 719 941 340 419 323 451 22 424 885 718 844 942 240 262 317 586 374 562 31 893 256 282 200 99 12 800 243 731 99 576 84 817 869 776 235 543 226 609 318 111 326 162 404 918 775 720 503 148 633 885 393 888 167 592 339 178 743 581 260 841 509 343 658 729 118 244 271 344 204 
301 253 593 698 897 570 341 966 793 871 459 97 699 897 310 943 67 588 866 5 900 0 589 806 530 102 209 447 876 280 301 375 913 186 767 152 352 710 490 881 453 423 140 293 931 482 302 659 952 546 281 647 749 221 452 630 322 12 428 549 291 729 276 555 266 42 707 969 752 548 849 556 970 340 848 252 821 150 262 124 47 543 770 147 763 221 777 437 232 556 337 875 284 612 429 901 6 487 869 109 
556 227 608 741 323 429 99 888 778 889 368 244 5 479 680 75 903 63 165 70 955 589 0 35 717 664 356 56 863 608 229 364 221 352 410 763 122 557 878 694 685 666 278 240 354 504 876 966 932 776 323 771 645 431 157 713 94 512 769 308 471 349 672 44 52 81 806 525 989 35 571 673 700 848 265 406 351 140 371 634 915 45 404 911 475 912 624 920 776 744 227 598 444 250 641 495 683 447 20 671 
50 505 979 537 921 132 408 135 425 584 817 583 937 556 906 607 602 542 104 625 492 806 35 0 833 942 696 885 789 312 290 491 451 12 476 717 56 232 628 530 143 251 801 918 346 379 516 789 629 156 283 311 954 654 333 787 595 380 671 735 691 960 577 141 971 53 210 26 284 837 907 426 439 59 696 784 437 211 924 65 366 206 727 320 212 412 106 158 791 128 245 482 87 821 974 409 225 183 786 508 
933 894 576 836 952 354 300 26 920 39 727 795 470 566 347 554 440 985 905 945 730 530 717 833 0 371 692 286 809 750 981 944 538 543 867 955 908 425 681 579 988 92 36 145 235 163 741 716 249 562 41 9 138 576 794 998 946 837 283 107 938 615 50 476 157 269 430 64 693 462 995 680 906 30 176 140 193 917 207 793 478 599 802 967 174 947 964 120 784 246 226 721 212 627 196 368 895 977 784 587 
835 982 933 42 162 679 231 627 551 579 734 794 914 38 455 351 88 1 682 551 249 102 664 942 371 0 439 778 618 696 159 794 835 351 710 393 496 539 991 649 505 165 595 469 636 378 66 213 99 278 191 646 997 86 623 780 24 413 909 642 108 68 435 294 770 496 38 265 34 380 265 890 896 860 358 531 589 424 95 39 53 286 685 49 723 659 181 746 423 89 739 882 508 525 527 278 372 564 894 405 
915 771 343 224 418 975 289 315 330 157 612 135 809 26 981 852 768 86 200 485 145 209 356 696 692 439 0 943 159 295 839 370 4 721 958 779 168 997 831 453 33 880 527 43 60 624 465 500 363 346 8 239 872 637 611 787 530 367 729 40 661 919 761 17 992 719 795 159 67 626 611 451 857 489 493 268 112 957 767 474 302 126 65 525 762 27 311 644 393 391 683 406 310 444 422 301 514 216 811 580 
452 754 630 690 301 7 304 600 966 94 809 12 593 865 441 325 145 867 81 250 368 447 56 885 286 778 943 0 841 421 30 49 909 874 316 372 830 83 198 483 208 262 359 322 288 669 965 680 411 647 85 72 442 858 724 955 74 534 886 266 306 267 315 566 140 630 938 321 64 135 803 624 396 513 945 35 533 261 66 944 907 503 15 701 360 739 655 433 272 893 51 578 159 365 143 651 346 432 971 762 
72 61 699 848 928 556 872 515 825 548 439 3 428 939 205 47 886 78 76 300 947 876 863 789 809 618 159 841 0 566 126 737 961 990 33 347 523 293 413 466 551 915 480 251 274 570 258 707 194 150 757 123 660 473 617 662 170 49 633 931 614 110 667 927 99 699 273 621 343 685 438 894 599 270 144 225 839 401 931 384 902 39 506 562 863 475 223 32 523 207 963 488 668 981 414 119 32 39 91 374 
418 735 472 69 6 191 322 751 964 73 482 441 186 865 596 132 866 249 321 438 334 280 608 312 750 696 295 421 566 0 75 529 267 674 798 763 898 988 163 180 724 417 570 229 330 784 55 904 815 929 463 129 417 130 462 182 600 493 220 691 218 295 219 485 320 368 247 569 707 761 100 430 529 21 11 858 804 65 762 618 994 224 99 762 705 560 943 305 52 515 995 621 161 565 105 832 284 703 400 990 
589 807 139 663 130 601 953 361 502 297 805 481 213 435 421 269 458 833 723 678 354 301 229 290 981 159 839 30 126 75 0 816 851 772 344 871 782 202 674 198 963 291 191 538 741 952 242 300 247 546 703 761 892 324 273 808 780 104 91 483 503 433 298 353 204 641 223 337 194 248 534 508 890 77 45 631 380 287 930 626 184 985 738 76 308 10 235 87 113 678 921 967 110 570 671 665 563 245 353 756 
872 920 606 903 424 297 670 856 54 622 575 130 340 2 132 546 239 813 238 345 719 375 364 491 944 794 370 49 737 529 816 0 492 886 264 382 314 308 364 694 946 293 671 130 629 409 557 288 770 143 727 235 820 647 201 281 217 224 945 779 468 649 886 312 535 149 693 200 809 408 893 754 52 916 235 681 676 791 968 445 286 694 31 105 693 584 386 261 807 330 391 274 331 276 585 217 425 629 416 585 
800 382 923 539 182 172 326 464 743 704 678 15 498 691 667 351 970 448 445 295 941 913 221 451 538 835 4 909 961 267 851 492 0 36 661 338 88 576 925 120 603 715 87 399 352 133 430 457 825 13 842 85 819 523 475 444 853 102 381 69 878 361 485 462 749 497 800 188 72 724 307 674 790 745 72 142 877 853 950 53 865 791 489 35 313 315 479 518 417 211 586 294 571 422 756 319 918 907 858 341 
699 410 403 806 391 492 442 986 679 205 195 344 694 732 325 382 632 139 68 347 340 186 352 12 543 351 721 874 990 674 772 886 36 0 982 164 366 123 261 790 616 489 642 565 542 859 707 382 893 20 697 723 889 465 933 474 110 856 248 217 526 165 123 384 858 456 547 223 579 159 364 546 648 6 111 541 216 817 922 108 188 970 183 428 786 115 902 896 970 501 112 848 17 587 231 874 42 129 449 972 
91 31 747 848 301 649 569 738 997 852 790 9 4 469 613 301 404 511 584 551 419 767 410 476 867 710 958 316 33 798 344 264 661 982 0 288 812 518 935 169 980 475 384 148 748 492 688 70 674 115 855 140 368 102 462 220 214 309 237 152 539 110 193 667 910 517 306 722 386 240 890 365 66 626 864 814 117 903 235 142 18 89 633 737 191 94 957 756 754 545 907 644 654 451 311 564 967 968 637 352 
973 755 413 248 749 412 768 318 949 736 822 309 240 931 59 843 781 770 761 275 323 152 763 717 955 393 779 372 347 763 871 382 338 164 288 0 208 878 68 625 503 932 438 971 834 24 464 203 113 97 292 655 542 600 762 296 144 668 939 149 470 601 64 437 569 700 140 128 578 208 752 80 491 542 51 324 565 514 879 29 962 522 683 504 121 796 151 616 815 441 764 285 394 828 73 314 527 212 441 456 
104 912 52 2 497 2 772 891 586 144 978 471 516 294 443 806 519 223 99 64 451 352 122 56 908 496 168 830 523 898 782 314 88 366 812 208 0 419 544 888 909 85 290 585 650 155 815 30 117 336 65 972 808 860 122 423 675 914 538 959 307 365 31 620 244 594 412 51 13 956 938 921 40 227 857 41 382 671 71 850 358 135 173 165 346 646 939 20 559 477 330 866 193 712 837 436 306 249 487 670 
691 303 640 101 379 274 898 636 27 940 993 669 198 254 513 870 353 588 761 877 22 710 557 232 425 539 997 83 293 988 202 308 576 123 518 878 419 0 556 776 942 595 3 799 988 736 821 410 937 179 896 109 695 241 754 986 613 312 462 294 529 6 6 718 794 663 318 632 332 873 407 625 467 761 423 806 848 244 215 784 774 462 244 468 703 997 453 667 661 266 960 541 624 317 610 417 979 927 48 662 
359 686 967 415 662 123 67 266 527 174 765 222 428 926 910 203 347 65 60 357 424 490 878 628 681 991 831 198 413 163 674 364 925 261 935 68 544 556 0 799 454 287 618 567 61 423 414 656 990 550 429 451 793 249 505 142 701 171 154 319 131 46 942 447 656 358 778 582 757 791 733 210 77 350 128 490 124 542 145 465 91 574 916 235 822 772 376 874 295 529 544 425 575 485 223 582 194 352 163 950 
826 12 884 118 507 373 315 493 914 699 242 356 376 969 128 963 954 267 386 678 885 881 694 530 579 649 453 483 466 180 198 694 120 790 169 625 888 776 799 0 143 895 512 571 596 639 412 720 532 557 536 622 482 803 857 655 575 584 528 869 465 424 645 39 908 219 972 454 923 134 755 65 381 618 987 328 257 399 47 788 307 935 762 788 737 970 442 311 553 321 531 17 744 175 407 4 746 378 457 668 
636 629 715 956 835 877 181 866 409 262 623 932 281 52 522 30 707 612 551 53 718 453 685 143 988 505 33 208 551 724 963 946 603 616 980 503 909 942 454 143 0 864 563 84 244 181 70 923 437 820 322 576 126 256 689 913 992 658 706 303 211 27 185 579 770 360 986 773 457 715 581 124 578 144 207 173 324 628 96 112 800 417 39 925 672 728 190 663 385 895 317 947 273 502 526 43 213 863 167 21 
997 576 218 707 2 109 35 136 618 544 798 378 370 382 249 448 565 436 236 24 844 423 666 251 92 165 880 262 915 417 291 293 715 489 475 932 85 595 287 895 864 0 577 748 144 155 243 702 679 566 681 774 29 480 542 67 757 565 794 298 228 531 192 896 477 465 749 2 859 313 216 25 333 793 124 476 299 366 529 329 931 210 455 311 41 996 378 149 561 171 446 140 701 990 387 530 806 136 531 664 
852 378 164 882 510 746 169 180 825 487 215 990 391 997 497 175 639 213 763 859 942 140 278 801 36 595 527 359 480 570 191 671 87 642 384 438 290 3 618 512 563 577 0 448 99 40 781 891 164 608 541 529 489 869 812 50 323 122 90 671 499 239 583 22 36 74 74 25 460 603 830 595 486 845 395 584 885 527 826 400 486 718 928 974 586 91 23 261 565 113 283 415 703 865 436 738 938 862 115 749 
535 800 646 80 844 776 545 595 278 876 729 913 923 729 273 747 198 202 414 800 240 293 240 918 145 469 43 322 251 229 538 130 399 565 148 971 585 799 567 571 84 748 448 0 464 944 696 949 789 90 884 25 968 709 424 453 426 703 427 364 794 449 976 710 913 610 124 967 474 912 57 763 773 171 511 588 114 206 889 254 647 772 278 614 833 701 67 610 756 845 325 901 293 300 610 558 909 733 524 734 
700 373 318 442 671 156 826 824 753 110 535 724 287 144 423 988 438 868 90 808 262 931 354 346 235 636 60 288 274 330 741 629 352 542 748 834 650 988 61 596 244 144 99 464 0 996 580 848 120 750 359 708 216 916 596 469 563 719 99 528 551 151 946 161 906 790 485 806 435 137 767 992 397 852 867 131 847 799 330 967 900 40 26 115 956 973 936 870 691 386 749 242 536 695 754 794 836 238 951 270 
247 283 79 119 83 500 185 776 265 630 386 997 620 157 507 590 66 466 366 53 317 482 504 379 163 378 624 669 570 784 952 409 133 859 492 24 155 736 423 639 181 155 40 944 996 0 726 718 613 123 569 480 605 767 278 934 85 177 974 110 644 281 82 579 502 773 316 250 366 851 944 119 996 132 708 299 401 434 16 14 556 936 845 512 54 122 445 139 650 770 600 293 50 682 223 551 806 538 153 523 
700 210 965 553 325 389 731 7 161 761 502 59 55 12 693 533 280 137 918 889 586 302 876 516 741 66 465 965 258 55 242 557 430 707 688 464 815 821 414 412 70 243 781 696 580 726 0 741 448 993 736 579 700 386 980 485 753 345 392 688 189 903 94 310 700 232 311 469 831 604 871 864 178 773 21 716 925 543 808 373 887 543 303 587 281 282 423 33 626 815 721 166 69 166 827 768 397 138 589 579 
667 379 613 520 361 289 434 414 59 328 498 121 613 494 698 382 485 525 742 998 374 659 966 789 716 213 500 680 707 904 300 288 457 382 70 203 30 410 656 720 923 702 891 949 848 718 741 0 741 811 443 270 583 815 985 860 710 792 232 596 687 886 534 967 168 957 999 145 123 71 311 191 236 137 311 984 626 899 563 366 709 357 988 643 523 972 502 232 116 85 828 154 971 361 120 490 669 470 634 791 
144 151 475 272 25 971 332 715 591 446 918 455 702 820 209 334 139 25 771 723 562 952 932 629 249 99 363 411 194 815 247 770 825 893 674 113 117 937 990 532 437 679 164 789 120 613 448 741 0 893 296 982 480 785 644 464 410 894 378 128 954 86 115 596 608 438 98 192 553 534 19 706 504 731 177 993 400 999 979 542 891 626 875 722 410 518 537 172 411 914 651 364 351 765 960 959 554 409 150 107 
299 891 727 339 41 765 151 787 472 727 219 256 292 292 161 261 267 116 296 67 31 546 776 156 562 278 346 647 150 929 546 143 13 20 115 97 336 179 550 557 820 566 608 90 750 123 993 811 893 0 294 520 164 798 602 693 142 1 691 472 895 933 98 769 654 859 287 543 30 49 456 680 413 807 796 724 117 350 484 618 808 777 489 971 926 90 15 68 443 705 539 337 989 988 105 995 847 743 537 228 
220 477 253 505 756 144 2 55 250 257 800 658 366 57 772 580 86 418 256 352 893 281 323 283 41 191 8 85 757 463 703 727 842 697 855 292 65 896 429 536 322 681 541 884 359 569 736 443 296 294 0 792 344 260 204 502 55 279 618 404 762 587 563 538 75 886 464 165 900 883 607 957 773 943 945 761 47 291 607 790 827 186 933 171 445 136 672 500 414 642 255 527 228 818 64 655 703 879 819 602 
337 645 92 411 285 153 468 702 591 527 140 867 631 623 683 256 659 652 242 928 256 647 771 311 9 646 239 72 123 129 761 235 85 723 140 655 972 109 451 622 576 774 529 25 708 480 579 270 982 520 792 0 113 425 910 886 719 855 646 117 145 604 258 324 789 190 494 586 677 517 85 442 158 691 968 738 860 384 392 562 614 562 516 727 338 425 612 56 631 609 524 128 564 782 451 704 323 944 289 1000 
951 143 319 37 289 335 843 752 265 949 677 352 342 540 822 556 685 703 161 423 282 749 645 954 138 997 872 442 660 417 892 820 819 889 368 542 808 695 793 482 126 29 489 968 216 605 700 583 480 164 344 113 0 812 725 441 322 416 761 411 627 144 802 541 757 715 56 835 52 832 798 459 815 406 982 942 321 115 392 25 438 687 665 789 850 390 581 171 157 341 581 783 484 734 323 593 448 730 427 499 
127 55 213 597 78 572 452 294 379 498 519 254 370 535 451 6 988 832 421 422 200 221 431 654 576 86 637 858 473 130 324 647 523 465 102 600 860 241 249 803 256 480 869 709 916 767 386 815 785 798 260 425 812 0 914 577 957 80 982 291 21 655 405 764 679 194 802 695 982 651 84 563 822 592 903 754 727 739 488 401 683 287 483 461 786 748 37 94 827 371 736 199 25 141 962 55 686 763 749 668 
386 501 70 299 205 284 875 836 367 111 308 801 567 178 941 862 612 193 697 905 99 452 157 333 794 623 611 724 617 462 273 201 475 933 462 762 122 754 505 857 689 542 812 424 596 278 980 985 644 602 204 910 725 914 0 765 185 582 586 128 484 692 206 574 531 607 256 817 441 69 602 188 105 48 366 827 783 564 851 275 525 257 961 639 6 980 403 542 561 341 669 396 32 875 322 562 833 577 378 273 
235 388 246 872 241 688 494 130 184 339 756 498 812 105 169 461 124 687 418 719 12 630 713 787 998 780 787 955 662 182 808 281 444 474 220 296 423 986 142 655 913 67 50 453 469 934 485 860 464 693 502 886 441 577 765 0 997 332 812 102 731 177 928 865 740 131 492 264 387 804 254 744 783 656 285 695 996 954 442 379 180 763 292 12 692 22 636 688 353 447 141 435 623 69 299 714 551 142 329 289 
961 389 497 991 591 250 682 920 929 428 253 399 636 925 258 357 427 832 454 324 800 322 94 595 946 24 530 74 170 600 780 217 853 110 214 144 675 613 701 575 992 757 323 426 563 85 753 710 410 142 55 719 322 957 185 997 0 945 582 33 79 589 669 773 937 974 215 315 153 977 959 516 668 980 151 356 684 949 848 118 923 916 768 636 818 910 964 107 854 897 491 933 486 159 57 422 133 623 88 637 
301 272 764 523 974 610 515 502 696 267 919 287 728 203 921 714 379 279 897 741 243 12 512 380 837 413 367 534 49 493 104 224 102 856 309 668 914 312 171 584 658 565 122 703 719 177 345 792 894 1 279 855 416 80 582 332 945 0 600 46 153 619 25 655 326 708 604 174 177 526 441 945 514 611 206 829 717 59 78 559 343 563 717 400 336 201 22 423 838 973 469 990 944 845 644 269 905 599 794 81 
686 494 227 913 893 694 797 729 501 432 916 510 404 322 961 785 621 905 850 969 731 428 769 671 283 909 729 886 633 220 91 945 381 248 237 939 538 462 154 528 706 794 90 427 99 974 392 232 378 691 618 646 761 982 586 812 582 600 0 477 235 377 990 197 582 170 265 993 247 823 335 809 539 86 496 92 460 919 929 432 739 918 375 935 913 996 839 512 789 272 340 375 1000 329 571 934 850 835 926 97 
385 801 195 838 518 158 905 787 105 975 691 401 63 215 462 755 313 262 881 623 99 549 308 735 107 642 40 266 931 691 483 779 69 217 152 149 959 294 319 869 303 298 671 364 528 110 688 596 128 472 404 117 411 291 128 102 33 46 477 0 9 612 257 900 698 753 991 157 23 919 940 761 188 667 695 452 662 886 963 802 509 302 529 860 982 451 793 832 638 718 280 646 682 536 545 379 288 887 887 310 
718 6 235 943 979 801 836 604 12 691 752 80 913 419 868 197 597 879 569 179 576 291 471 691 938 108 661 306 614 218 503 468 878 526 539 470 307 529 131 465 211 228 499 794 551 644 189 687 954 895 762 145 627 21 484 731 79 153 235 9 0 805 178 422 344 844 469 796 857 706 110 11 214 764 539 73 745 341 218 928 978 935 207 976 968 95 872 698 382 759 584 44 915 114 817 259 957 285 54 166 
275 652 365 575 23 646 101 442 2 80 721 342 968 756 733 53 78 738 572 998 84 729 349 960 615 68 919 267 110 295 433 649 361 165 110 601 365 6 46 424 27 531 239 449 151 281 903 886 86 933 587 604 144 655 692 177 589 619 377 612 805 0 990 163 176 555 926 66 980 23 406 197 302 736 483 861 63 451 955 934 148 688 692 84 83 607 197 900 217 505 184 270 670 526 784 197 432 62 614 411 
256 720 153 740 942 806 574 642 158 596 617 530 755 216 593 652 551 426 471 968 817 276 672 577 50 435 761 315 667 219 298 886 485 123 193 64 31 6 942 645 185 192 583 976 946 82 94 534 115 98 563 258 802 405 206 928 669 25 990 257 178 990 0 436 372 607 737 107 442 949 169 892 903 454 391 943 498 474 25 456 670 276 672 527 812 293 548 337 76 745 768 489 358 179 924 729 137 13 187 578 
869 739 510 481 512 972 513 67 754 394 430 94 762 109 534 899 566 678 13 473 869 555 44 141 476 294 17 566 927 485 353 312 462 384 667 437 620 718 447 39 579 896 22 710 161 579 310 967 596 769 538 324 541 764 574 865 773 655 197 900 422 163 436 0 961 707 821 216 161 212 158 658 685 534 113 707 810 784 233 621 428 780 957 503 876 76 992 586 606 267 666 743 279 205 672 240 911 493 455 423 
325 413 768 380 765 137 894 779 32 284 267 686 13 840 57 786 709 228 639 344 776 266 52 971 157 770 992 140 99 320 204 535 749 858 910 569 244 794 656 908 770 477 36 913 906 502 700 168 608 654 75 789 757 679 531 740 937 326 582 698 344 176 372 961 0 704 964 80 740 497 544 446 306 679 30 278 106 162 234 961 389 662 304 974 267 570 640 361 201 844 385 792 106 877 246 529 932 561 960 23 
346 103 899 940 594 454 494 731 506 800 406 539 110 36 205 305 955 937 54 870 235 42 81 53 269 496 719 630 699 368 641 149 497 456 517 700 594 663 358 219 360 465 74 610 790 773 232 957 438 859 886 190 715 194 607 131 974 708 170 753 844 555 607 707 704 0 57 504 821 715 534 850 992 992 363 578 952 752 239 607 725 857 528 716 218 728 911 602 519 369 830 116 897 113 676 856 487 85 711 307 
841 493 922 80 260 735 280 736 54 481 603 755 354 392 944 742 346 447 125 747 543 707 806 210 430 38 795 938 273 247 223 693 800 547 306 140 412 318 778 972 986 749 74 124 485 316 311 999 98 287 464 494 56 802 256 492 215 604 265 991 469 926 737 821 964 57 0 799 597 509 790 588 871 719 891 974 957 497 699 814 24 766 383 752 29 336 270 397 517 738 645 981 413 852 467 497 915 774 647 511 
428 324 819 733 261 490 665 669 617 427 245 156 880 133 851 592 579 450 89 407 226 969 525 26 64 265 159 321 621 569 337 200 188 223 722 128 51 632 582 454 773 2 25 967 806 250 469 145 192 543 165 586 835 695 817 264 315 174 993 157 796 66 107 216 80 504 799 0 282 437 98 504 155 988 478 464 836 528 629 859 645 363 610 673 698 232 421 566 969 65 546 733 917 12 582 831 785 228 341 418 
36 757 890 40 972 79 391 718 884 91 399 559 307 290 70 174 659 876 166 98 609 752 989 284 693 34 67 64 343 707 194 809 72 579 386 578 13 332 757 923 457 859 460 474 435 366 831 123 553 30 900 677 52 982 441 387 153 177 247 23 857 980 442 161 740 821 597 282 0 664 790 922 171 129 399 986 964 278 966 822 922 328 784 595 377 367 15 942 687 432 487 771 348 498 352 178 635 580 870 52 
551 530 240 846 274 857 699 1 580 7 368 976 781 317 854 296 693 863 184 456 318 548 35 837 462 380 626 135 685 761 248 408 724 159 240 208 956 873 791 134 715 313 603 912 137 851 604 71 534 49 883 517 832 651 69 804 977 526 823 919 706 23 949 212 497 715 509 437 664 0 595 11 325 117 139 75 102 454 352 67 627 274 746 762 220 122 128 586 63 166 17 549 937 716 399 640 893 33 219 114 
606 335 54 850 767 214 980 514 530 477 838 863 255 101 978 554 532 68 827 436 111 849 571 907 995 265 611 803 438 100 534 893 307 364 890 752 938 407 733 755 581 216 830 57 767 944 871 311 19 456 607 85 798 84 602 254 959 441 335 940 110 406 169 158 544 534 790 98 790 595 0 436 814 476 761 930 614 835 384 419 187 802 46 812 548 807 31 669 287 968 84 804 985 632 92 700 382 732 945 766 
23 385 957 995 158 955 923 935 292 352 373 490 588 693 943 203 365 487 716 150 326 556 673 426 680 890 451 624 894 430 508 754 674 546 365 80 921 625 210 65 124 25 595 763 992 119 864 191 706 680 957 442 459 563 188 744 516 945 809 761 11 197 892 658 446 850 588 504 922 11 436 0 950 410 202 115 886 962 397 851 148 780 270 334 581 315 497 480 473 527 149 111 495 232 267 831 215 358 530 949 
548 106 458 553 627 317 733 488 197 550 165 705 151 698 454 95 609 651 420 479 162 970 700 439 906 896 857 396 599 529 890 52 790 648 66 491 40 467 77 381 578 333 486 773 397 996 178 236 504 413 773 158 815 822 105 783 668 514 539 188 214 302 903 685 306 992 871 155 171 325 814 950 0 89 826 714 391 236 915 505 121 228 901 971 376 32 592 61 965 258 558 444 731 84 592 193 930 175 459 112 
457 64 569 731 628 311 500 45 707 964 52 853 997 449 827 80 522 280 589 295 404 340 848 59 30 860 489 513 270 21 77 916 745 6 626 542 227 761 350 618 144 793 845 171 852 132 773 137 731 807 943 691 406 592 48 656 980 611 86 667 764 736 454 534 679 992 719 988 129 117 476 410 89 0 742 169 642 690 257 819 403 999 54 670 856 526 897 108 849 272 140 440 333 104 698 242 547 780 677 491 
910 536 954 427 354 82 819 529 921 227 101 403 510 421 215 302 914 688 481 301 918 848 265 696 176 358 493 945 144 11 45 235 72 111 864 51 857 423 128 987 207 124 395 511 867 708 21 311 177 796 945 968 982 903 366 285 151 206 496 695 539 483 391 113 30 363 891 478 399 139 761 202 826 742 0 972 607 665 783 70 758 951 711 447 559 882 202 910 935 871 765 813 767 872 661 391 363 100 75 818 
247 478 127 346 649 825 910 663 301 11 51 428 789 193 876 434 46 518 861 638 775 252 406 784 140 531 268 35 225 858 631 681 142 541 814 324 41 806 490 328 173 476 584 588 131 299 716 984 993 724 761 738 942 754 827 695 356 829 92 452 73 861 943 707 278 578 974 464 986 75 930 115 714 169 972 0 149 316 717 928 992 207 252 950 223 386 20 981 336 82 779 246 315 980 155 602 850 271 414 969 
55 347 648 849 710 810 684 820 323 945 789 849 617 605 685 21 587 745 306 347 720 821 351 437 193 589 112 533 839 804 380 676 877 216 117 565 382 848 124 257 324 299 885 114 847 401 925 626 400 117 47 860 321 727 783 996 684 717 460 662 745 63 498 810 106 952 957 836 964 102 614 886 391 642 607 149 0 495 426 711 857 877 785 27 26 452 743 305 795 949 556 97 523 941 468 503 628 901 634 874 
609 745 919 979 678 470 550 536 81 988 954 813 916 432 259 186 545 176 398 190 503 150 140 211 917 424 957 261 401 65 287 791 853 817 903 514 671 244 542 399 628 366 527 206 799 434 543 899 999 350 291 384 115 739 564 954 949 59 919 886 341 451 474 784 162 752 497 528 278 454 835 962 236 690 665 316 495 0 216 613 380 817 463 651 230 783 497 7 493 705 883 277 731 908 80 473 213 874 421 120 
266 209 739 866 10 465 344 428 711 338 548 900 753 686 925 815 882 394 602 635 148 262 371 924 207 95 767 66 931 762 930 968 950 922 235 879 71 215 145 47 96 529 826 889 330 16 808 563 979 484 607 392 392 488 851 442 848 78 929 963 218 955 25 233 234 239 699 629 966 352 384 397 915 257 783 717 426 216 0 322 944 61 789 798 688 690 431 913 905 396 645 73 210 647 654 992 143 660 484 847 
198 849 474 473 734 133 368 886 913 742 59 655 318 776 246 706 78 121 76 421 633 124 634 65 793 39 474 944 384 618 626 445 53 108 142 29 850 784 465 788 112 329 400 254 967 14 373 366 542 618 790 562 25 401 275 379 118 559 432 802 928 934 456 621 961 607 814 859 822 67 419 851 505 819 70 928 711 613 322 0 542 112 578 802 191 402 366 416 823 485 738 118 545 526 267 585 567 50 849 823 
907 635 645 669 70 235 52 674 553 66 172 420 560 76 772 447 163 291 694 608 885 47 915 366 478 53 302 907 902 994 184 286 865 188 18 962 358 774 91 307 800 931 486 647 900 556 887 709 891 808 827 614 438 683 525 180 923 343 739 509 978 148 670 428 389 725 24 645 922 627 187 148 121 403 758 992 857 380 944 542 0 445 845 895 654 491 548 997 985 559 480 832 101 591 761 254 133 162 619 548 
837 37 344 370 765 608 697 482 960 947 699 910 118 94 697 747 967 811 857 987 393 543 45 206 599 286 126 503 39 224 985 694 791 970 89 522 135 462 574 935 417 210 718 772 40 936 543 357 626 777 186 562 687 287 257 763 916 563 918 302 935 688 276 780 662 857 766 363 328 274 802 780 228 999 951 207 877 817 61 112 445 0 336 103 637 805 1000 515 72 936 81 473 136 256 269 981 150 274 471 50 
535 845 565 883 370 637 835 587 855 269 198 873 300 398 280 961 736 773 670 700 888 770 404 727 802 685 65 15 506 99 738 31 489 183 633 683 173 244 916 762 39 455 928 278 26 845 303 988 875 489 933 516 665 483 961 292 768 717 375 529 207 692 672 957 304 528 383 610 784 746 46 270 901 54 711 252 785 463 789 578 845 336 0 270 808 608 749 639 60 691 751 665 175 264 283 722 600 738 711 756 
858 130 315 705 359 921 247 425 169 15 200 123 901 615 593 354 848 993 206 31 167 147 911 320 967 49 525 701 562 762 76 105 35 428 737 504 165 468 235 788 925 311 974 614 115 512 587 643 722 971 171 727 789 461 639 12 636 400 935 860 976 84 527 503 974 716 752 673 595 762 812 334 971 670 447 950 27 651 798 802 895 103 270 0 737 225 179 24 657 651 159 912 919 139 414 192 962 815 813 121 
315 443 908 319 194 531 148 775 338 444 218 163 840 629 499 104 306 994 629 760 592 763 475 212 174 723 762 360 863 705 308 693 313 786 191 121 346 703 822 737 672 41 586 833 956 54 281 523 410 926 445 338 850 786 6 692 818 336 913 982 968 83 812 876 267 218 29 698 377 220 548 581 376 856 559 223 26 230 688 191 654 637 808 737 0 774 561 111 186 603 861 850 777 476 133 851 75 870 561 831 
272 345 634 182 926 272 61 774 221 731 858 26 219 928 220 823 347 317 366 604 339 221 912 412 947 659 27 739 475 560 10 584 315 115 94 796 646 997 772 970 728 996 91 701 973 122 282 972 518 90 136 425 390 748 980 22 910 201 996 451 95 607 293 76 570 728 336 232 367 122 807 315 32 526 882 386 452 783 690 402 491 805 608 225 774 0 958 137 9 981 145 12 491 409 282 630 174 826 943 988 
92 869 912 928 951 608 740 554 704 353 307 621 712 720 113 814 323 32 975 101 178 777 624 106 964 181 311 655 223 943 235 386 479 902 957 151 939 453 376 442 190 378 23 67 936 445 423 502 537 15 672 612 581 37 403 636 964 22 839 793 872 197 548 992 640 911 270 421 15 128 31 497 592 897 202 20 743 497 431 366 548 1000 749 179 561 958 0 638 63 761 551 525 298 153 385 148 930 860 632 132 
627 831 756 309 784 133 181 47 618 871 470 913 475 905 756 460 733 178 83 83 743 437 920 158 120 746 644 433 32 305 87 261 518 896 756 616 20 667 874 311 663 149 261 610 870 139 33 232 172 68 500 56 171 94 542 688 107 423 512 832 698 900 337 586 361 602 397 566 942 586 669 480 61 108 910 981 305 7 913 416 997 515 639 24 111 137 638 0 287 853 692 469 810 180 829 790 676 840 632 84 
572 968 750 56 899 882 575 275 917 997 776 312 298 130 141 888 77 947 262 345 581 232 776 791 784 423 393 272 523 52 113 807 417 970 754 815 559 661 295 553 385 561 565 756 691 650 626 116 411 443 414 631 157 827 561 353 854 838 789 638 382 217 76 606 201 519 517 969 687 63 287 473 965 849 935 336 795 493 905 823 985 72 60 657 186 9 63 287 0 122 261 257 299 555 244 936 969 357 486 493 
130 714 138 840 843 653 537 635 204 137 223 130 467 393 73 950 943 936 824 69 260 556 744 128 246 89 391 893 207 515 678 330 211 501 545 441 477 266 529 321 895 171 113 845 386 770 815 85 914 705 642 609 341 371 341 447 897 973 272 718 759 505 745 267 844 369 738 65 432 166 968 527 258 272 871 82 949 705 396 485 559 936 691 651 603 981 761 853 122 0 654 639 229 801 920 441 784 51 79 636 
11 984 950 498 302 642 437 185 722 845 512 313 889 119 217 567 45 439 315 57 841 337 227 245 226 739 683 51 963 995 921 391 586 112 907 764 330 960 544 531 317 446 283 325 749 600 721 828 651 539 255 524 581 736 669 141 491 469 340 280 584 184 768 666 385 830 645 546 487 17 84 149 558 140 765 779 556 883 645 738 480 81 751 159 861 145 551 692 261 654 0 94 547 445 625 375 586 300 567 218 
641 325 336 998 878 682 762 878 280 39 880 391 210 549 360 436 673 825 830 523 509 875 598 482 721 882 406 578 488 621 967 274 294 848 644 285 866 541 425 17 947 140 415 901 242 293 166 154 364 337 527 128 783 199 396 435 933 990 375 646 44 270 489 743 792 116 981 733 771 549 804 111 444 440 813 246 97 277 73 118 832 473 665 912 850 12 525 469 257 639 94 0 384 40 830 992 338 737 236 273 
404 365 503 414 865 650 989 428 557 216 295 823 434 500 805 354 372 25 748 66 343 284 444 87 212 508 310 159 668 161 110 331 571 17 654 394 193 624 575 744 273 701 703 293 536 50 69 971 351 989 228 564 484 25 32 623 486 944 1000 682 915 670 358 279 106 897 413 917 348 937 985 495 731 333 767 315 523 731 210 545 101 136 175 919 777 491 298 810 299 229 547 384 0 57 944 111 902 597 101 130 
267 55 454 237 595 447 362 178 231 793 128 194 995 334 161 218 595 864 785 24 658 612 250 821 627 525 444 365 981 565 570 276 422 587 451 828 712 317 485 175 502 990 865 300 695 682 166 361 765 988 818 782 734 141 875 69 159 845 329 536 114 526 179 205 877 113 852 12 498 716 632 232 84 104 872 980 941 908 647 526 591 256 264 139 476 409 153 180 555 801 445 40 57 0 750 20 922 533 422 1000 
509 415 845 830 389 5 274 944 33 784 661 837 324 9 894 334 238 854 194 347 729 429 641 974 196 527 422 143 414 105 671 585 756 231 311 73 837 610 223 407 526 387 436 610 754 223 827 120 960 105 64 451 323 962 322 299 57 644 571 545 817 784 924 672 246 676 467 582 352 399 92 267 592 698 661 155 468 80 654 267 761 269 283 414 133 282 385 829 244 920 625 830 944 750 0 521 515 546 965 491 
80 777 622 145 981 138 883 206 588 852 561 508 798 339 213 140 80 604 738 761 118 901 495 409 368 278 301 651 119 832 665 217 319 874 564 314 436 417 582 4 43 530 738 558 794 551 768 490 959 995 655 704 593 55 562 714 422 269 934 379 259 197 729 240 529 856 497 831 178 640 700 831 193 242 391 602 503 473 992 585 254 981 722 192 851 630 148 790 936 441 375 992 111 20 521 0 273 903 790 191 
612 157 704 176 540 900 855 908 88 944 885 732 105 370 718 522 901 152 838 245 244 6 683 225 895 372 514 346 32 284 563 425 918 42 967 527 306 979 194 746 213 806 938 909 836 806 397 669 554 847 703 323 448 686 833 551 133 905 850 288 957 432 137 911 932 487 915 785 635 893 382 215 930 547 363 850 628 213 143 567 133 150 600 962 75 174 930 676 969 784 586 338 902 922 515 273 0 120 525 230 
701 908 119 909 1 91 905 679 439 264 263 591 29 400 189 427 936 301 671 93 271 487 447 183 977 564 216 432 39 703 245 629 907 129 968 212 249 927 352 378 863 136 862 733 238 538 138 470 409 743 879 944 730 763 577 142 623 599 835 887 285 62 13 493 561 85 774 228 580 33 732 358 175 780 100 271 901 874 660 50 162 274 738 815 870 826 860 840 357 51 300 737 597 533 546 903 120 0 301 517 
507 452 792 877 241 979 899 227 556 630 157 16 678 823 415 83 658 405 179 520 344 869 20 786 784 894 811 971 91 400 353 416 858 449 637 441 487 48 163 457 167 531 115 524 951 153 589 634 150 537 819 289 427 749 378 329 88 794 926 887 54 614 187 455 960 711 647 341 870 219 945 530 459 677 75 414 634 421 484 849 619 471 711 813 561 943 632 632 486 79 567 236 101 422 965 790 525 301 0 919 
648 913 946 216 511 978 597 977 971 34 635 291 411 11 787 47 560 27 355 343 204 109 671 508 587 405 580 762 374 990 756 585 341 972 352 456 670 662 950 668 21 664 749 734 270 523 579 791 107 228 602 1000 499 668 273 289 637 81 97 310 166 411 578 423 23 307 511 418 52 114 766 949 112 491 818 969 874 120 847 823 548 50 756 121 831 988 132 84 493 636 218 273 130 1000 491 191 230 517 919 0 
