70
0 718 66 109 918 154 56 556 156 727 351 926 362 463 60 782 340 658 133 337 361 164 997 818 606 267 524 149 878 1 746 968 70 164 428 987 317 483 543 825 209 245 102 570 707 514 704 398 523 188 734 883 351 82 700 308 349 576 809 578 576 906 545 997 69 972 983 738 807 877 
718 0 914 15 473 15 937 532 528 992 929 50 179 663 933 881 744 984 540 444 559 348 21 486 254 917 482 674 241 465 411 47 693 324 413 166 691 701 697 570 692 625 972 222 639 904 102 735 239 642 530 798 341 551 635 946 819 117 620 59 933 382 457 625 58 222 790 748 922 486 
66 914 0 317 966 463 640 187 101 543 641 187 134 634 717 283 974 619 917 272 437 33 891 848 317 272 304 942 329 877 83 428 799 569 97 116 383 736 302 835 631 294 22 764 927 738 46 253 356 962 524 792 347 766 991 663 37 295 956 718 523 39 145 321 959 241 788 341 977 90 
109 15 317 0 175 607 735 548 722 662 285 119 266 640 80 789 784 778 554 774 793 942 420 748 659 943 786 804 615 96 396 403 436 724 844 963 682 578 862 403 591 147 521 856 138 953 996 921 730 901 47 522 843 818 622 853 760 407 656 727 855 404 481 642 127 676 604 809 605 466 
918 473 966 175 0 211 196 964 84 403 101 36 751 374 117 651 420 991 845 589 612 698 349 370 353 427 224 108 259 866 235 934 821 43 538 638 605 85 601 40 488 54 427 238 427 896 240 198 886 85 786 497 782 486 218 134 264 442 594 522 659 828 455 479 222 345 117 178 429 69 
154 15 463 607 211 0 218 916 474 644 505 252 539 745 449 776 829 587 624 610 424 842 95 40 635 688 561 293 867 368 771 88 712 239 266 492 660 483 760 133 478 264 385 369 8 185 144 188 123 768 797 899 961 244 938 595 283 850 887 150 569 9 237 632 600 502 124 611 336 883 
56 937 640 735 196 218 0 743 166 498 479 534 858 16 29 45 490 796 194 740 108 789 29 702 71 879 940 220 799 949 809 431 900 662 906 510 998 140 604 515 637 83 48 494 450 76 539 291 224 84 31 331 872 59 33 942 937 324 162 88 272 322 870 523 983 775 32 980 914 636 
556 532 187 548 964 916 743 0 494 902 70 893 396 519 321 286 809 544 369 839 874 240 250 258 533 538 582 46 625 205 367 494 728 350 620 759 681 885 746 527 787 815 419 182 685 739 819 846 634 187 36 508 778 285 117 662 823 50 708 447 607 426 293 334 775 912 444 808 797 190 
156 528 101 722 84 474 166 494 0 334 935 356 752 468 41 843 286 238 476 824 273 335 601 558 452 614 380 853 321 178 459 99 470 144 873 382 588 32 530 129 365 816 484 469 283 876 311 568 113 786 391 386 473 343 295 276 956 674 128 629 851 587 79 673 82 951 54 669 983 935 
727 992 543 662 403 644 498 902 334 0 149 699 750 633 167 32 860 477 951 325 615 693 62 87 35 356 362 342 381 841 322 583 779 400 255 861 703 660 529 37 594 30 735 695 662 254 78 873 730 28 549 696 720 610 134 106 317 495 800 697 688 121 280 466 873 534 326 927 194 207 
351 929 641 285 101 505 479 70 935 149 0 963 139 236 49 834 249 302 263 473 384 291 22 79 362 631 213 820 948 59 619 996 746 91 275 212 315 161 889 241 354 95 555 844 682 604 29 282 905 292 755 288 934 776 719 647 758 931 466 57 989 436 53 87 879 327 298 193 487 538 
926 50 187 119 36 252 534 893 356 699 963 0 786 192 633 340 36 666 943 416 948 200 707 702 839 992 829 557 639 586 839 104 643 180 892 695 266 770 373 915 314 860 452 451 403 436 791 790 102 85 206 49 636 264 102 475 256 930 383 894 515 222 349 157 753 240 203 18 361 576 
362 179 134 266 751 539 858 396 752 750 139 786 0 284 27 435 735 829 189 171 971 979 624 56 536 672 43 799 773 517 54 54 252 947 568 825 648 77 577 239 279 594 952 854 229 330 640 963 158 829 485 129 159 108 536 694 131 578 492 255 447 546 308 698 844 876 522 491 304 98 
463 663 634 640 374 745 16 519 468 633 236 192 284 0 82 582 43 33 436 271 362 427 585 519 255 422 647 765 529 534 458 12 112 950 618 558 847 926 607 42 153 128 885 456 577 966 389 619 998 824 241 359 251 177 229 857 598 228 622 479 761 431 490 872 732 107 781 578 384 387 
60 933 717 80 117 449 29 321 41 167 49 633 27 82 0 972 536 514 856 343 442 821 732 412 170 907 652 880 509 829 108 366 778 335 339 256 96 769 745 319 501 204 100 430 587 486 401 475 352 608 817 793 428 900 205 949 807 208 828 315 388 936 32 166 270 722 773 717 491 518 
782 881 283 789 651 776 45 286 843 32 834 340 435 582 972 0 36 343 73 487 772 659 324 525 485 675 132 302 820 912 553 376 860 359 935 688 26 323 623 409 840 244 131 612 313 621 481 348 315 553 186 86 564 509 962 48 536 94 701 707 5 254 82 864 964 16 903 341 690 525 
340 744 974 784 420 829 490 809 286 860 249 36 735 43 536 36 0 750 881 121 880 845 433 852 325 132 166 230 317 603 793 177 565 840 712 10 893 418 366 146 851 229 461 867 484 802 908 8 551 141 480 782 985 912 633 309 43 150 890 711 104 682 888 20 874 599 29 766 17 394 
658 984 619 778 991 587 796 544 238 477 302 666 829 33 514 343 750 0 263 219 975 723 85 458 876 345 817 778 485 297 559 469 208 543 129 603 692 19 313 148 52 200 167 277 799 196 394 167 941 656 385 915 731 822 372 958 518 189 736 354 837 294 174 44 837 302 646 880 672 311 
133 540 917 554 845 624 194 369 476 951 263 943 189 436 856 73 881 263 0 27 76 510 546 352 660 741 746 826 681 753 563 596 835 736 319 793 253 859 528 958 695 173 131 91 361 784 88 241 808 398 619 883 908 164 586 567 256 683 745 937 788 659 884 622 746 554 766 350 765 645 
337 444 272 774 589 610 740 839 824 325 473 416 171 271 343 487 121 219 27 0 307 459 818 437 901 178 220 989 770 27 738 741 261 645 904 847 564 512 881 660 800 668 670 683 642 415 588 759 764 352 404 70 163 573 858 63 102 77 403 224 456 141 964 716 137 219 914 52 730 795 
361 559 437 793 612 424 108 874 273 615 384 948 971 362 442 772 880 975 76 307 0 711 529 462 732 563 455 146 503 214 261 854 617 682 368 541 539 431 642 968 185 865 423 325 180 490 462 399 404 513 480 198 576 9 11 307 923 466 805 425 679 65 631 647 99 998 539 989 780 180 
164 348 33 942 698 842 789 240 335 693 291 200 979 427 821 659 845 723 510 459 711 0 956 965 397 730 641 576 220 454 326 623 319 806 172 894 166 182 552 88 999 708 513 29 773 143 675 223 140 565 211 272 97 167 236 493 248 228 420 467 682 98 441 1000 903 612 245 68 146 148 
997 21 891 420 349 95 29 250 601 62 22 707 624 585 732 324 433 85 546 818 529 956 0 507 144 856 19 173 980 513 199 202 5 764 412 276 860 930 863 704 178 90 475 996 771 572 437 122 826 48 366 245 193 514 752 337 721 122 861 700 635 59 901 991 822 664 266 33 594 480 
818 486 848 748 370 40 702 258 558 87 79 702 56 519 412 525 852 458 352 437 462 965 507 0 736 123 569 211 118 692 134 554 813 960 954 531 204 498 396 955 186 116 77 46 167 63 457 67 53 630 82 670 663 27 149 750 149 69 312 619 760 446 172 925 405 477 455 960 327 202 
606 254 317 659 353 635 71 533 452 35 362 839 536 255 170 485 325 876 660 901 732 397 144 736 0 915 864 669 343 262 835 405 718 901 809 347 982 478 361 9 978 463 509 46 774 127 158 219 651 82 975 479 888 935 805 441 201 669 109 543 930 943 299 999 195 107 697 528 584 58 
267 917 272 943 427 688 879 538 614 356 631 992 672 422 907 675 132 345 741 178 563 730 856 123 915 0 888 913 520 397 958 645 875 467 216 525 900 190 356 787 476 160 579 676 180 687 570 461 981 868 459 175 326 508 55 909 565 942 173 436 690 131 80 565 597 647 441 849 837 796 
524 482 304 786 224 561 940 582 380 362 213 829 43 647 652 132 166 817 746 220 455 641 19 569 864 888 0 987 664 308 566 692 487 604 261 300 585 481 110 111 806 617 165 67 533 107 239 320 796 721 400 712 670 46 153 518 234 948 504 250 607 69 941 94 673 553 745 609 385 854 
149 674 942 804 108 293 220 46 853 342 820 557 799 765 880 302 230 778 826 989 146 576 173 211 669 913 987 0 719 191 471 884 257 355 342 847 675 489 568 426 201 237 823 705 106 57 4 609 658 611 30 598 704 54 502 448 662 887 653 732 77 475 967 685 830 308 883 504 797 450 
878 241 329 615 259 867 799 625 321 381 948 639 773 529 509 820 317 485 681 770 503 220 980 118 343 520 664 719 0 929 349 38 751 53 495 159 56 456 816 18 485 765 73 890 267 872 903 153 525 634 581 999 601 265 828 260 499 683 408 301 611 756 690 362 160 185 872 568 640 688 
1 465 877 96 866 368 949 205 178 841 59 586 517 534 829 912 603 297 753 27 214 454 513 692 262 397 308 191 929 0 585 124 452 658 365 718 529 267 222 405 900 802 404 852 418 583 112 917 266 871 569 228 627 258 941 138 442 813 705 81 500 642 556 303 299 272 373 179 538 594 
746 411 83 396 235 771 809 367 459 322 619 839 54 458 108 553 793 559 563 738 261 326 199 134 835 958 566 471 349 585 0 936 438 748 339 641 517 273 104 785 890 975 353 118 953 611 58 90 404 870 147 485 721 788 392 376 438 664 748 968 553 693 903 990 792 593 983 309 866 86 
968 47 428 403 934 88 431 494 99 583 996 104 54 12 366 376 177 469 596 741 854 623 202 554 405 645 692 884 38 124 936 0 93 755 60 798 224 12 408 282 454 811 503 600 647 576 387 391 951 824 406 698 791 958 742 46 300 534 638 282 194 855 367 286 962 427 83 185 790 842 
70 693 799 436 821 712 900 728 470 779 746 643 252 112 778 860 565 208 835 261 617 319 5 813 718 875 487 257 751 452 438 93 0 818 243 653 321 842 651 248 580 41 198 755 798 247 898 756 988 943 55 521 580 336 714 787 54 352 748 832 786 932 622 980 102 216 632 774 410 634 
164 324 569 724 43 239 662 350 144 400 91 180 947 950 335 359 840 543 736 645 682 806 764 960 901 467 604 355 53 658 748 755 818 0 21 989 27 218 744 824 464 641 579 451 935 985 324 866 672 389 652 726 92 399 557 878 683 178 857 784 746 840 557 155 825 577 143 851 794 238 
428 413 97 844 538 266 906 620 873 255 275 892 568 618 339 935 712 129 319 904 368 172 412 954 809 216 261 342 495 365 339 60 243 21 0 675 609 230 605 59 164 942 734 30 613 123 681 338 214 80 895 443 114 424 651 897 521 842 805 675 667 381 170 517 526 407 543 134 637 500 
987 166 116 963 638 492 510 759 382 861 212 695 825 558 256 688 10 603 793 847 541 894 276 531 347 525 300 847 159 718 641 798 653 989 675 0 544 152 441 278 181 53 752 862 743 317 293 989 760 758 764 762 654 285 604 458 311 270 190 480 138 715 887 33 200 875 884 743 26 324 
317 691 383 682 605 660 998 681 588 703 315 266 648 847 96 26 893 692 253 564 539 166 860 204 982 900 585 675 56 529 517 224 321 27 609 544 0 372 559 728 123 772 470 792 64 810 551 821 574 664 826 210 267 635 520 888 824 1000 378 538 238 762 89 464 645 831 489 968 555 399 
483 701 736 578 85 483 140 885 32 660 161 770 77 926 769 323 418 19 859 512 431 182 930 498 478 190 481 489 456 267 273 12 842 218 230 152 372 0 47 677 170 517 468 585 326 370 757 251 386 582 460 652 216 332 892 391 331 269 928 920 30 368 383 26 199 223 993 753 622 39 
543 697 302 862 601 760 604 746 530 529 889 373 577 607 745 623 366 313 528 881 642 552 863 396 361 356 110 568 816 222 104 408 651 744 605 441 559 47 0 781 791 907 601 728 585 322 484 187 707 66 647 711 633 978 602 24 660 222 303 931 603 671 665 628 221 887 972 325 860 362 
825 570 835 403 40 133 515 527 129 37 241 915 239 42 319 409 146 148 958 660 968 88 704 955 9 787 111 426 18 405 785 282 248 824 59 278 728 677 781 0 457 3 269 57 730 205 731 213 391 437 630 37 147 615 366 100 638 377 673 292 307 275 314 971 254 534 210 225 210 421 
209 692 631 591 488 478 637 787 365 594 354 314 279 153 501 840 851 52 695 800 185 999 178 186 978 476 806 201 485 900 890 454 580 464 164 181 123 170 791 457 0 587 667 775 207 723 856 411 453 421 801 242 50 190 740 16 907 840 5 284 512 297 942 139 962 265 392 848 826 969 
245 625 294 147 54 264 83 815 816 30 95 860 594 128 204 244 229 200 173 668 865 708 90 116 463 160 617 237 765 802 975 811 41 641 942 53 772 517 907 3 587 0 57 598 555 723 373 113 798 580 523 602 1000 675 843 402 864 935 417 123 774 422 406 637 70 699 127 31 315 519 
102 972 22 521 427 385 48 419 484 735 555 452 952 885 100 131 461 167 131 670 423 513 475 77 509 579 165 823 73 404 353 503 198 579 734 752 470 468 601 269 667 57 0 878 492 487 935 90 393 9 814 505 806 393 379 760 393 53 602 146 269 888 562 391 13 335 148 650 404 198 
570 222 764 856 238 369 494 182 469 695 844 451 854 456 430 612 867 277 91 683 325 29 996 46 46 676 67 705 890 852 118 600 755 451 30 862 792 585 728 57 775 598 878 0 776 787 513 646 16 356 484 302 445 876 311 610 732 468 355 462 227 99 515 181 244 783 68 805 525 81 
707 639 927 138 427 8 450 685 283 662 682 403 229 577 587 313 484 799 361 642 180 773 771 167 774 180 533 106 267 418 953 647 798 935 613 743 64 326 585 730 207 555 492 776 0 492 672 82 895 869 209 33 733 855 49 89 338 350 885 566 660 495 649 480 201 111 706 299 977 886 
514 904 738 953 896 185 76 739 876 254 604 436 330 966 486 621 802 196 784 415 490 143 572 63 127 687 107 57 872 583 611 576 247 985 123 317 810 370 322 205 723 723 487 787 492 0 542 111 306 698 635 386 541 306 819 788 526 27 820 259 881 868 347 571 570 583 136 581 77 136 
704 102 46 996 240 144 539 819 311 78 29 791 640 389 401 481 908 394 88 588 462 675 437 457 158 570 239 4 903 112 58 387 898 324 681 293 551 757 484 731 856 373 935 513 672 542 0 60 629 246 766 927 222 3 820 332 308 870 318 45 410 975 863 197 501 890 369 759 122 588 
398 735 253 921 198 188 291 846 568 873 282 790 963 619 475 348 8 167 241 759 399 223 122 67 219 461 320 609 153 917 90 391 756 866 338 989 821 251 187 213 411 113 90 646 82 111 60 0 457 692 157 39 179 90 468 667 149 96 912 266 375 486 269 546 169 928 415 487 973 177 
523 239 356 730 886 123 224 634 113 730 905 102 158 998 352 315 551 941 808 764 404 140 826 53 651 981 796 658 525 266 404 951 988 672 214 760 574 386 707 391 453 798 393 16 895 306 629 457 0 461 187 725 313 76 93 71 550 33 879 593 189 918 772 278 737 438 779 832 701 44 
188 642 962 901 85 768 84 187 786 28 292 85 829 824 608 553 141 656 398 352 513 565 48 630 82 868 721 611 634 871 870 824 943 389 80 758 664 582 66 437 421 580 9 356 869 698 246 692 461 0 558 538 664 104 707 944 870 545 268 46 357 454 771 670 882 215 92 431 247 323 
734 530 524 47 786 797 31 36 391 549 755 206 485 241 817 186 480 385 619 404 480 211 366 82 975 459 400 30 581 569 147 406 55 652 895 764 826 460 647 630 801 523 814 484 209 635 766 157 187 558 0 23 788 240 146 417 976 935 547 159 988 943 717 525 606 172 583 901 41 127 
883 798 792 522 497 899 331 508 386 696 288 49 129 359 793 86 782 915 883 70 198 272 245 670 479 175 712 598 999 228 485 698 521 726 443 762 210 652 711 37 242 602 505 302 33 386 927 39 725 538 23 0 168 87 836 622 209 857 855 775 300 285 374 622 659 161 213 157 929 188 
351 341 347 843 782 961 872 778 473 720 934 636 159 251 428 564 985 731 908 163 576 97 193 663 888 326 670 704 601 627 721 791 580 92 114 654 267 216 633 147 50 1000 806 445 733 541 222 179 313 664 788 168 0 91 476 699 78 418 767 955 375 938 537 276 978 16 443 416 851 416 
82 551 766 818 486 244 59 285 343 610 776 264 108 177 900 509 912 822 164 573 9 167 514 27 935 508 46 54 265 258 788 958 336 399 424 285 635 332 978 615 190 675 393 876 855 306 3 90 76 104 240 87 91 0 976 59 270 751 358 906 124 980 917 636 544 73 564 84 515 391 
700 635 991 622 218 938 33 117 295 134 719 102 536 229 205 962 633 372 586 858 11 236 752 149 805 55 153 502 828 941 392 742 714 557 651 604 520 892 602 366 740 843 379 311 49 819 820 468 93 707 146 836 476 976 0 782 945 808 900 899 535 837 787 810 166 802 604 934 4 20 
308 946 663 853 134 595 942 662 276 106 647 475 694 857 949 48 309 958 567 63 307 493 337 750 441 909 518 448 260 138 376 46 787 878 897 458 888 391 24 100 16 402 760 610 89 788 332 667 71 944 417 622 699 59 782 0 909 62 641 659 420 899 134 751 815 769 294 239 685 377 
349 819 37 760 264 283 937 823 956 317 758 256 131 598 807 536 43 518 256 102 923 248 721 149 201 565 234 662 499 442 438 300 54 683 521 311 824 331 660 638 907 864 393 732 338 526 308 149 550 870 976 209 78 270 945 909 0 753 75 510 49 235 409 299 769 597 86 930 763 887 
576 117 295 407 442 850 324 50 674 495 931 930 578 228 208 94 150 189 683 77 466 228 122 69 669 942 948 887 683 813 664 534 352 178 842 270 1000 269 222 377 840 935 53 468 350 27 870 96 33 545 935 857 418 751 808 62 753 0 533 696 243 904 956 304 897 615 75 795 100 177 
809 620 956 656 594 887 162 708 128 800 466 383 492 622 828 701 890 736 745 403 805 420 861 312 109 173 504 653 408 705 748 638 748 857 805 190 378 928 303 673 5 417 602 355 885 820 318 912 879 268 547 855 767 358 900 641 75 533 0 609 221 823 847 257 551 951 683 61 1000 917 
578 59 718 727 522 150 88 447 629 697 57 894 255 479 315 707 711 354 937 224 425 467 700 619 543 436 250 732 301 81 968 282 832 784 675 480 538 920 931 292 284 123 146 462 566 259 45 266 593 46 159 775 955 906 899 659 510 696 609 0 821 650 37 418 735 318 532 974 203 227 
576 933 523 855 659 569 272 607 851 688 989 515 447 761 388 5 104 837 788 456 679 682 635 760 930 690 607 77 611 500 553 194 786 746 667 138 238 30 603 307 512 774 269 227 660 881 410 375 189 357 988 300 375 124 535 420 49 243 221 821 0 216 458 534 519 354 500 946 148 600 
906 382 39 404 828 9 322 426 587 121 436 222 546 431 936 254 682 294 659 141 65 98 59 446 943 131 69 475 756 642 693 855 932 840 381 715 762 368 671 275 297 422 888 99 495 868 975 486 918 454 943 285 938 980 837 899 235 904 823 650 216 0 122 108 820 944 306 76 495 257 
545 457 145 481 455 237 870 293 79 280 53 349 308 490 32 82 888 174 884 964 631 441 901 172 299 80 941 967 690 556 903 367 622 557 170 887 89 383 665 314 942 406 562 515 649 347 863 269 772 771 717 374 537 917 787 134 409 956 847 37 458 122 0 110 907 608 27 727 257 415 
997 625 321 642 479 632 523 334 673 466 87 157 698 872 166 864 20 44 622 716 647 1000 991 925 999 565 94 685 362 303 990 286 980 155 517 33 464 26 628 971 139 637 391 181 480 571 197 546 278 670 525 622 276 636 810 751 299 304 257 418 534 108 110 0 144 344 85 675 317 287 
69 58 959 127 222 600 983 775 82 873 879 753 844 732 270 964 874 837 746 137 99 903 822 405 195 597 673 830 160 299 792 962 102 825 526 200 645 199 221 254 962 70 13 244 201 570 501 169 737 882 606 659 978 544 166 815 769 897 551 735 519 820 907 144 0 253 532 744 787 402 
972 222 241 676 345 502 775 912 951 534 327 240 876 107 722 16 599 302 554 219 998 612 664 477 107 647 553 308 185 272 593 427 216 577 407 875 831 223 887 534 265 699 335 783 111 583 890 928 438 215 172 161 16 73 802 769 597 615 951 318 354 944 608 344 253 0 98 286 347 597 
983 790 788 604 117 124 32 444 54 326 298 203 522 781 773 903 29 646 766 914 539 245 266 455 697 441 745 883 872 373 983 83 632 143 543 884 489 993 972 210 392 127 148 68 706 136 369 415 779 92 583 213 443 564 604 294 86 75 683 532 500 306 27 85 532 98 0 237 821 705 
738 748 341 809 178 611 980 808 669 927 193 18 491 578 717 341 766 880 350 52 989 68 33 960 528 849 609 504 568 179 309 185 774 851 134 743 968 753 325 225 848 31 650 805 299 581 759 487 832 431 901 157 416 84 934 239 930 795 61 974 946 76 727 675 744 286 237 0 408 116 
807 922 977 605 429 336 914 797 983 194 487 361 304 384 491 690 17 672 765 730 780 146 594 327 584 837 385 797 640 538 866 790 410 794 637 26 555 622 860 210 826 315 404 525 977 77 122 973 701 247 41 929 851 515 4 685 763 100 1000 203 148 495 257 317 787 347 821 408 0 10 
877 486 90 466 69 883 636 190 935 207 538 576 98 387 518 525 394 311 645 795 180 148 480 202 58 796 854 450 688 594 86 842 634 238 500 324 399 39 362 421 969 519 198 81 886 136 588 177 44 323 127 188 416 391 20 377 887 177 917 227 600 257 415 287 402 597 705 116 10 0 
