100
0 37 104 543 94 47 653 347 995 753 828 96 124 750 981 545 749 501 411 647 465 901 271 367 43 461 838 567 42 139 83 960 527 186 854 972 232 859 318 579 963 146 674 87 247 654 983 995 154 394 993 971 646 615 337 688 75 527 255 468 17 689 779 543 875 633 515 458 491 184 36 805 329 710 891 575 715 874 922 869 619 266 839 264 881 527 952 307 53 558 775 421 246 553 964 120 537 830 930 379 
37 0 13 317 184 694 378 426 620 93 299 541 961 917 159 151 533 39 677 484 345 82 41 471 502 286 24 817 758 912 646 39 291 11 355 826 704 733 251 675 177 902 568 489 818 726 639 350 116 667 185 460 100 225 283 954 863 658 770 972 569 768 10 211 778 716 36 833 448 639 507 976 540 74 464 709 151 454 411 266 473 595 726 572 172 360 877 386 17 647 357 585 414 718 796 543 433 183 727 233 
104 13 0 821 233 208 360 659 24 421 809 829 831 75 301 425 152 225 948 511 101 333 527 99 689 463 864 406 610 406 839 793 132 423 965 717 630 677 727 653 97 535 834 927 961 134 703 112 710 651 974 811 983 852 261 24 315 125 781 924 882 971 68 14 393 385 82 375 61 808 27 157 694 860 435 655 346 489 118 55 139 92 217 474 295 478 849 609 954 629 885 835 952 304 200 344 688 633 718 100 
543 317 821 0 440 97 608 134 308 42 140 5 531 257 412 21 700 628 494 995 457 342 955 762 323 191 597 274 495 148 969 182 781 39 634 220 487 241 705 146 283 844 151 165 453 562 185 152 541 31 146 350 724 453 111 398 643 707 23 137 207 992 671 987 382 304 206 868 544 263 13 178 458 163 342 910 76 879 62 617 909 559 318 984 11 428 382 6 487 404 142 693 395 164 679 128 819 236 995 363 
94 184 233 440 0 498 360 892 956 874 586 865 950 464 278 918 724 189 235 707 199 14 88 204 500 492 698 192 238 213 222 366 32 458 712 746 307 423 637 614 297 222 831 598 37 460 867 760 648 453 467 847 466 906 402 966 397 451 509 987 664 83 352 695 892 415 440 198 838 428 164 134 650 994 83 686 453 949 798 453 401 264 651 866 169 52 183 918 855 44 904 870 126 607 916 17 21 355 566 858 
47 694 208 97 498 0 134 729 343 135 74 425 173 879 725 970 331 125 585 981 343 753 384 525 22 590 920 277 459 45 883 374 61 256 80 979 465 214 707 808 348 133 584 520 363 661 841 693 785 425 25 479 530 760 356 551 350 275 828 808 320 62 182 732 317 613 710 782 826 769 589 526 253 524 397 615 184 238 659 321 662 683 799 543 442 154 94 143 429 273 951 100 334 484 831 651 448 893 432 626 
653 378 360 608 360 134 0 13 372 151 265 247 899 879 783 488 537 103 502 571 253 44 364 407 489 507 187 761 809 286 447 644 468 97 91 712 880 716 724 251 218 988 849 469 218 631 956 106 733 457 676 338 501 392 744 989 250 282 102 58 919 548 53 738 644 495 450 875 563 173 477 132 161 325 600 730 956 556 836 40 12 511 377 864 254 472 205 503 105 306 560 23 853 964 113 848 459 562 74 373 
347 426 659 134 892 729 13 0 734 550 504 246 874 104 976 181 11 163 573 374 673 301 238 927 125 794 781 581 99 693 604 303 656 716 502 466 629 575 838 362 124 694 960 349 797 287 882 159 449 806 532 473 106 121 751 582 914 532 163 364 224 118 666 231 185 167 697 813 741 886 526 216 579 837 565 375 123 446 885 923 251 417 396 708 889 498 642 803 29 804 166 604 921 184 835 457 350 883 269 443 
995 620 24 308 956 343 372 734 0 768 146 658 347 983 574 73 457 19 958 380 621 726 127 681 614 624 322 416 5 477 934 960 749 117 146 205 466 28 825 260 796 970 918 142 304 491 214 113 862 171 492 834 896 970 866 862 945 539 277 301 15 210 261 763 678 758 319 496 786 143 755 581 465 24 722 120 867 287 232 80 810 75 265 57 396 131 918 341 669 195 993 684 756 605 798 434 363 117 281 148 
753 93 421 42 874 135 151 550 768 0 611 35 728 427 411 801 547 277 87 130 356 248 205 972 305 952 102 222 292 123 768 637 806 876 241 955 661 955 423 941 102 34 975 181 460 737 333 358 13 772 488 720 19 44 692 323 995 145 897 639 267 664 627 424 539 867 379 199 822 801 139 275 186 466 456 646 554 140 355 567 911 842 638 930 237 681 252 584 826 500 222 92 164 200 868 54 66 246 253 239 
828 299 809 140 586 74 265 504 146 611 0 398 743 514 584 560 321 581 114 460 935 32 371 129 669 652 365 350 255 300 527 755 873 970 918 72 837 971 138 82 575 728 832 670 593 415 229 265 995 694 725 929 725 447 409 746 450 774 447 704 73 973 458 946 942 727 369 779 50 506 212 624 586 43 293 178 809 874 443 155 919 519 436 644 317 844 741 766 969 187 469 394 159 927 691 452 653 59 230 702 
96 541 829 5 865 425 247 246 658 35 398 0 565 794 678 502 188 322 679 997 547 121 151 466 991 586 461 307 782 201 72 750 387 541 143 897 819 833 348 823 892 930 877 808 723 906 309 910 227 339 258 774 812 761 591 802 698 51 109 479 251 532 229 989 424 371 885 594 556 232 417 799 161 645 606 883 550 266 145 128 956 754 253 767 514 843 569 212 893 29 690 495 560 270 483 336 641 367 929 548 
124 961 831 531 950 173 899 874 347 728 743 565 0 599 697 346 111 341 303 346 890 920 842 370 875 595 622 642 461 465 562 24 709 590 65 556 501 335 38 188 327 757 117 874 707 813 571 817 154 873 162 395 792 3 116 666 950 738 659 410 554 220 433 614 161 497 169 14 183 559 201 509 315 669 734 21 482 304 837 987 528 351 733 319 705 849 337 654 938 995 63 491 567 847 456 79 696 625 444 878 
750 917 75 257 464 879 879 104 983 427 514 794 599 0 183 997 387 849 665 472 869 498 776 57 836 303 759 921 974 464 121 662 117 58 8 180 900 574 378 707 5 73 331 448 951 865 796 689 713 461 160 933 310 287 342 498 942 100 418 267 563 890 928 680 299 935 211 550 861 588 256 865 661 587 664 963 803 460 3 516 272 162 800 581 801 141 430 94 241 847 360 155 88 287 834 386 221 396 935 81 
981 159 301 412 278 725 783 976 574 411 584 678 697 183 0 984 191 297 996 129 961 310 931 420 312 798 43 825 598 975 625 90 405 718 682 603 77 837 691 715 670 76 936 66 11 368 401 553 665 748 681 977 57 963 396 720 761 790 544 710 764 169 151 168 238 833 771 667 669 461 381 690 888 668 107 250 388 507 802 52 606 834 28 14 797 775 733 909 916 277 970 679 797 120 199 386 952 969 52 620 
545 151 425 21 918 970 488 181 73 801 560 502 346 997 984 0 781 785 310 20 804 416 270 191 275 423 594 232 257 973 246 405 747 978 313 662 606 282 693 754 753 891 140 705 211 543 676 343 327 337 362 483 105 983 25 379 406 619 962 662 591 207 418 690 537 730 703 494 363 395 248 115 637 387 171 847 281 847 541 960 183 903 442 287 237 466 17 642 436 979 655 27 537 72 68 425 153 770 919 867 
749 533 152 700 724 331 537 11 457 547 321 188 111 387 191 781 0 517 166 982 153 904 504 352 536 350 892 495 885 146 936 523 383 754 540 24 189 870 31 567 758 454 634 183 607 404 101 473 272 618 806 424 873 310 127 408 659 19 255 895 164 542 418 898 295 309 274 836 530 304 402 287 757 36 469 715 791 921 188 62 890 345 837 762 654 964 522 665 334 776 559 849 317 328 747 964 636 20 799 165 
501 39 225 628 189 125 103 163 19 277 581 322 341 849 297 785 517 0 675 552 804 431 939 272 498 81 545 685 494 434 381 331 548 35 646 69 699 979 196 609 827 864 937 925 179 924 296 329 441 970 881 244 753 171 867 250 252 411 286 745 845 666 75 744 700 72 164 750 50 359 711 229 574 647 505 753 922 801 433 362 770 665 605 874 836 472 123 87 234 760 831 430 426 258 173 477 681 336 579 83 
411 677 948 494 235 585 502 573 958 87 114 679 303 665 996 310 166 675 0 46 289 663 620 287 167 724 208 319 156 570 89 821 526 314 8 349 437 94 583 548 276 12 325 885 185 802 566 872 732 648 918 372 662 537 658 828 612 217 147 119 138 587 291 664 900 298 12 688 743 946 236 19 310 560 255 846 713 820 717 796 819 634 167 480 170 176 660 133 393 806 252 530 744 542 193 643 192 557 683 934 
647 484 511 995 707 981 571 374 380 130 460 997 346 472 129 20 982 552 46 0 854 918 304 163 829 559 8 894 730 725 689 901 358 856 732 880 31 391 12 423 548 615 305 291 509 849 286 700 405 968 633 611 237 289 773 65 847 781 958 576 857 647 476 566 854 560 445 884 950 809 659 498 423 963 140 931 811 425 982 568 392 967 178 980 255 302 45 101 434 354 28 290 1000 856 856 853 415 652 89 716 
465 345 101 457 199 343 253 673 621 356 935 547 890 869 961 804 153 804 289 854 0 460 99 213 235 413 705 165 223 129 499 142 873 465 671 852 71 973 248 523 406 602 550 696 953 757 903 806 523 554 246 239 14 344 803 248 108 507 764 682 988 614 824 212 430 494 63 500 818 663 22 224 264 924 271 216 32 525 373 555 78 970 793 443 665 947 42 772 454 806 454 441 771 629 4 201 122 418 700 292 
901 82 333 342 14 753 44 301 726 248 32 121 920 498 310 416 904 431 663 918 460 0 80 74 515 695 349 137 911 380 661 635 934 738 957 78 533 621 25 574 393 830 731 198 622 502 826 625 702 299 42 753 590 122 178 456 168 526 592 430 258 252 65 543 342 373 621 874 993 997 447 737 178 178 934 799 679 111 775 732 762 816 836 351 289 14 807 457 539 750 886 148 354 302 691 695 674 311 920 19 
271 41 527 955 88 384 364 238 127 205 371 151 842 776 931 270 504 939 620 304 99 80 0 659 366 755 836 895 41 986 925 503 760 8 264 927 844 967 568 857 125 376 747 874 613 895 227 915 937 273 940 599 192 958 257 910 65 444 156 457 781 433 959 540 440 575 818 635 541 385 491 665 760 590 890 373 836 117 639 772 741 930 370 285 240 978 546 656 773 53 112 553 485 422 444 925 348 261 911 888 
367 471 99 762 204 525 407 927 681 972 129 466 370 57 420 191 352 272 287 163 213 74 659 0 998 402 904 757 343 794 481 530 910 471 653 2 753 374 286 992 351 183 999 475 236 462 27 720 883 470 996 231 730 907 470 727 660 374 836 354 167 668 883 428 491 887 781 243 260 67 586 962 601 584 436 836 45 814 908 279 283 903 861 364 161 683 443 820 56 630 525 574 649 759 1 139 645 133 733 904 
43 502 689 323 500 22 489 125 614 305 669 991 875 836 312 275 536 498 167 829 235 515 366 998 0 199 318 217 152 253 652 987 649 465 894 280 99 149 140 815 661 822 257 833 229 238 357 154 886 116 506 25 760 639 757 16 189 427 232 340 31 236 679 680 700 924 959 151 72 450 965 733 624 573 917 852 810 273 6 695 388 863 719 500 501 828 867 690 606 98 29 636 333 707 315 385 631 625 535 54 
461 286 463 191 492 590 507 794 624 952 652 586 595 303 798 423 350 81 724 559 413 695 755 402 199 0 75 851 138 698 423 54 901 232 327 906 278 66 769 349 917 621 528 783 310 133 881 339 768 565 397 435 949 379 59 835 433 133 685 570 830 107 976 731 690 302 988 320 719 108 668 636 729 195 770 390 679 650 728 446 567 477 232 515 855 291 350 639 423 386 561 605 845 536 687 886 837 26 205 907 
838 24 864 597 698 920 187 781 322 102 365 461 622 759 43 594 892 545 208 8 705 349 836 904 318 75 0 486 224 542 214 770 664 603 448 313 683 246 879 511 477 746 365 767 447 356 542 832 916 498 676 451 536 562 639 561 766 545 46 990 439 611 759 102 214 559 766 248 804 997 758 280 742 474 399 188 829 940 371 744 789 47 194 324 608 832 884 725 729 930 66 167 892 177 268 457 735 33 704 538 
567 817 406 274 192 277 761 581 416 222 350 307 642 921 825 232 495 685 319 894 165 137 895 757 217 851 486 0 381 813 169 122 287 567 661 467 858 32 563 646 430 108 969 37 292 205 113 20 486 179 186 377 355 805 834 441 189 537 978 570 702 498 43 340 65 704 806 922 87 368 920 516 828 888 904 119 92 16 138 577 194 675 306 900 479 139 340 19 27 669 588 728 167 631 67 583 686 873 856 772 
42 758 610 495 238 459 809 99 5 292 255 782 461 974 598 257 885 494 156 730 223 911 41 343 152 138 224 381 0 592 775 287 419 15 190 889 106 557 26 35 103 52 692 2 530 830 694 901 856 362 488 584 880 470 2 814 155 226 670 926 818 444 564 588 810 105 477 916 662 854 302 764 906 993 117 787 174 810 687 29 524 175 964 755 644 318 569 151 543 590 428 712 385 992 300 195 448 128 462 461 
139 912 406 148 213 45 286 693 477 123 300 201 465 464 975 973 146 434 570 725 129 380 986 794 253 698 542 813 592 0 333 763 576 238 107 693 25 632 854 711 12 729 237 976 484 233 645 404 383 187 993 810 899 377 153 550 571 953 29 32 413 361 146 341 599 604 385 975 235 238 685 247 967 274 574 802 858 218 205 240 404 197 401 654 925 906 203 496 210 231 879 622 944 25 314 542 628 698 516 215 
83 646 839 969 222 883 447 604 934 768 527 72 562 121 625 246 936 381 89 689 499 661 925 481 652 423 214 169 775 333 0 936 552 461 254 177 34 55 34 603 611 625 6 159 378 660 83 283 214 578 492 797 809 465 740 833 779 633 812 828 500 26 763 403 486 368 580 871 774 965 473 384 590 831 542 967 842 625 601 55 554 92 203 362 908 294 546 38 926 358 866 777 383 980 180 221 348 111 91 121 
960 39 793 182 366 374 644 303 960 637 755 750 24 662 90 405 523 331 821 901 142 635 503 530 987 54 770 122 287 763 936 0 75 916 857 16 746 398 982 587 374 582 993 280 25 196 993 285 841 891 322 119 248 539 895 982 519 426 554 866 536 997 338 963 912 194 330 657 944 312 595 669 245 939 300 622 134 645 258 327 535 579 445 134 118 339 467 988 117 21 205 4 17 542 966 280 88 296 288 383 
527 291 132 781 32 61 468 656 749 806 873 387 709 117 405 747 383 548 526 358 873 934 760 910 649 901 664 287 419 576 552 75 0 959 882 403 555 820 703 528 306 699 785 632 233 716 428 718 185 766 184 172 234 556 376 238 924 269 555 203 356 202 490 90 160 371 493 67 543 547 946 200 245 731 183 829 798 610 898 982 375 433 153 609 989 880 198 912 148 752 115 504 954 956 945 465 679 437 883 221 
186 11 423 39 458 256 97 716 117 876 970 541 590 58 718 978 754 35 314 856 465 738 8 471 465 232 603 567 15 238 461 916 959 0 335 829 772 931 911 954 111 708 563 8 41 289 441 193 249 781 424 446 692 571 198 158 74 151 466 371 967 144 159 850 716 494 678 487 776 940 440 887 999 2 894 39 290 334 583 891 114 6 336 158 576 533 667 2 35 132 372 354 275 530 203 342 375 232 828 151 
854 355 965 634 712 80 91 502 146 241 918 143 65 8 682 313 540 646 8 732 671 957 264 653 894 327 448 661 190 107 254 857 882 335 0 523 619 37 521 620 930 559 262 616 493 152 81 498 839 590 73 372 609 426 758 740 797 111 367 679 665 708 405 248 536 555 770 154 591 290 126 873 848 739 840 692 242 272 189 80 214 614 803 822 39 561 561 188 23 279 218 40 987 622 287 874 529 57 27 119 
972 826 717 220 746 979 712 466 205 955 72 897 556 180 603 662 24 69 349 880 852 78 927 2 280 906 313 467 889 693 177 16 403 829 523 0 346 504 343 546 242 534 237 483 158 426 915 371 391 717 192 781 277 104 320 652 383 537 691 369 511 977 242 39 33 620 509 731 476 204 276 69 89 512 904 246 289 818 616 31 534 159 812 163 615 483 814 997 372 856 717 882 832 310 272 217 281 780 947 756 
232 704 630 487 307 465 880 629 466 661 837 819 501 900 77 606 189 699 437 31 71 533 844 753 99 278 683 858 106 25 34 746 555 772 619 346 0 335 574 825 424 437 728 669 78 545 637 108 430 795 271 592 761 754 757 757 125 612 825 358 796 134 629 364 415 408 310 522 743 883 346 518 319 425 186 748 321 822 856 751 969 126 694 729 231 803 838 355 766 14 712 561 148 340 924 914 100 585 787 194 
859 733 677 241 423 214 716 575 28 955 971 833 335 574 837 282 870 979 94 391 973 621 967 374 149 66 246 32 557 632 55 398 820 931 37 504 335 0 819 485 711 490 909 248 237 582 422 92 684 390 570 377 470 800 179 659 507 297 673 218 857 172 910 133 85 361 69 871 906 888 707 616 729 616 215 965 197 636 409 232 25 978 608 847 129 139 505 635 435 177 205 643 700 466 127 784 178 196 7 83 
318 251 727 705 637 707 724 838 825 423 138 348 38 378 691 693 31 196 583 12 248 25 568 286 140 769 879 563 26 854 34 982 703 911 521 343 574 819 0 83 713 50 163 680 264 127 228 900 535 459 276 864 419 122 345 909 979 331 695 507 887 337 207 352 464 342 529 11 348 963 445 413 12 607 444 276 733 672 175 620 482 450 483 252 924 179 160 902 510 854 760 396 543 966 100 6 308 980 368 7 
579 675 653 146 614 808 251 362 260 941 82 823 188 707 715 754 567 609 548 423 523 574 857 992 815 349 511 646 35 711 603 587 528 954 620 546 825 485 83 0 943 812 771 954 418 215 229 502 238 755 121 71 557 956 323 480 134 482 733 995 688 844 391 230 810 490 235 469 469 954 827 763 765 950 717 534 164 297 35 753 52 508 175 960 463 497 791 948 331 875 943 18 718 333 247 879 174 833 699 994 
963 177 97 283 297 348 218 124 796 102 575 892 327 5 670 753 758 827 276 548 406 393 125 351 661 917 477 430 103 12 611 374 306 111 930 242 424 711 713 943 0 786 526 757 550 475 473 435 990 121 469 94 524 976 268 483 790 117 273 738 447 499 680 464 217 364 62 95 889 894 794 882 31 671 638 932 497 462 366 486 583 834 579 458 162 198 941 951 314 565 688 760 64 719 575 632 434 636 78 322 
146 902 535 844 222 133 988 694 970 34 728 930 757 73 76 891 454 864 12 615 602 830 376 183 822 621 746 108 52 729 625 582 699 708 559 534 437 490 50 812 786 0 529 223 204 559 893 193 490 389 7 207 226 941 41 804 398 202 2 338 504 667 255 192 427 318 262 353 949 696 989 26 369 869 249 572 780 493 117 621 882 123 828 459 63 220 263 460 421 616 150 276 282 404 819 60 73 81 413 373 
674 568 834 151 831 584 849 960 918 975 832 877 117 331 936 140 634 937 325 305 550 731 747 999 257 528 365 969 692 237 6 993 785 563 262 237 728 909 163 771 526 529 0 128 401 750 496 621 350 420 400 843 536 373 76 10 200 534 72 419 148 883 191 115 384 466 749 139 285 808 211 717 572 935 844 324 685 691 945 386 110 696 580 645 68 655 654 619 541 77 37 40 312 579 155 695 397 903 834 33 
87 489 927 165 598 520 469 349 142 181 670 808 874 448 66 705 183 925 885 291 696 198 874 475 833 783 767 37 2 976 159 280 632 8 616 483 669 248 680 954 757 223 128 0 62 396 749 634 331 944 957 367 986 253 752 96 949 332 92 16 338 98 987 230 174 23 270 837 954 776 532 350 678 717 734 739 112 834 724 794 129 681 512 114 933 616 209 233 299 653 601 636 750 587 218 275 961 487 112 914 
247 818 961 453 37 363 218 797 304 460 593 723 707 951 11 211 607 179 185 509 953 622 613 236 229 310 447 292 530 484 378 25 233 41 493 158 78 237 264 418 550 204 401 62 0 262 643 615 291 711 700 381 822 533 105 968 661 137 479 775 421 446 335 654 744 987 606 732 88 192 949 363 152 787 474 418 400 468 32 690 178 732 422 351 616 526 318 277 14 149 403 435 594 89 440 690 428 45 421 515 
654 726 134 562 460 661 631 287 491 737 415 906 813 865 368 543 404 924 802 849 757 502 895 462 238 133 356 205 830 233 660 196 716 289 152 426 545 582 127 215 475 559 750 396 262 0 236 369 877 387 507 702 156 906 169 188 947 698 271 368 49 886 894 718 514 259 218 268 693 164 709 132 853 136 528 625 650 763 345 879 502 851 932 657 108 101 196 54 150 466 421 550 704 666 620 569 925 189 837 969 
983 639 703 185 867 841 956 882 214 333 229 309 571 796 401 676 101 296 566 286 903 826 227 27 357 881 542 113 694 645 83 993 428 441 81 915 637 422 228 229 473 893 496 749 643 236 0 352 545 453 556 32 980 180 681 743 876 911 596 78 843 604 185 295 800 238 796 617 11 346 320 28 965 241 952 505 77 273 857 973 725 764 4 704 296 36 798 171 299 393 249 141 997 433 787 796 23 582 764 385 
995 350 112 152 760 693 106 159 113 358 265 910 817 689 553 343 473 329 872 700 806 625 915 720 154 339 832 20 901 404 283 285 718 193 498 371 108 92 900 502 435 193 621 634 615 369 352 0 279 436 412 595 676 364 100 104 636 956 76 360 71 431 415 366 466 213 537 764 605 137 256 601 921 42 748 295 976 864 679 254 299 91 849 974 806 948 77 441 255 504 152 325 934 566 691 399 778 579 515 735 
154 116 710 541 648 785 733 449 862 13 995 227 154 713 665 327 272 441 732 405 523 702 937 883 886 768 916 486 856 383 214 841 185 249 839 391 430 684 535 238 990 490 350 331 291 877 545 279 0 67 770 687 987 164 787 634 139 650 312 392 948 402 240 273 207 187 701 999 441 556 502 118 489 420 808 239 549 738 753 283 804 875 322 142 38 108 775 176 757 439 919 56 192 159 680 399 697 732 749 490 
394 667 651 31 453 425 457 806 171 772 694 339 873 461 748 337 618 970 648 968 554 299 273 470 116 565 498 179 362 187 578 891 766 781 590 717 795 390 459 755 121 389 420 944 711 387 453 436 67 0 287 603 607 775 22 766 365 570 503 470 205 658 344 526 151 733 633 926 260 741 716 178 148 907 688 827 657 737 558 758 226 844 360 184 970 381 301 334 302 155 155 858 812 498 383 962 230 367 239 841 
993 185 974 146 467 25 676 532 492 488 725 258 162 160 681 362 806 881 918 633 246 42 940 996 506 397 676 186 488 993 492 322 184 424 73 192 271 570 276 121 469 7 400 957 700 507 556 412 770 287 0 107 306 19 606 213 58 432 869 794 341 626 19 536 337 554 857 717 854 543 371 8 697 228 171 547 963 485 128 329 75 969 788 381 339 393 593 396 177 813 190 869 791 560 757 127 114 613 196 319 
971 460 811 350 847 479 338 473 834 720 929 774 395 933 977 483 424 244 372 611 239 753 599 231 25 435 451 377 584 810 797 119 172 446 372 781 592 377 864 71 94 207 843 367 381 702 32 595 687 603 107 0 507 566 679 204 145 849 102 107 685 229 788 760 197 575 140 535 319 84 931 847 896 472 68 38 31 824 165 496 788 712 815 295 277 845 850 773 693 951 232 378 179 19 489 728 945 628 262 263 
646 100 983 724 466 530 501 106 896 19 725 812 792 310 57 105 873 753 662 237 14 590 192 730 760 949 536 355 880 899 809 248 234 692 609 277 761 470 419 557 524 226 536 986 822 156 980 676 987 607 306 507 0 63 544 462 958 15 529 348 46 352 512 541 139 223 707 785 851 903 986 975 596 288 206 325 819 224 813 546 168 792 807 783 854 351 244 163 717 772 510 762 475 373 655 965 947 713 102 149 
615 225 852 453 906 760 392 121 970 44 447 761 3 287 963 983 310 171 537 289 344 122 958 907 639 379 562 805 470 377 465 539 556 571 426 104 754 800 122 956 976 941 373 253 533 906 180 364 164 775 19 566 63 0 616 87 124 563 375 329 239 545 905 403 90 424 194 248 206 399 950 801 913 667 924 423 428 750 147 434 715 94 147 816 242 114 254 365 676 980 46 266 524 950 668 613 373 213 861 931 
337 283 261 111 402 356 744 751 866 692 409 591 116 342 396 25 127 867 658 773 803 178 257 470 757 59 639 834 2 153 740 895 376 198 758 320 757 179 345 323 268 41 76 752 105 169 681 100 787 22 606 679 544 616 0 963 810 83 875 828 359 297 256 108 796 41 822 889 539 989 130 652 243 847 679 574 892 944 98 193 963 62 917 175 922 199 489 84 282 364 911 640 12 518 747 807 911 921 695 449 
688 954 24 398 966 551 989 582 862 323 746 802 666 498 720 379 408 250 828 65 248 456 910 727 16 835 561 441 814 550 833 982 238 158 740 652 757 659 909 480 483 804 10 96 968 188 743 104 634 766 213 204 462 87 963 0 909 177 453 503 375 483 77 266 427 174 810 741 235 726 268 509 925 756 944 558 119 206 549 483 76 647 289 986 567 984 786 828 512 238 330 886 721 406 503 499 931 312 239 518 
75 863 315 643 397 350 250 914 945 995 450 698 950 942 761 406 659 252 612 847 108 168 65 660 189 433 766 189 155 571 779 519 924 74 797 383 125 507 979 134 790 398 200 949 661 947 876 636 139 365 58 145 958 124 810 909 0 37 858 378 313 614 321 222 84 878 770 566 953 417 207 290 983 542 76 810 53 313 492 290 385 249 792 883 532 103 474 49 491 331 426 156 296 98 377 732 327 499 649 280 
527 658 125 707 451 275 282 532 539 145 774 51 738 100 790 619 19 411 217 781 507 526 444 374 427 133 545 537 226 953 633 426 269 151 111 537 612 297 331 482 117 202 534 332 137 698 911 956 650 570 432 849 15 563 83 177 37 0 915 855 569 249 396 996 411 800 309 902 89 693 502 880 928 33 334 401 81 177 83 858 684 731 307 60 462 986 910 462 265 824 317 185 425 64 181 835 864 841 88 952 
255 770 781 23 509 828 102 163 277 897 447 109 659 418 544 962 255 286 147 958 764 592 156 836 232 685 46 978 670 29 812 554 555 466 367 691 825 673 695 733 273 2 72 92 479 271 596 76 312 503 869 102 529 375 875 453 858 915 0 885 589 184 812 974 517 212 406 45 647 616 728 377 922 140 838 907 49 651 523 225 967 60 649 31 592 483 246 432 922 197 316 862 732 480 835 249 691 593 645 337 
468 972 924 137 987 808 58 364 301 639 704 479 410 267 710 662 895 745 119 576 682 430 457 354 340 570 990 570 926 32 828 866 203 371 679 369 358 218 507 995 738 338 419 16 775 368 78 360 392 470 794 107 348 329 828 503 378 855 885 0 208 373 65 481 864 254 388 912 905 262 136 223 673 784 253 264 618 850 47 891 47 715 105 130 194 939 730 236 531 375 925 90 99 989 571 962 595 310 873 499 
17 569 882 207 664 320 919 224 15 267 73 251 554 563 764 591 164 845 138 857 988 258 781 167 31 830 439 702 818 413 500 536 356 967 665 511 796 857 887 688 447 504 148 338 421 49 843 71 948 205 341 685 46 239 359 375 313 569 589 208 0 571 361 721 596 496 326 859 114 175 258 356 573 972 460 703 517 751 432 104 633 806 380 723 904 721 293 217 315 602 90 813 172 802 533 119 297 210 978 762 
689 768 971 992 83 62 548 118 210 664 973 532 220 890 169 207 542 666 587 647 614 252 433 668 236 107 611 498 444 361 26 997 202 144 708 977 134 172 337 844 499 667 883 98 446 886 604 431 402 658 626 229 352 545 297 483 614 249 184 373 571 0 385 587 118 957 910 577 11 778 327 443 881 960 600 261 682 856 981 326 72 295 927 513 459 450 314 343 569 611 553 898 372 937 484 841 245 745 418 256 
779 10 68 671 352 182 53 666 261 627 458 229 433 928 151 418 418 75 291 476 824 65 959 883 679 976 759 43 564 146 763 338 490 159 405 242 629 910 207 391 680 255 191 987 335 894 185 415 240 344 19 788 512 905 256 77 321 396 812 65 361 385 0 522 96 698 402 407 649 14 440 504 346 765 576 640 43 88 450 493 754 793 61 364 345 310 87 281 793 928 525 537 697 132 58 792 181 811 551 830 
543 211 14 987 695 732 738 231 763 424 946 989 614 680 168 690 898 744 664 566 212 543 540 428 680 731 102 340 588 341 403 963 90 850 248 39 364 133 352 230 464 192 115 230 654 718 295 366 273 526 536 760 541 403 108 266 222 996 974 481 721 587 522 0 825 342 685 170 459 260 162 501 700 611 993 453 403 405 168 99 714 254 379 506 533 256 394 229 739 803 373 920 614 275 101 790 616 785 311 74 
875 778 393 382 892 317 644 185 678 539 942 424 161 299 238 537 295 700 900 854 430 342 440 491 700 690 214 65 810 599 486 912 160 716 536 33 415 85 464 810 217 427 384 174 744 514 800 466 207 151 337 197 139 90 796 427 84 411 517 864 596 118 96 825 0 45 472 575 96 435 567 900 189 972 419 288 37 24 18 543 557 625 288 137 364 91 509 283 56 783 383 197 751 519 507 824 563 331 750 10 
633 716 385 304 415 613 495 167 758 867 727 371 497 935 833 730 309 72 298 560 494 373 575 887 924 302 559 704 105 604 368 194 371 494 555 620 408 361 342 490 364 318 466 23 987 259 238 213 187 733 554 575 223 424 41 174 878 800 212 254 496 957 698 342 45 0 117 317 261 305 640 679 944 676 703 962 570 611 938 210 747 301 300 256 935 707 390 669 903 140 188 409 316 102 91 65 112 207 733 372 
515 36 82 206 440 710 450 697 319 379 369 885 169 211 771 703 274 164 12 445 63 621 818 781 959 988 766 806 477 385 580 330 493 678 770 509 310 69 529 235 62 262 749 270 606 218 796 537 701 633 857 140 707 194 822 810 770 309 406 388 326 910 402 685 472 117 0 864 372 403 807 400 105 120 321 715 58 530 813 358 181 68 645 887 810 313 141 301 500 902 616 602 992 681 65 551 413 788 414 137 
458 833 375 868 198 782 875 813 496 199 779 594 14 550 667 494 836 750 688 884 500 874 635 243 151 320 248 922 916 975 871 657 67 487 154 731 522 871 11 469 95 353 139 837 732 268 617 764 999 926 717 535 785 248 889 741 566 902 45 912 859 577 407 170 575 317 864 0 190 220 888 646 692 208 712 749 90 525 458 270 592 454 509 753 767 649 54 618 550 669 571 542 701 635 92 114 423 857 250 964 
491 448 61 544 838 826 563 741 786 822 50 556 183 861 669 363 530 50 743 950 818 993 541 260 72 719 804 87 662 235 774 944 543 776 591 476 743 906 348 469 889 949 285 954 88 693 11 605 441 260 854 319 851 206 539 235 953 89 647 905 114 11 649 459 96 261 372 190 0 76 489 610 119 696 321 219 137 845 677 407 789 130 915 893 248 915 946 866 465 967 436 358 667 423 801 780 197 657 381 160 
184 639 808 263 428 769 173 886 143 801 506 232 559 588 461 395 304 359 946 809 663 997 385 67 450 108 997 368 854 238 965 312 547 940 290 204 883 888 963 954 894 696 808 776 192 164 346 137 556 741 543 84 903 399 989 726 417 693 616 262 175 778 14 260 435 305 403 220 76 0 84 869 121 203 917 794 421 53 990 449 811 130 931 77 23 530 992 968 395 808 286 183 517 953 957 317 84 153 973 465 
36 507 27 13 164 589 477 526 755 139 212 417 201 256 381 248 402 711 236 659 22 447 491 586 965 668 758 920 302 685 473 595 946 440 126 276 346 707 445 827 794 989 211 532 949 709 320 256 502 716 371 931 986 950 130 268 207 502 728 136 258 327 440 162 567 640 807 888 489 84 0 664 408 685 137 962 601 930 383 6 271 183 168 401 113 245 423 643 588 742 389 747 28 923 263 332 879 579 415 383 
805 976 157 178 134 526 132 216 581 275 624 799 509 865 690 115 287 229 19 498 224 737 665 962 733 636 280 516 764 247 384 669 200 887 873 69 518 616 413 763 882 26 717 350 363 132 28 601 118 178 8 847 975 801 652 509 290 880 377 223 356 443 504 501 900 679 400 646 610 869 664 0 903 879 47 662 916 535 624 868 816 6 225 86 540 393 486 5 989 260 999 576 2 387 674 381 662 936 712 540 
329 540 694 458 650 253 161 579 465 186 586 161 315 661 888 637 757 574 310 423 264 178 760 601 624 729 742 828 906 967 590 245 245 999 848 89 319 729 12 765 31 369 572 678 152 853 965 921 489 148 697 896 596 913 243 925 983 928 922 673 573 881 346 700 189 944 105 692 119 121 408 903 0 866 126 923 120 357 321 781 272 855 404 491 670 761 716 107 301 108 593 305 96 204 303 23 557 41 696 937 
710 74 860 163 994 524 325 837 24 466 43 645 669 587 668 387 36 647 560 963 924 178 590 584 573 195 474 888 993 274 831 939 731 2 739 512 425 616 607 950 671 869 935 717 787 136 241 42 420 907 228 472 288 667 847 756 542 33 140 784 972 960 765 611 972 676 120 208 696 203 685 879 866 0 702 983 1000 594 848 478 868 967 834 540 99 457 746 503 947 767 263 662 873 915 121 465 571 216 21 225 
891 464 435 342 83 397 600 565 722 456 293 606 734 664 107 171 469 505 255 140 271 934 890 436 917 770 399 904 117 574 542 300 183 894 840 904 186 215 444 717 638 249 844 734 474 528 952 748 808 688 171 68 206 924 679 944 76 334 838 253 460 600 576 993 419 703 321 712 321 917 137 47 126 702 0 590 577 618 637 514 671 619 513 264 818 990 483 136 175 22 235 983 767 89 930 533 703 943 406 618 
575 709 655 910 686 615 730 375 120 646 178 883 21 963 250 847 715 753 846 931 216 799 373 836 852 390 188 119 787 802 967 622 829 39 692 246 748 965 276 534 932 572 324 739 418 625 505 295 239 827 547 38 325 423 574 558 810 401 907 264 703 261 640 453 288 962 715 749 219 794 962 662 923 983 590 0 64 222 540 631 594 765 573 171 382 209 684 52 180 548 668 349 890 150 837 416 172 423 399 290 
715 151 346 76 453 184 956 123 867 554 809 550 482 803 388 281 791 922 713 811 32 679 836 45 810 679 829 92 174 858 842 134 798 290 242 289 321 197 733 164 497 780 685 112 400 650 77 976 549 657 963 31 819 428 892 119 53 81 49 618 517 682 43 403 37 570 58 90 137 421 601 916 120 1000 577 64 0 511 680 175 213 622 932 182 37 505 722 20 99 486 592 269 219 152 304 270 683 203 937 32 
874 454 489 879 949 238 556 446 287 140 874 266 304 460 507 847 921 801 820 425 525 111 117 814 273 650 940 16 810 218 625 645 610 334 272 818 822 636 672 297 462 493 691 834 468 763 273 864 738 737 485 824 224 750 944 206 313 177 651 850 751 856 88 405 24 611 530 525 845 53 930 535 357 594 618 222 511 0 92 439 868 860 962 642 258 251 152 289 777 716 910 708 898 299 565 619 318 663 456 261 
922 411 118 62 798 659 836 885 232 355 443 145 837 3 802 541 188 433 717 982 373 775 639 908 6 728 371 138 687 205 601 258 898 583 189 616 856 409 175 35 366 117 945 724 32 345 857 679 753 558 128 165 813 147 98 549 492 83 523 47 432 981 450 168 18 938 813 458 677 990 383 624 321 848 637 540 680 92 0 283 674 412 586 295 95 788 584 478 232 22 697 91 983 338 700 585 489 988 362 556 
869 266 55 617 453 321 40 923 80 567 155 128 987 516 52 960 62 362 796 568 555 732 772 279 695 446 744 577 29 240 55 327 982 891 80 31 751 232 620 753 486 621 386 794 690 879 973 254 283 758 329 496 546 434 193 483 290 858 225 891 104 326 493 99 543 210 358 270 407 449 6 868 781 478 514 631 175 439 283 0 249 421 453 899 985 423 216 999 878 828 281 903 592 866 198 38 6 133 515 589 
619 473 139 909 401 662 12 251 810 911 919 956 528 272 606 183 890 770 819 392 78 762 741 283 388 567 789 194 524 404 554 535 375 114 214 534 969 25 482 52 583 882 110 129 178 502 725 299 804 226 75 788 168 715 963 76 385 684 967 47 633 72 754 714 557 747 181 592 789 811 271 816 272 868 671 594 213 868 674 249 0 154 563 679 488 900 730 72 740 69 785 295 317 206 100 216 542 522 783 541 
266 595 92 559 264 683 511 417 75 842 519 754 351 162 834 903 345 665 634 967 970 816 930 903 863 477 47 675 175 197 92 579 433 6 614 159 126 978 450 508 834 123 696 681 732 851 764 91 875 844 969 712 792 94 62 647 249 731 60 715 806 295 793 254 625 301 68 454 130 130 183 6 855 967 619 765 622 860 412 421 154 0 752 963 821 6 554 39 555 591 396 687 457 984 840 19 14 327 270 743 
839 726 217 318 651 799 377 396 265 638 436 253 733 800 28 442 837 605 167 178 793 836 370 861 719 232 194 306 964 401 203 445 153 336 803 812 694 608 483 175 579 828 580 512 422 932 4 849 322 360 788 815 807 147 917 289 792 307 649 105 380 927 61 379 288 300 645 509 915 931 168 225 404 834 513 573 932 962 586 453 563 752 0 751 361 163 535 7 831 92 106 398 634 980 181 526 731 143 698 736 
264 572 474 984 866 543 864 708 57 930 644 767 319 581 14 287 762 874 480 980 443 351 285 364 500 515 324 900 755 654 362 134 609 158 822 163 729 847 252 960 458 459 645 114 351 657 704 974 142 184 381 295 783 816 175 986 883 60 31 130 723 513 364 506 137 256 887 753 893 77 401 86 491 540 264 171 182 642 295 899 679 963 751 0 48 88 643 638 483 329 446 466 169 464 831 847 85 925 597 445 
881 172 295 11 169 442 254 889 396 237 317 514 705 801 797 237 654 836 170 255 665 289 240 161 501 855 608 479 644 925 908 118 989 576 39 615 231 129 924 463 162 63 68 933 616 108 296 806 38 970 339 277 854 242 922 567 532 462 592 194 904 459 345 533 364 935 810 767 248 23 113 540 670 99 818 382 37 258 95 985 488 821 361 48 0 87 484 451 918 575 909 315 560 888 847 85 618 341 135 705 
527 360 478 428 52 154 472 498 131 681 844 843 849 141 775 466 964 472 176 302 947 14 978 683 828 291 832 139 318 906 294 339 880 533 561 483 803 139 179 497 198 220 655 616 526 101 36 948 108 381 393 845 351 114 199 984 103 986 483 939 721 450 310 256 91 707 313 649 915 530 245 393 761 457 990 209 505 251 788 423 900 6 163 88 87 0 388 222 347 377 705 28 174 522 196 989 353 394 73 629 
952 877 849 382 183 94 205 642 918 252 741 569 337 430 733 17 522 123 660 45 42 807 546 443 867 350 884 340 569 203 546 467 198 667 561 814 838 505 160 791 941 263 654 209 318 196 798 77 775 301 593 850 244 254 489 786 474 910 246 730 293 314 87 394 509 390 141 54 946 992 423 486 716 746 483 684 722 152 584 216 730 554 535 643 484 388 0 343 517 716 826 320 985 400 228 299 312 115 498 396 
307 386 609 6 918 143 503 803 341 584 766 212 654 94 909 642 665 87 133 101 772 457 656 820 690 639 725 19 151 496 38 988 912 2 188 997 355 635 902 948 951 460 619 233 277 54 171 441 176 334 396 773 163 365 84 828 49 462 432 236 217 343 281 229 283 669 301 618 866 968 643 5 107 503 136 52 20 289 478 999 72 39 7 638 451 222 343 0 84 838 882 140 578 104 839 954 160 866 480 33 
53 17 954 487 855 429 105 29 669 826 969 893 938 241 916 436 334 234 393 434 454 539 773 56 606 423 729 27 543 210 926 117 148 35 23 372 766 435 510 331 314 421 541 299 14 150 299 255 757 302 177 693 717 676 282 512 491 265 922 531 315 569 793 739 56 903 500 550 465 395 588 989 301 947 175 180 99 777 232 878 740 555 831 483 918 347 517 84 0 413 468 737 806 541 366 500 409 81 325 728 
558 647 629 404 44 273 306 804 195 500 187 29 995 847 277 979 776 760 806 354 806 750 53 630 98 386 930 669 590 231 358 21 752 132 279 856 14 177 854 875 565 616 77 653 149 466 393 504 439 155 813 951 772 980 364 238 331 824 197 375 602 611 928 803 783 140 902 669 967 808 742 260 108 767 22 548 486 716 22 828 69 591 92 329 575 377 716 838 413 0 417 77 307 715 388 773 564 135 856 402 
775 357 885 142 904 951 560 166 993 222 469 690 63 360 970 655 559 831 252 28 454 886 112 525 29 561 66 588 428 879 866 205 115 372 218 717 712 205 760 943 688 150 37 601 403 421 249 152 919 155 190 232 510 46 911 330 426 317 316 925 90 553 525 373 383 188 616 571 436 286 389 999 593 263 235 668 592 910 697 281 785 396 106 446 909 705 826 882 468 417 0 17 348 979 472 186 284 631 51 763 
421 585 835 693 870 100 23 604 684 92 394 495 491 155 679 27 849 430 530 290 441 148 553 574 636 605 167 728 712 622 777 4 504 354 40 882 561 643 396 18 760 276 40 636 435 550 141 325 56 858 869 378 762 266 640 886 156 185 862 90 813 898 537 920 197 409 602 542 358 183 747 576 305 662 983 349 269 708 91 903 295 687 398 466 315 28 320 140 737 77 17 0 663 815 583 752 972 123 117 472 
246 414 952 395 126 334 853 921 756 164 159 560 567 88 797 537 317 426 744 1000 771 354 485 649 333 845 892 167 385 944 383 17 954 275 987 832 148 700 543 718 64 282 312 750 594 704 997 934 192 812 791 179 475 524 12 721 296 425 732 99 172 372 697 614 751 316 992 701 667 517 28 2 96 873 767 890 219 898 983 592 317 457 634 169 560 174 985 578 806 307 348 663 0 531 549 148 611 965 224 269 
553 718 304 164 607 484 964 184 605 200 927 270 847 287 120 72 328 258 542 856 629 302 422 759 707 536 177 631 992 25 980 542 956 530 622 310 340 466 966 333 719 404 579 587 89 666 433 566 159 498 560 19 373 950 518 406 98 64 480 989 802 937 132 275 519 102 681 635 423 953 923 387 204 915 89 150 152 299 338 866 206 984 980 464 888 522 400 104 541 715 979 815 531 0 31 963 42 595 450 249 
964 796 200 679 916 831 113 835 798 868 691 483 456 834 199 68 747 173 193 856 4 691 444 1 315 687 268 67 300 314 180 966 945 203 287 272 924 127 100 247 575 819 155 218 440 620 787 691 680 383 757 489 655 668 747 503 377 181 835 571 533 484 58 101 507 91 65 92 801 957 263 674 303 121 930 837 304 565 700 198 100 840 181 831 847 196 228 839 366 388 472 583 549 31 0 348 818 596 678 289 
120 543 344 128 17 651 848 457 434 54 452 336 79 386 386 425 964 477 643 853 201 695 925 139 385 886 457 583 195 542 221 280 465 342 874 217 914 784 6 879 632 60 695 275 690 569 796 399 399 962 127 728 965 613 807 499 732 835 249 962 119 841 792 790 824 65 551 114 780 317 332 381 23 465 533 416 270 619 585 38 216 19 526 847 85 989 299 954 500 773 186 752 148 963 348 0 133 313 919 535 
537 433 688 819 21 448 459 350 363 66 653 641 696 221 952 153 636 681 192 415 122 674 348 645 631 837 735 686 448 628 348 88 679 375 529 281 100 178 308 174 434 73 397 961 428 925 23 778 697 230 114 945 947 373 911 931 327 864 691 595 297 245 181 616 563 112 413 423 197 84 879 662 557 571 703 172 683 318 489 6 542 14 731 85 618 353 312 160 409 564 284 972 611 42 818 133 0 428 933 349 
830 183 633 236 355 893 562 883 117 246 59 367 625 396 969 770 20 336 557 652 418 311 261 133 625 26 33 873 128 698 111 296 437 232 57 780 585 196 980 833 636 81 903 487 45 189 582 579 732 367 613 628 713 213 921 312 499 841 593 310 210 745 811 785 331 207 788 857 657 153 579 936 41 216 943 423 203 663 988 133 522 327 143 925 341 394 115 866 81 135 631 123 965 595 596 313 428 0 10 684 
930 727 718 995 566 432 74 269 281 253 230 929 444 935 52 919 799 579 683 89 700 920 911 733 535 205 704 856 462 516 91 288 883 828 27 947 787 7 368 699 78 413 834 112 421 837 764 515 749 239 196 262 102 861 695 239 649 88 645 873 978 418 551 311 750 733 414 250 381 973 415 712 696 21 406 399 937 456 362 515 783 270 698 597 135 73 498 480 325 856 51 117 224 450 678 919 933 10 0 321 
379 233 100 363 858 626 373 443 148 239 702 548 878 81 620 867 165 83 934 716 292 19 888 904 54 907 538 772 461 215 121 383 221 151 119 756 194 83 7 994 322 373 33 914 515 969 385 735 490 841 319 263 149 931 449 518 280 952 337 499 762 256 830 74 10 372 137 964 160 465 383 540 937 225 618 290 32 261 556 589 541 743 736 445 705 629 396 33 728 402 763 472 269 249 289 535 349 684 321 0 
