100
0 41 172 26 385 9 885 786 187 517 896 857 17 528 799 819 338 699 767 833 378 690 594 773 313 246 397 234 435 715 488 54 756 12 431 492 372 315 277 910 184 172 767 552 52 565 723 389 263 489 221 992 530 166 116 842 411 513 427 197 227 267 251 334 630 681 177 1 996 454 911 531 977 29 82 380 945 804 768 559 644 341 550 173 858 666 366 621 530 145 817 108 411 67 442 40 100 970 392 447 
41 0 423 654 977 752 682 58 131 978 214 251 536 209 943 438 382 800 455 99 772 984 243 589 91 5 7 884 396 106 206 788 552 628 441 880 731 475 290 214 804 503 816 340 63 110 777 444 909 583 895 681 566 137 621 8 494 627 244 889 733 449 28 636 428 821 516 511 295 805 76 98 659 891 789 721 1000 917 517 260 499 411 292 416 899 912 776 744 891 371 633 975 171 12 610 950 832 477 460 478 
172 423 0 633 535 576 291 777 716 364 128 633 880 388 483 642 31 251 892 943 26 636 185 748 620 159 918 631 120 867 463 949 679 940 581 565 867 224 342 583 587 469 567 818 208 401 811 239 651 702 533 28 689 717 127 308 227 44 939 346 263 401 646 941 692 227 505 559 450 198 493 388 19 411 557 226 163 719 816 166 420 348 193 461 416 320 768 994 715 706 692 977 458 337 917 150 563 774 60 364 
26 654 633 0 971 904 103 989 666 11 567 828 729 382 993 501 82 538 961 849 209 728 843 923 786 534 252 243 870 168 744 785 293 155 500 616 410 603 956 75 965 522 255 694 256 247 194 689 136 154 537 344 233 731 619 18 264 870 613 486 389 708 622 682 863 121 297 624 75 604 699 40 126 305 85 733 551 278 421 39 783 309 382 15 40 1000 385 655 869 997 492 258 56 113 291 270 586 939 894 12 
385 977 535 971 0 542 944 403 19 248 487 751 798 116 523 836 898 184 570 265 223 569 649 229 790 997 73 399 52 537 689 322 122 627 567 134 520 510 888 539 757 375 641 906 490 516 94 740 699 663 4 273 583 4 853 724 352 925 122 755 462 162 428 935 788 994 420 660 503 308 198 611 682 190 517 171 705 610 262 755 624 265 379 558 620 232 282 971 508 755 78 969 917 505 904 56 499 675 715 353 
9 752 576 904 542 0 982 264 964 15 454 480 538 510 441 799 617 416 64 995 973 35 226 606 358 734 361 435 54 277 939 309 332 437 984 399 142 317 662 105 332 115 584 869 977 376 667 593 791 82 587 115 117 165 73 474 250 433 908 655 61 198 964 744 987 299 142 128 615 804 232 946 270 167 814 246 542 481 190 684 914 129 150 30 293 222 855 894 6 114 548 66 312 863 162 298 161 655 425 776 
885 682 291 103 944 982 0 458 656 721 80 822 887 677 715 719 867 398 632 347 899 14 639 121 868 884 126 982 431 544 645 646 705 942 806 359 366 581 169 373 654 600 546 540 276 260 610 494 9 241 840 907 254 830 379 474 65 505 455 848 400 451 493 456 392 298 166 109 231 686 481 884 285 26 775 913 637 384 758 997 976 950 255 230 779 634 55 196 490 861 43 889 311 535 696 702 832 861 810 62 
786 58 777 989 403 264 458 0 547 642 297 183 19 423 95 655 806 853 3 134 154 257 363 284 890 769 479 731 629 521 971 939 55 666 640 887 527 801 300 425 794 949 607 812 371 702 818 177 906 820 662 59 428 24 694 318 144 173 400 772 693 371 710 748 36 701 986 914 853 637 338 646 585 945 809 956 998 978 484 255 797 145 665 224 520 358 893 663 530 293 786 575 15 495 322 50 547 659 316 751 
187 131 716 666 19 964 656 547 0 295 653 396 232 949 556 539 298 533 22 904 681 518 568 904 389 278 149 51 807 793 836 733 807 682 54 208 580 64 875 330 711 880 77 942 180 632 480 478 164 853 733 844 370 301 99 110 930 599 160 88 743 347 821 901 380 226 461 311 290 335 640 1000 214 716 293 394 699 124 223 214 976 307 57 697 959 507 806 888 458 317 976 200 15 796 101 746 373 561 56 662 
517 978 364 11 248 15 721 642 295 0 895 695 13 461 762 657 206 812 780 780 25 107 86 433 155 45 939 960 932 396 628 259 948 642 406 48 387 779 608 794 440 854 488 805 666 601 813 871 412 593 650 436 51 88 220 206 132 159 165 415 906 793 674 853 786 79 252 525 857 859 318 649 65 158 805 730 110 617 601 522 561 602 309 612 689 529 817 172 39 981 587 296 125 612 501 263 690 752 787 899 
896 214 128 567 487 454 80 297 653 895 0 963 456 547 27 613 703 108 723 319 60 596 880 14 256 491 54 784 307 226 174 639 164 822 116 775 322 730 464 425 516 714 387 971 260 765 936 314 873 658 633 932 605 864 945 860 354 999 996 12 576 169 2 739 342 469 513 663 198 328 440 65 42 826 388 653 591 323 967 815 332 951 746 936 814 43 795 519 41 790 882 968 311 235 706 652 704 570 667 253 
857 251 633 828 751 480 822 183 396 695 963 0 249 106 670 290 283 57 295 225 731 613 39 62 563 785 349 728 179 143 246 571 285 479 538 947 713 243 598 768 164 616 373 412 73 42 54 356 450 348 580 180 960 619 593 874 755 941 601 285 435 198 855 71 676 392 17 388 986 967 508 149 582 880 560 7 921 613 362 722 312 293 901 623 263 845 496 369 785 96 653 571 645 859 994 320 250 10 60 587 
17 536 880 729 798 538 887 19 232 13 456 249 0 328 567 735 262 446 647 268 718 611 981 439 275 625 691 897 888 535 745 608 671 192 261 593 837 119 586 156 721 948 215 307 275 781 394 888 578 392 155 647 354 135 85 628 760 775 877 999 661 621 606 331 812 218 924 648 689 861 804 409 808 370 67 435 503 812 322 80 203 829 727 557 315 163 536 74 290 412 424 950 32 382 633 844 599 556 843 287 
528 209 388 382 116 510 677 423 949 461 547 106 328 0 768 998 47 576 368 466 362 222 277 683 301 480 511 379 388 826 542 923 251 183 335 27 132 718 408 764 913 358 671 108 997 439 105 43 366 824 508 727 45 785 761 698 616 624 428 3 449 969 925 51 503 611 77 635 681 484 750 593 194 773 700 190 563 157 232 280 332 92 6 377 228 118 426 843 741 853 845 189 174 121 592 676 84 668 662 764 
799 943 483 993 523 441 715 95 556 762 27 670 567 768 0 504 764 708 697 536 760 238 450 268 469 729 599 912 86 327 139 203 752 981 944 605 177 484 130 650 75 805 733 95 467 848 950 230 907 998 117 666 235 566 285 55 294 884 967 379 210 457 581 314 790 876 270 966 712 399 615 786 203 699 232 21 546 533 602 453 882 70 470 116 635 755 523 280 990 841 658 551 297 591 864 438 818 133 404 529 
819 438 642 501 836 799 719 655 539 657 613 290 735 998 504 0 531 370 667 86 69 250 458 966 783 412 770 664 481 592 132 116 698 6 395 687 846 405 237 494 347 453 932 164 585 687 45 468 56 711 905 476 312 362 794 94 773 563 110 254 506 241 721 203 246 115 241 443 871 830 936 217 282 219 733 218 905 777 685 313 839 941 788 150 303 933 596 427 848 705 680 353 297 400 556 894 867 148 688 89 
338 382 31 82 898 617 867 806 298 206 703 283 262 47 764 531 0 977 623 658 258 194 390 828 98 518 864 762 708 805 902 857 107 834 804 533 681 508 565 34 156 316 941 49 534 88 736 623 65 711 280 674 904 21 853 353 890 717 115 597 521 16 805 979 201 609 863 882 468 779 267 624 95 207 24 980 646 112 954 62 174 233 88 429 605 940 781 494 8 247 442 528 614 247 858 815 855 73 48 322 
699 800 251 538 184 416 398 853 533 812 108 57 446 576 708 370 977 0 851 314 945 297 872 321 277 517 432 230 579 605 815 18 33 771 957 165 265 965 412 706 844 377 304 54 543 158 126 590 832 976 903 776 625 126 448 901 643 879 482 573 835 648 590 867 419 546 32 35 862 795 92 58 523 396 111 66 905 236 655 736 563 910 864 187 35 311 439 677 542 273 601 376 920 190 595 690 88 978 76 301 
767 455 892 961 570 64 632 3 22 780 723 295 647 368 697 667 623 851 0 124 520 358 646 267 468 711 171 55 366 259 618 627 474 156 661 784 595 690 677 867 290 405 138 832 999 828 919 976 903 571 451 422 929 96 688 748 807 211 155 524 469 772 150 942 279 810 77 873 499 106 91 141 510 229 972 860 56 242 187 310 812 637 84 92 732 123 840 538 333 346 413 153 117 562 446 395 724 875 620 574 
833 99 943 849 265 995 347 134 904 780 319 225 268 466 536 86 658 314 124 0 980 710 714 841 290 685 700 697 278 886 7 90 874 90 533 605 564 724 495 897 69 907 401 537 821 847 284 544 721 903 117 52 964 183 892 254 867 591 950 497 828 308 938 701 749 470 657 313 194 151 561 262 410 961 799 582 807 82 125 879 336 593 930 651 775 821 256 994 763 558 490 942 865 427 994 966 248 651 278 441 
378 772 26 209 223 973 899 154 681 25 60 731 718 362 760 69 258 945 520 980 0 153 838 55 914 798 205 495 957 638 971 835 973 564 117 975 690 937 231 35 52 788 876 993 652 654 987 617 902 989 246 694 493 435 748 407 585 952 901 541 589 872 727 913 787 843 888 828 132 118 863 183 905 90 527 908 744 865 877 645 853 474 338 346 909 438 104 493 389 4 385 330 227 463 594 365 306 481 193 789 
690 984 636 728 569 35 14 257 518 107 596 613 611 222 238 250 194 297 358 710 153 0 950 407 323 206 496 849 466 591 714 342 235 918 167 925 615 75 362 718 919 102 74 303 431 652 118 377 17 775 857 209 563 159 967 885 364 814 85 829 405 150 522 639 68 689 915 34 115 276 104 34 730 529 688 160 180 805 888 196 579 745 756 493 903 722 377 618 536 814 447 292 963 320 930 30 8 197 416 123 
594 243 185 843 649 226 639 363 568 86 880 39 981 277 450 458 390 872 646 714 838 950 0 824 871 508 553 399 195 65 578 352 952 774 930 696 529 775 950 603 503 920 490 316 366 781 279 37 62 660 397 258 75 871 82 945 378 634 343 572 698 273 923 2 46 205 697 926 979 999 528 481 918 369 149 635 149 427 671 563 86 419 820 513 289 253 809 666 239 504 590 288 776 864 289 821 420 338 98 750 
773 589 748 923 229 606 121 284 904 433 14 62 439 683 268 966 828 321 267 841 55 407 824 0 336 626 583 605 346 731 591 495 157 261 57 594 32 228 106 320 833 267 986 71 770 927 358 897 790 647 69 210 336 166 959 671 143 541 627 489 623 217 335 779 829 391 725 860 970 182 180 802 448 517 872 569 443 582 465 584 580 885 145 915 51 456 937 545 348 563 33 971 779 367 101 959 109 825 819 431 
313 91 620 786 790 358 868 890 389 155 256 563 275 301 469 783 98 277 468 290 914 323 871 336 0 7 350 232 806 866 456 375 660 389 191 243 968 76 740 882 478 195 818 22 542 732 55 512 510 773 965 468 234 789 638 664 147 987 247 953 204 54 679 863 442 221 458 409 296 197 642 125 391 811 147 284 542 553 148 403 325 112 223 910 900 860 573 399 199 172 351 402 225 381 265 667 601 74 427 249 
246 5 159 534 997 734 884 769 278 45 491 785 625 480 729 412 518 517 711 685 798 206 508 626 7 0 270 421 373 12 231 871 647 125 423 794 527 100 905 749 9 157 961 582 555 159 105 257 912 329 989 528 347 941 601 126 541 222 546 266 233 776 136 232 900 559 25 779 658 282 879 666 790 839 599 696 349 703 304 613 384 292 140 730 232 741 855 125 962 400 390 547 528 525 778 779 435 154 557 92 
397 7 918 252 73 361 126 479 149 939 54 349 691 511 599 770 864 432 171 700 205 496 553 583 350 270 0 435 436 110 224 626 708 919 327 763 222 939 146 865 78 875 449 170 82 573 484 481 962 382 360 838 159 139 273 664 47 364 99 482 825 674 460 533 945 786 647 518 76 792 735 505 666 183 27 99 107 510 932 68 891 291 905 401 781 529 64 828 245 514 661 69 188 120 953 484 257 599 1 332 
234 884 631 243 399 435 982 731 51 960 784 728 897 379 912 664 762 230 55 697 495 849 399 605 232 421 435 0 390 735 837 408 269 215 506 375 724 437 794 966 728 51 366 508 579 429 687 823 943 348 892 482 467 844 965 724 443 317 407 184 404 595 591 672 809 97 399 532 885 192 497 964 594 214 472 173 995 510 347 289 857 238 770 676 434 86 751 228 754 157 411 157 752 2 181 912 450 579 796 334 
435 396 120 870 52 54 431 629 807 932 307 179 888 388 86 481 708 579 366 278 957 466 195 346 806 373 436 390 0 122 644 298 716 858 121 240 852 982 586 140 839 176 261 514 609 346 264 836 451 772 598 608 875 951 140 787 400 718 582 86 191 225 735 906 82 207 145 285 188 731 776 378 906 36 243 866 733 506 53 184 630 650 143 504 601 282 290 352 351 223 789 541 448 875 447 881 81 943 518 621 
715 106 867 168 537 277 544 521 793 396 226 143 535 826 327 592 805 605 259 886 638 591 65 731 866 12 110 735 122 0 25 293 998 282 681 241 147 413 98 199 948 727 201 90 583 153 723 224 856 73 447 645 614 246 871 412 126 304 354 995 924 731 288 921 12 968 513 159 732 963 709 680 41 261 121 623 765 844 847 621 268 645 617 233 890 487 644 367 790 350 362 65 80 649 986 91 968 850 601 51 
488 206 463 744 689 939 645 971 836 628 174 246 745 542 139 132 902 815 618 7 971 714 578 591 456 231 224 837 644 25 0 812 662 730 853 274 203 827 39 398 25 659 17 669 627 250 558 113 893 925 255 242 286 319 673 286 656 116 605 858 716 655 669 729 737 873 3 939 52 393 688 76 51 704 745 677 953 654 141 198 578 747 791 215 66 464 852 721 579 808 578 646 463 599 727 199 823 81 489 874 
54 788 949 785 322 309 646 939 733 259 639 571 608 923 203 116 857 18 627 90 835 342 352 495 375 871 626 408 298 293 812 0 473 528 950 523 583 46 551 536 699 43 85 629 790 875 195 207 338 47 279 268 206 209 266 668 807 992 218 981 72 58 207 544 585 508 418 168 553 320 55 603 714 139 231 503 365 426 61 55 824 340 322 381 548 939 49 706 930 266 686 353 676 892 248 260 399 17 779 303 
756 552 679 293 122 332 705 55 807 948 164 285 671 251 752 698 107 33 474 874 973 235 952 157 660 647 708 269 716 998 662 473 0 336 185 906 402 675 488 256 40 265 317 446 440 656 119 821 555 58 869 260 987 486 297 692 513 189 939 125 939 956 903 594 643 440 499 396 466 986 652 857 603 968 302 42 975 421 862 529 478 82 788 816 920 84 859 432 624 798 556 915 105 811 508 99 250 6 495 67 
12 628 940 155 627 437 942 666 682 642 822 479 192 183 981 6 834 771 156 90 564 918 774 261 389 125 919 215 858 282 730 528 336 0 343 146 924 945 465 225 339 439 997 200 967 474 634 754 642 553 189 500 984 813 649 892 727 105 702 586 556 303 591 402 369 285 899 292 582 363 869 920 153 865 471 119 691 456 224 332 360 412 183 344 576 832 587 654 288 288 239 843 590 181 596 958 818 494 250 399 
431 441 581 500 567 984 806 640 54 406 116 538 261 335 944 395 804 957 661 533 117 167 930 57 191 423 327 506 121 681 853 950 185 343 0 856 470 670 8 334 492 478 24 300 701 707 659 465 890 354 392 73 940 398 712 227 988 555 816 169 502 126 338 996 727 88 203 196 757 563 529 600 40 905 251 93 611 910 909 852 263 652 924 203 49 988 781 37 894 949 557 395 74 894 390 800 981 593 995 89 
492 880 565 616 134 399 359 887 208 48 775 947 593 27 605 687 533 165 784 605 975 925 696 594 243 794 763 375 240 241 274 523 906 146 856 0 155 523 40 546 779 291 638 390 552 546 593 814 198 517 368 598 856 501 634 749 449 542 143 522 787 533 673 767 477 667 207 631 541 599 176 320 241 166 61 792 63 653 957 260 521 677 858 376 177 843 124 625 737 267 146 523 151 170 642 627 836 200 609 728 
372 731 867 410 520 142 366 527 580 387 322 713 837 132 177 846 681 265 595 564 690 615 529 32 968 527 222 724 852 147 203 583 402 924 470 155 0 798 136 47 390 301 459 181 364 112 490 975 632 166 184 360 342 379 835 966 115 101 463 989 603 632 630 581 819 182 189 546 979 677 593 721 329 403 901 44 514 390 19 498 555 554 209 248 284 43 213 398 496 27 739 98 658 720 679 476 901 219 374 232 
315 475 224 603 510 317 581 801 64 779 730 243 119 718 484 405 508 965 690 724 937 75 775 228 76 100 939 437 982 413 827 46 675 945 670 523 798 0 247 318 952 576 720 204 619 234 594 989 83 500 895 291 748 178 685 312 928 180 339 666 278 348 385 308 176 638 878 549 869 125 866 820 700 585 23 670 170 968 659 604 820 553 246 567 730 931 878 657 110 568 674 387 916 59 46 91 696 924 639 916 
277 290 342 956 888 662 169 300 875 608 464 598 586 408 130 237 565 412 677 495 231 362 950 106 740 905 146 794 586 98 39 551 488 465 8 40 136 247 0 48 856 735 747 440 109 416 962 429 426 565 248 978 163 814 60 93 43 68 202 963 742 941 878 152 986 320 199 909 310 114 308 165 200 54 956 660 822 269 88 599 186 687 577 348 500 988 440 895 55 641 209 148 581 86 651 919 757 849 827 66 
910 214 583 75 539 105 373 425 330 794 425 768 156 764 650 494 34 706 867 897 35 718 603 320 882 749 865 966 140 199 398 536 256 225 334 546 47 318 48 0 314 135 230 865 540 537 877 713 806 964 312 991 651 240 338 502 227 129 748 633 769 956 133 702 393 783 620 149 984 798 566 649 284 147 514 176 684 390 888 841 705 551 183 707 790 872 561 368 1000 660 353 120 968 485 821 712 619 792 213 602 
184 804 587 965 757 332 654 794 711 440 516 164 721 913 75 347 156 844 290 69 52 919 503 833 478 9 78 728 839 948 25 699 40 339 492 779 390 952 856 314 0 942 778 251 225 925 116 400 960 857 640 800 913 190 982 972 332 853 884 51 204 543 403 323 862 239 496 574 858 639 138 811 580 915 413 157 839 528 908 798 736 899 949 649 89 282 620 772 486 855 822 689 397 577 364 611 815 859 536 24 
172 503 469 522 375 115 600 949 880 854 714 616 948 358 805 453 316 377 405 907 788 102 920 267 195 157 875 51 176 727 659 43 265 439 478 291 301 576 735 135 942 0 849 673 835 429 939 247 937 778 775 844 927 510 743 228 510 183 509 481 306 995 335 127 35 84 703 398 694 870 608 581 893 457 253 727 237 191 326 173 320 100 368 599 961 462 178 823 996 686 303 301 32 638 780 67 73 834 464 118 
767 816 567 255 641 584 546 607 77 488 387 373 215 671 733 932 941 304 138 401 876 74 490 986 818 961 449 366 261 201 17 85 317 997 24 638 459 720 747 230 778 849 0 703 72 698 948 880 302 674 468 844 999 640 516 450 359 466 763 173 643 937 168 328 239 469 360 228 600 778 300 433 241 417 488 664 466 435 543 767 460 362 963 811 353 478 612 712 943 726 884 585 662 403 264 901 223 623 480 822 
552 340 818 694 906 869 540 812 942 805 971 412 307 108 95 164 49 54 832 537 993 303 316 71 22 582 170 508 514 90 669 629 446 200 300 390 181 204 440 865 251 673 703 0 752 132 607 993 900 94 8 366 528 903 484 339 264 446 149 617 275 113 328 217 838 563 153 500 317 417 752 540 391 583 361 143 714 967 487 966 412 494 683 291 396 166 630 660 964 130 276 590 242 955 807 80 869 311 931 185 
52 63 208 256 490 977 276 371 180 666 260 73 275 997 467 585 534 543 999 821 652 431 366 770 542 555 82 579 609 583 627 790 440 967 701 552 364 619 109 540 225 835 72 752 0 727 34 724 118 616 437 612 330 755 98 647 519 591 329 809 987 846 438 998 161 920 273 751 161 579 909 592 447 219 874 631 298 907 707 767 523 495 378 204 249 827 202 767 417 530 928 755 375 365 752 888 636 376 638 149 
565 110 401 247 516 376 260 702 632 601 765 42 781 439 848 687 88 158 828 847 654 652 781 927 732 159 573 429 346 153 250 875 656 474 707 546 112 234 416 537 925 429 698 132 727 0 954 898 92 400 468 966 383 765 224 89 531 746 935 260 301 183 86 502 302 855 383 229 609 110 945 713 997 581 440 986 729 394 883 820 145 350 137 879 467 361 319 349 458 253 609 759 436 46 612 89 900 995 669 861 
723 777 811 194 94 667 610 818 480 813 936 54 394 105 950 45 736 126 919 284 987 118 279 358 55 105 484 687 264 723 558 195 119 634 659 593 490 594 962 877 116 939 948 607 34 954 0 104 613 925 452 545 364 437 625 109 671 445 254 20 933 484 838 293 803 187 751 55 795 861 842 192 824 930 444 818 598 304 273 563 580 724 107 943 512 732 52 182 528 657 554 460 140 391 105 294 577 207 349 723 
389 444 239 689 740 593 494 177 478 871 314 356 888 43 230 468 623 590 976 544 617 377 37 897 512 257 481 823 836 224 113 207 821 754 465 814 975 989 429 713 400 247 880 993 724 898 104 0 67 190 915 242 472 358 412 421 13 684 335 592 760 442 886 271 525 289 805 52 945 358 863 437 748 319 730 325 525 78 399 943 620 665 185 443 22 596 215 386 631 550 329 742 343 215 13 867 503 817 270 448 
263 909 651 136 699 791 9 906 164 412 873 450 578 366 907 56 65 832 903 721 902 17 62 790 510 912 962 943 451 856 893 338 555 642 890 198 632 83 426 806 960 937 302 900 118 92 613 67 0 526 132 236 273 803 965 949 327 395 348 270 366 12 806 160 386 401 374 771 383 275 100 125 617 314 489 483 168 657 752 967 182 236 202 806 38 519 755 716 265 102 985 982 113 142 141 850 894 866 621 277 
489 583 702 154 663 82 241 820 853 593 658 348 392 824 998 711 711 976 571 903 989 775 660 647 773 329 382 348 772 73 925 47 58 553 354 517 166 500 565 964 857 778 674 94 616 400 925 190 526 0 141 72 753 757 737 241 240 904 249 343 871 782 930 72 587 319 590 341 35 206 794 371 187 907 513 327 108 406 193 728 682 685 799 786 441 887 378 32 791 626 727 661 407 656 84 346 327 674 686 361 
221 895 533 537 4 587 840 662 733 650 633 580 155 508 117 905 280 903 451 117 246 857 397 69 965 989 360 892 598 447 255 279 869 189 392 368 184 895 248 312 640 775 468 8 437 468 452 915 132 141 0 231 480 731 418 738 595 744 845 1 288 925 34 972 75 820 413 962 549 796 752 175 522 764 933 530 847 278 856 872 316 216 103 147 298 520 236 245 615 80 245 903 356 630 226 431 801 990 744 350 
992 681 28 344 273 115 907 59 844 436 932 180 647 727 666 476 674 776 422 52 694 209 258 210 468 528 838 482 608 645 242 268 260 500 73 598 360 291 978 991 800 844 844 366 612 966 545 242 236 72 231 0 786 847 876 659 610 808 188 456 438 43 680 105 610 782 603 260 653 838 504 267 269 100 521 625 729 747 407 882 88 502 231 225 348 106 884 957 265 423 764 54 818 443 510 427 576 112 38 228 
530 566 689 233 583 117 254 428 370 51 605 960 354 45 235 312 904 625 929 964 493 563 75 336 234 347 159 467 875 614 286 206 987 984 940 856 342 748 163 651 913 927 999 528 330 383 364 472 273 753 480 786 0 949 893 495 218 992 367 194 73 465 952 954 553 453 536 777 800 641 12 108 257 435 223 663 252 18 172 30 593 636 420 821 584 312 667 153 304 33 698 376 498 649 681 402 453 216 178 252 
166 137 717 731 4 165 830 24 301 88 864 619 135 785 566 362 21 126 96 183 435 159 871 166 789 941 139 844 951 246 319 209 486 813 398 501 379 178 814 240 190 510 640 903 755 765 437 358 803 757 731 847 949 0 208 542 711 816 328 286 478 931 303 2 312 895 637 731 67 572 395 733 725 698 766 774 425 615 423 457 16 875 672 545 479 879 86 541 694 413 826 524 695 128 525 7 375 513 737 441 
116 621 127 619 853 73 379 694 99 220 945 593 85 761 285 794 853 448 688 892 748 967 82 959 638 601 273 965 140 871 673 266 297 649 712 634 835 685 60 338 982 743 516 484 98 224 625 412 965 737 418 876 893 208 0 84 131 526 160 180 291 934 956 257 708 412 272 934 435 816 764 665 254 657 711 18 482 234 713 962 110 719 688 974 807 480 57 290 5 569 821 647 502 129 903 561 892 526 494 327 
842 8 308 18 724 474 474 318 110 206 860 874 628 698 55 94 353 901 748 254 407 885 945 671 664 126 664 724 787 412 286 668 692 892 227 749 966 312 93 502 972 228 450 339 647 89 109 421 949 241 738 659 495 542 84 0 694 610 991 947 266 53 316 99 638 28 60 99 98 99 72 257 579 481 898 583 49 718 230 902 846 484 462 738 10 307 64 703 916 406 1 533 811 316 632 448 696 691 547 145 
411 494 227 264 352 250 65 144 930 132 354 755 760 616 294 773 890 643 807 867 585 364 378 143 147 541 47 443 400 126 656 807 513 727 988 449 115 928 43 227 332 510 359 264 519 531 671 13 327 240 595 610 218 711 131 694 0 142 618 401 720 98 298 654 498 368 883 399 213 367 212 302 728 871 365 430 786 123 782 671 933 97 302 732 144 344 278 289 485 896 41 204 345 339 858 843 58 92 593 270 
513 627 44 870 925 433 505 173 599 159 999 941 775 624 884 563 717 879 211 591 952 814 634 541 987 222 364 317 718 304 116 992 189 105 555 542 101 180 68 129 853 183 466 446 591 746 445 684 395 904 744 808 992 816 526 610 142 0 810 157 572 537 27 288 318 164 762 99 834 46 548 135 778 691 479 55 331 963 302 372 519 647 62 728 841 119 171 785 740 333 941 311 869 967 951 539 131 712 989 316 
427 244 939 613 122 908 455 400 160 165 996 601 877 428 967 110 115 482 155 950 901 85 343 627 247 546 99 407 582 354 605 218 939 702 816 143 463 339 202 748 884 509 763 149 329 935 254 335 348 249 845 188 367 328 160 991 618 810 0 110 888 451 887 931 281 293 261 243 595 632 113 593 45 192 785 163 363 569 903 695 862 565 915 828 867 805 310 931 146 626 40 33 76 278 963 356 570 224 950 516 
197 889 346 486 755 655 848 772 88 415 12 285 999 3 379 254 597 573 524 497 541 829 572 489 953 266 482 184 86 995 858 981 125 586 169 522 989 666 963 633 51 481 173 617 809 260 20 592 270 343 1 456 194 286 180 947 401 157 110 0 207 415 460 252 606 596 766 320 517 20 366 378 585 633 557 803 437 867 733 582 844 772 967 919 401 929 626 971 504 927 838 63 693 650 314 651 245 431 970 113 
227 733 263 389 462 61 400 693 743 906 576 435 661 449 210 506 521 835 469 828 589 405 698 623 204 233 825 404 191 924 716 72 939 556 502 787 603 278 742 769 204 306 643 275 987 301 933 760 366 871 288 438 73 478 291 266 720 572 888 207 0 451 688 490 387 320 47 189 756 265 922 690 108 45 8 378 446 288 355 768 792 633 605 854 326 606 519 976 851 949 945 963 751 632 805 137 303 203 326 411 
267 449 401 708 162 198 451 371 347 793 169 198 621 969 457 241 16 648 772 308 872 150 273 217 54 776 674 595 225 731 655 58 956 303 126 533 632 348 941 956 543 995 937 113 846 183 484 442 12 782 925 43 465 931 934 53 98 537 451 415 451 0 467 247 452 926 643 459 303 88 746 657 855 889 289 812 94 966 417 612 941 267 913 238 582 663 221 738 152 524 940 477 934 758 75 385 683 717 843 337 
251 28 646 622 428 964 493 710 821 674 2 855 606 925 581 721 805 590 150 938 727 522 923 335 679 136 460 591 735 288 669 207 903 591 338 673 630 385 878 133 403 335 168 328 438 86 838 886 806 930 34 680 952 303 956 316 298 27 887 460 688 467 0 157 940 345 11 829 985 822 922 951 239 886 891 857 150 128 790 164 349 879 315 224 818 143 157 927 217 541 961 286 735 297 442 674 641 804 854 978 
334 636 941 682 935 744 456 748 901 853 739 71 331 51 314 203 979 867 942 701 913 639 2 779 863 232 533 672 906 921 729 544 594 402 996 767 581 308 152 702 323 127 328 217 998 502 293 271 160 72 972 105 954 2 257 99 654 288 931 252 490 247 157 0 978 128 928 568 13 170 776 514 650 566 677 350 796 344 573 614 486 81 892 55 621 853 692 707 501 133 732 494 288 586 471 265 713 398 832 77 
630 428 692 863 788 987 392 36 380 786 342 676 812 503 790 246 201 419 279 749 787 68 46 829 442 900 945 809 82 12 737 585 643 369 727 477 819 176 986 393 862 35 239 838 161 302 803 525 386 587 75 610 553 312 708 638 498 318 281 606 387 452 940 978 0 919 608 942 568 525 970 917 320 313 841 285 151 921 529 205 893 381 896 599 233 380 683 726 667 268 196 284 332 945 467 760 864 74 701 783 
681 821 227 121 994 299 298 701 226 79 469 392 218 611 876 115 609 546 810 470 843 689 205 391 221 559 786 97 207 968 873 508 440 285 88 667 182 638 320 783 239 84 469 563 920 855 187 289 401 319 820 782 453 895 412 28 368 164 293 596 320 926 345 128 919 0 950 670 52 622 335 892 258 485 165 786 41 57 518 288 8 751 667 690 476 685 309 24 320 640 968 787 751 183 860 451 966 162 472 17 
177 516 505 297 420 142 166 986 461 252 513 17 924 77 270 241 863 32 77 657 888 915 697 725 458 25 647 399 145 513 3 418 499 899 203 207 189 878 199 620 496 703 360 153 273 383 751 805 374 590 413 603 536 637 272 60 883 762 261 766 47 643 11 928 608 950 0 135 806 260 392 642 424 178 682 481 47 321 488 797 339 529 625 24 837 648 343 476 615 129 226 150 341 28 115 854 851 483 988 657 
1 511 559 624 660 128 109 914 311 525 663 388 648 635 966 443 882 35 873 313 828 34 926 860 409 779 518 532 285 159 939 168 396 292 196 631 546 549 909 149 574 398 228 500 751 229 55 52 771 341 962 260 777 731 934 99 399 99 243 320 189 459 829 568 942 670 135 0 742 379 650 518 908 684 998 955 4 837 103 343 365 79 718 201 726 412 28 693 893 605 842 233 632 956 438 834 790 425 490 531 
996 295 450 75 503 615 231 853 290 857 198 986 689 681 712 871 468 862 499 194 132 115 979 970 296 658 76 885 188 732 52 553 466 582 757 541 979 869 310 984 858 694 600 317 161 609 795 945 383 35 549 653 800 67 435 98 213 834 595 517 756 303 985 13 568 52 806 742 0 155 492 48 415 175 397 721 530 585 823 224 949 902 941 501 979 353 880 671 245 484 512 829 467 819 618 301 608 42 142 491 
454 805 198 604 308 804 686 637 335 859 328 967 861 484 399 830 779 795 106 151 118 276 999 182 197 282 792 192 731 963 393 320 986 363 563 599 677 125 114 798 639 870 778 417 579 110 861 358 275 206 796 838 641 572 816 99 367 46 632 20 265 88 822 170 525 622 260 379 155 0 548 985 890 962 159 287 682 41 871 857 264 172 110 557 672 88 909 552 111 505 387 974 685 206 793 302 506 752 695 999 
911 76 493 699 198 232 481 338 640 318 440 508 804 750 615 936 267 92 91 561 863 104 528 180 642 879 735 497 776 709 688 55 652 869 529 176 593 866 308 566 138 608 300 752 909 945 842 863 100 794 752 504 12 395 764 72 212 548 113 366 922 746 922 776 970 335 392 650 492 548 0 242 594 984 484 908 494 770 941 534 992 797 150 163 258 706 187 698 966 90 808 822 476 133 506 681 277 159 538 29 
531 98 388 40 611 946 884 646 1000 649 65 149 409 593 786 217 624 58 141 262 183 34 481 802 125 666 505 964 378 680 76 603 857 920 600 320 721 820 165 649 811 581 433 540 592 713 192 437 125 371 175 267 108 733 665 257 302 135 593 378 690 657 951 514 917 892 642 518 48 985 242 0 205 537 622 798 872 105 705 365 226 646 251 218 794 400 380 404 457 566 101 422 655 260 243 483 392 100 515 669 
977 659 19 126 682 270 285 585 214 65 42 582 808 194 203 282 95 523 510 410 905 730 918 448 391 790 666 594 906 41 51 714 603 153 40 241 329 700 200 284 580 893 241 391 447 997 824 748 617 187 522 269 257 725 254 579 728 778 45 585 108 855 239 650 320 258 424 908 415 890 594 205 0 258 53 49 462 589 22 611 812 127 668 176 704 313 426 921 458 177 301 861 633 218 961 406 225 572 648 707 
29 891 411 305 190 167 26 945 716 158 826 880 370 773 699 219 207 396 229 961 90 529 369 517 811 839 183 214 36 261 704 139 968 865 905 166 403 585 54 147 915 457 417 583 219 581 930 319 314 907 764 100 435 698 657 481 871 691 192 633 45 889 886 566 313 485 178 684 175 962 984 537 258 0 964 747 221 984 356 625 32 169 565 53 132 376 531 799 552 235 463 329 155 920 506 807 781 490 377 93 
82 789 557 85 517 814 775 809 293 805 388 560 67 700 232 733 24 111 972 799 527 688 149 872 147 599 27 472 243 121 745 231 302 471 251 61 901 23 956 514 413 253 488 361 874 440 444 730 489 513 933 521 223 766 711 898 365 479 785 557 8 289 891 677 841 165 682 998 397 159 484 622 53 964 0 896 601 665 543 659 980 642 231 963 349 856 346 870 420 750 1 148 633 799 699 867 261 379 373 180 
380 721 226 733 171 246 913 956 394 730 653 7 435 190 21 218 980 66 860 582 908 160 635 569 284 696 99 173 866 623 677 503 42 119 93 792 44 670 660 176 157 727 664 143 631 986 818 325 483 327 530 625 663 774 18 583 430 55 163 803 378 812 857 350 285 786 481 955 721 287 908 798 49 747 896 0 884 532 312 726 260 757 621 212 773 515 222 752 508 452 66 857 659 763 726 431 512 78 578 144 
945 1000 163 551 705 542 637 998 699 110 591 921 503 563 546 905 646 905 56 807 744 180 149 443 542 349 107 995 733 765 953 365 975 691 611 63 514 170 822 684 839 237 466 714 298 729 598 525 168 108 847 729 252 425 482 49 786 331 363 437 446 94 150 796 151 41 47 4 530 682 494 872 462 221 601 884 0 876 628 362 488 6 87 19 242 970 331 967 229 439 587 440 211 101 13 962 609 464 379 817 
804 917 719 278 610 481 384 978 124 617 323 613 812 157 533 777 112 236 242 82 865 805 427 582 553 703 510 510 506 844 654 426 421 456 910 653 390 968 269 390 528 191 435 967 907 394 304 78 657 406 278 747 18 615 234 718 123 963 569 867 288 966 128 344 921 57 321 837 585 41 770 105 589 984 665 532 876 0 475 141 894 905 4 971 834 500 846 461 861 685 466 299 703 707 268 385 25 848 823 611 
768 517 816 421 262 190 758 484 223 601 967 362 322 232 602 685 954 655 187 125 877 888 671 465 148 304 932 347 53 847 141 61 862 224 909 957 19 659 88 888 908 326 543 487 707 883 273 399 752 193 856 407 172 423 713 230 782 302 903 733 355 417 790 573 529 518 488 103 823 871 941 705 22 356 543 312 628 475 0 639 33 64 651 346 672 467 724 840 941 216 733 197 220 703 30 719 900 490 931 584 
559 260 166 39 755 684 997 255 214 522 815 722 80 280 453 313 62 736 310 879 645 196 563 584 403 613 68 289 184 621 198 55 529 332 852 260 498 604 599 841 798 173 767 966 767 820 563 943 967 728 872 882 30 457 962 902 671 372 695 582 768 612 164 614 205 288 797 343 224 857 534 365 611 625 659 726 362 141 639 0 307 582 286 366 201 23 390 49 845 1 39 878 64 42 575 87 508 651 926 800 
644 499 420 783 624 914 976 797 976 561 332 312 203 332 882 839 174 563 812 336 853 579 86 580 325 384 891 857 630 268 578 824 478 360 263 521 555 820 186 705 736 320 460 412 523 145 580 620 182 682 316 88 593 16 110 846 933 519 862 844 792 941 349 486 893 8 339 365 949 264 992 226 812 32 980 260 488 894 33 307 0 866 10 996 437 712 25 155 963 866 438 898 524 371 535 889 571 557 631 971 
341 411 348 309 265 129 950 145 307 602 951 293 829 92 70 941 233 910 637 593 474 745 419 885 112 292 291 238 650 645 747 340 82 412 652 677 554 553 687 551 899 100 362 494 495 350 724 665 236 685 216 502 636 875 719 484 97 647 565 772 633 267 879 81 381 751 529 79 902 172 797 646 127 169 642 757 6 905 64 582 866 0 402 983 10 631 398 51 205 484 910 855 761 709 721 770 704 157 833 80 
550 292 193 382 379 150 255 665 57 309 746 901 727 6 470 788 88 864 84 930 338 756 820 145 223 140 905 770 143 617 791 322 788 183 924 858 209 246 577 183 949 368 963 683 378 137 107 185 202 799 103 231 420 672 688 462 302 62 915 967 605 913 315 892 896 667 625 718 941 110 150 251 668 565 231 621 87 4 651 286 10 402 0 664 147 945 453 44 820 823 578 709 393 135 339 364 536 321 725 166 
173 416 461 15 558 30 230 224 697 612 936 623 557 377 116 150 429 187 92 651 346 493 513 915 910 730 401 676 504 233 215 381 816 344 203 376 248 567 348 707 649 599 811 291 204 879 943 443 806 786 147 225 821 545 974 738 732 728 828 919 854 238 224 55 599 690 24 201 501 557 163 218 176 53 963 212 19 971 346 366 996 983 664 0 70 127 370 553 36 577 665 744 649 786 447 157 618 526 172 116 
858 899 416 40 620 293 779 520 959 689 814 263 315 228 635 303 605 35 732 775 909 903 289 51 900 232 781 434 601 890 66 548 920 576 49 177 284 730 500 790 89 961 353 396 249 467 512 22 38 441 298 348 584 479 807 10 144 841 867 401 326 582 818 621 233 476 837 726 979 672 258 794 704 132 349 773 242 834 672 201 437 10 147 70 0 822 624 159 993 798 736 701 543 870 391 258 757 63 982 922 
666 912 320 1000 232 222 634 358 507 529 43 845 163 118 755 933 940 311 123 821 438 722 253 456 860 741 529 86 282 487 464 939 84 832 988 843 43 931 988 872 282 462 478 166 827 361 732 596 519 887 520 106 312 879 480 307 344 119 805 929 606 663 143 853 380 685 648 412 353 88 706 400 313 376 856 515 970 500 467 23 712 631 945 127 822 0 132 108 644 36 143 220 700 886 868 837 684 376 806 561 
366 776 768 385 282 855 55 893 806 817 795 496 536 426 523 596 781 439 840 256 104 377 809 937 573 855 64 751 290 644 852 49 859 587 781 124 213 878 440 561 620 178 612 630 202 319 52 215 755 378 236 884 667 86 57 64 278 171 310 626 519 221 157 692 683 309 343 28 880 909 187 380 426 531 346 222 331 846 724 390 25 398 453 370 624 132 0 548 921 734 171 79 726 321 815 779 863 36 521 120 
621 744 994 655 971 894 196 663 888 172 519 369 74 843 280 427 494 677 538 994 493 618 666 545 399 125 828 228 352 367 721 706 432 654 37 625 398 657 895 368 772 823 712 660 767 349 182 386 716 32 245 957 153 541 290 703 289 785 931 971 976 738 927 707 726 24 476 693 671 552 698 404 921 799 870 752 967 461 840 49 155 51 44 553 159 108 548 0 793 584 453 714 67 912 709 103 54 280 154 291 
530 891 715 869 508 6 490 530 458 39 41 785 290 741 990 848 8 542 333 763 389 536 239 348 199 962 245 754 351 790 579 930 624 288 894 737 496 110 55 1000 486 996 943 964 417 458 528 631 265 791 615 265 304 694 5 916 485 740 146 504 851 152 217 501 667 320 615 893 245 111 966 457 458 552 420 508 229 861 941 845 963 205 820 36 993 644 921 793 0 499 343 326 875 148 238 422 69 971 944 499 
145 371 706 997 755 114 861 293 317 981 790 96 412 853 841 705 247 273 346 558 4 814 504 563 172 400 514 157 223 350 808 266 798 288 949 267 27 568 641 660 855 686 726 130 530 253 657 550 102 626 80 423 33 413 569 406 896 333 626 927 949 524 541 133 268 640 129 605 484 505 90 566 177 235 750 452 439 685 216 1 866 484 823 577 798 36 734 584 499 0 48 264 313 826 478 701 347 597 493 282 
817 633 692 492 78 548 43 786 976 587 882 653 424 845 658 680 442 601 413 490 385 447 590 33 351 390 661 411 789 362 578 686 556 239 557 146 739 674 209 353 822 303 884 276 928 609 554 329 985 727 245 764 698 826 821 1 41 941 40 838 945 940 961 732 196 968 226 842 512 387 808 101 301 463 1 66 587 466 733 39 438 910 578 665 736 143 171 453 343 48 0 401 558 348 312 267 802 365 546 308 
108 975 977 258 969 66 889 575 200 296 968 571 950 189 551 353 528 376 153 942 330 292 288 971 402 547 69 157 541 65 646 353 915 843 395 523 98 387 148 120 689 301 585 590 755 759 460 742 982 661 903 54 376 524 647 533 204 311 33 63 963 477 286 494 284 787 150 233 829 974 822 422 861 329 148 857 440 299 197 878 898 855 709 744 701 220 79 714 326 264 401 0 7 45 650 684 271 797 921 692 
411 171 458 56 917 312 311 15 15 125 311 645 32 174 297 297 614 920 117 865 227 963 776 779 225 528 188 752 448 80 463 676 105 590 74 151 658 916 581 968 397 32 662 242 375 436 140 343 113 407 356 818 498 695 502 811 345 869 76 693 751 934 735 288 332 751 341 632 467 685 476 655 633 155 633 659 211 703 220 64 524 761 393 649 543 700 726 67 875 313 558 7 0 217 243 987 716 291 603 380 
67 12 337 113 505 863 535 495 796 612 235 859 382 121 591 400 247 190 562 427 463 320 864 367 381 525 120 2 875 649 599 892 811 181 894 170 720 59 86 485 577 638 403 955 365 46 391 215 142 656 630 443 649 128 129 316 339 967 278 650 632 758 297 586 945 183 28 956 819 206 133 260 218 920 799 763 101 707 703 42 371 709 135 786 870 886 321 912 148 826 348 45 217 0 468 80 80 814 29 572 
442 610 917 291 904 162 696 322 101 501 706 994 633 592 864 556 858 595 446 994 594 930 289 101 265 778 953 181 447 986 727 248 508 596 390 642 679 46 651 821 364 780 264 807 752 612 105 13 141 84 226 510 681 525 903 632 858 951 963 314 805 75 442 471 467 860 115 438 618 793 506 243 961 506 699 726 13 268 30 575 535 721 339 447 391 868 815 709 238 478 312 650 243 468 0 447 429 130 147 741 
40 950 150 270 56 298 702 50 746 263 652 320 844 676 438 894 815 690 395 966 365 30 821 959 667 779 484 912 881 91 199 260 99 958 800 627 476 91 919 712 611 67 901 80 888 89 294 867 850 346 431 427 402 7 561 448 843 539 356 651 137 385 674 265 760 451 854 834 301 302 681 483 406 807 867 431 962 385 719 87 889 770 364 157 258 837 779 103 422 701 267 684 987 80 447 0 748 948 457 645 
100 832 563 586 499 161 832 547 373 690 704 250 599 84 818 867 855 88 724 248 306 8 420 109 601 435 257 450 81 968 823 399 250 818 981 836 901 696 757 619 815 73 223 869 636 900 577 503 894 327 801 576 453 375 892 696 58 131 570 245 303 683 641 713 864 966 851 790 608 506 277 392 225 781 261 512 609 25 900 508 571 704 536 618 757 684 863 54 69 347 802 271 716 80 429 748 0 607 464 689 
970 477 774 939 675 655 861 659 561 752 570 10 556 668 133 148 73 978 875 651 481 197 338 825 74 154 599 579 943 850 81 17 6 494 593 200 219 924 849 792 859 834 623 311 376 995 207 817 866 674 990 112 216 513 526 691 92 712 224 431 203 717 804 398 74 162 483 425 42 752 159 100 572 490 379 78 464 848 490 651 557 157 321 526 63 376 36 280 971 597 365 797 291 814 130 948 607 0 608 499 
392 460 60 894 715 425 810 316 56 787 667 60 843 662 404 688 48 76 620 278 193 416 98 819 427 557 1 796 518 601 489 779 495 250 995 609 374 639 827 213 536 464 480 931 638 669 349 270 621 686 744 38 178 737 494 547 593 989 950 970 326 843 854 832 701 472 988 490 142 695 538 515 648 377 373 578 379 823 931 926 631 833 725 172 982 806 521 154 944 493 546 921 603 29 147 457 464 608 0 311 
447 478 364 12 353 776 62 751 662 899 253 587 287 764 529 89 322 301 574 441 789 123 750 431 249 92 332 334 621 51 874 303 67 399 89 728 232 916 66 602 24 118 822 185 149 861 723 448 277 361 350 228 252 441 327 145 270 316 516 113 411 337 978 77 783 17 657 531 491 999 29 669 707 93 180 144 817 611 584 800 971 80 166 116 922 561 120 291 499 282 308 692 380 572 741 645 689 499 311 0 
