10
0 933 383 22 267 564 861 683 212 686 
933 0 87 286 931 991 584 315 477 117 
383 87 0 821 893 526 529 840 526 491 
22 286 821 0 137 361 619 644 338 929 
267 931 893 137 0 583 622 311 956 889 
564 991 526 361 583 0 226 816 571 438 
861 584 529 619 622 226 0 854 9 723 
683 315 840 644 311 816 854 0 784 351 
212 477 526 338 956 571 9 784 0 658 
686 117 491 929 889 438 723 351 658 0 
