90
0 568 459 123 443 380 968 810 392 324 605 278 978 310 428 506 304 95 696 433 281 104 704 636 611 51 741 864 425 765 206 417 332 16 539 127 395 858 936 138 181 892 767 158 202 546 663 857 641 710 290 273 814 993 908 776 396 649 991 172 413 196 588 97 211 126 223 957 983 158 446 516 49 212 673 602 757 688 459 749 749 100 21 914 444 929 41 191 929 31 
568 0 363 693 578 950 789 788 428 11 96 762 520 893 277 569 104 302 522 213 989 332 961 89 431 334 355 875 614 395 65 542 778 427 586 355 729 727 495 156 89 590 917 609 835 194 529 938 495 50 502 835 382 815 275 164 148 629 38 761 376 455 654 153 233 591 507 961 317 1 468 406 943 385 366 777 930 894 66 776 295 920 962 28 734 236 192 233 217 581 
459 363 0 345 592 35 350 96 620 940 602 580 257 955 48 14 249 784 379 377 713 624 794 488 918 713 449 298 798 36 489 382 252 421 726 195 808 75 290 427 367 244 6 975 550 405 988 798 188 718 526 900 341 319 739 610 32 539 907 181 927 747 563 530 520 640 725 327 67 366 753 433 961 110 407 510 515 394 659 702 463 184 954 803 503 44 764 886 583 23 
123 693 345 0 66 509 769 980 38 640 620 114 966 38 832 718 470 792 180 876 302 694 621 960 747 435 144 700 237 646 744 352 883 678 374 948 538 495 280 927 134 251 41 100 288 872 169 109 15 348 336 316 393 956 628 140 390 123 191 978 120 286 329 2 963 703 301 852 549 580 779 682 182 819 133 469 42 654 577 56 1 912 724 746 219 351 885 960 473 427 
443 578 592 66 0 289 944 713 618 945 27 672 245 879 572 177 657 253 358 827 386 179 220 391 755 275 743 19 350 488 237 52 724 549 876 151 837 819 215 806 763 241 829 360 471 400 536 127 653 245 305 390 423 524 780 530 151 522 548 500 362 136 552 85 684 427 587 873 598 801 678 360 394 859 719 864 258 606 991 262 851 647 3 625 171 134 154 321 8 701 
380 950 35 509 289 0 172 369 189 723 805 224 502 392 96 99 192 126 810 585 984 881 801 593 838 791 207 688 437 209 665 959 343 818 279 702 871 803 70 59 877 874 282 378 617 378 828 161 855 638 97 190 870 897 782 707 687 988 747 476 549 411 786 243 580 417 944 450 219 365 508 95 590 142 825 207 519 652 367 725 641 463 914 862 360 47 569 398 35 315 
968 789 350 769 944 172 0 225 935 77 11 177 656 427 472 106 997 836 965 91 425 106 915 631 976 919 349 700 559 812 965 421 523 12 341 272 398 7 497 332 83 859 508 90 285 979 195 281 166 512 723 590 617 638 573 945 908 921 996 818 84 961 590 958 972 930 230 369 936 726 52 370 584 911 460 220 241 6 852 406 869 926 347 838 563 919 782 822 192 777 
810 788 96 980 713 369 225 0 640 275 89 229 233 60 511 462 780 798 539 183 168 474 93 979 45 685 336 896 90 557 821 789 394 736 707 527 909 898 303 548 525 744 777 109 803 287 922 935 84 460 469 603 285 914 933 329 598 269 576 40 177 748 828 570 835 534 96 744 784 750 291 308 493 419 768 648 57 689 934 493 500 402 95 784 315 28 464 265 648 39 
392 428 620 38 618 189 935 640 0 304 176 138 131 745 325 664 192 68 799 941 710 458 786 481 225 433 889 265 366 381 764 119 828 547 786 207 362 50 206 752 353 381 890 483 125 214 498 316 633 649 608 694 106 393 526 683 177 415 947 894 795 711 13 622 609 150 828 971 199 33 722 903 413 611 385 889 176 234 556 160 882 164 206 340 908 731 22 85 497 968 
324 11 940 640 945 723 77 275 304 0 978 292 678 342 265 287 843 445 257 41 829 978 943 242 941 679 482 468 265 38 628 498 553 185 837 812 915 858 896 764 826 226 55 503 919 671 141 762 115 397 154 944 727 449 537 19 479 18 486 743 407 465 241 311 649 77 123 916 935 18 679 112 595 85 614 866 755 107 627 222 503 780 165 581 580 53 599 59 70 85 
605 96 602 620 27 805 11 89 176 978 0 801 829 549 393 139 550 822 261 465 108 631 143 219 577 227 184 442 333 290 68 554 145 200 718 725 779 122 324 189 544 760 342 372 308 86 862 857 907 123 673 14 105 815 584 681 393 768 123 726 57 542 279 201 93 349 278 224 470 601 412 13 360 105 736 19 191 598 228 97 72 900 463 528 715 46 208 459 813 682 
278 762 580 114 672 224 177 229 138 292 801 0 536 222 576 815 774 668 515 51 891 336 651 655 701 362 759 436 733 949 385 960 398 808 859 860 335 925 905 895 384 70 576 919 643 151 85 416 171 951 467 61 287 469 67 339 183 826 774 915 126 511 874 523 318 84 734 653 9 991 547 744 412 474 14 54 977 451 821 147 401 287 559 39 108 626 377 642 803 503 
978 520 257 966 245 502 656 233 131 678 829 536 0 556 280 365 781 155 682 864 888 686 224 230 584 319 641 58 685 694 386 135 515 532 887 153 442 278 612 419 6 253 221 860 160 853 224 940 7 258 156 246 943 731 476 527 50 116 936 86 162 321 572 28 204 810 532 645 87 144 416 445 748 988 304 908 840 528 847 198 785 354 444 79 85 919 957 486 386 892 
310 893 955 38 879 392 427 60 745 342 549 222 556 0 923 899 564 494 926 119 303 458 116 742 953 531 186 700 518 489 607 710 368 806 907 504 159 350 935 595 620 891 432 6 135 354 256 50 847 182 169 150 991 636 243 943 518 428 642 35 268 601 744 988 406 3 843 916 352 777 511 972 668 942 329 802 648 584 851 494 117 371 995 459 358 237 401 875 16 395 
428 277 48 832 572 96 472 511 325 265 393 576 280 923 0 910 284 995 5 623 400 7 465 315 711 242 177 34 909 471 362 62 118 297 264 963 766 987 310 224 344 898 977 219 914 371 480 549 365 484 171 116 843 987 782 553 228 959 938 488 781 299 901 250 947 165 212 64 503 521 288 846 771 264 416 684 986 895 584 702 731 106 817 573 92 950 477 320 260 414 
506 569 14 718 177 99 106 462 664 287 139 815 365 899 910 0 159 40 64 60 289 362 576 853 426 78 725 65 275 495 680 691 530 665 937 113 366 667 218 534 591 662 483 419 333 743 184 491 134 247 550 775 961 477 627 738 554 351 802 181 198 481 871 727 497 807 192 214 826 761 747 416 422 581 835 754 675 18 245 809 617 146 583 577 623 561 666 528 911 467 
304 104 249 470 657 192 997 780 192 843 550 774 781 564 284 159 0 708 460 299 930 187 147 737 378 360 562 138 458 329 912 38 163 665 65 533 261 873 149 407 807 77 381 367 94 908 629 560 616 89 210 545 627 708 633 356 67 546 845 876 875 756 913 389 773 329 273 33 553 773 791 359 201 171 77 294 79 58 205 46 498 414 942 476 473 927 831 539 472 675 
95 302 784 792 253 126 836 798 68 445 822 668 155 494 995 40 708 0 414 698 783 679 439 555 7 711 939 912 484 730 622 36 900 699 330 330 108 534 727 957 300 669 432 772 595 614 663 418 288 76 468 422 106 906 976 465 968 915 376 803 996 997 839 895 47 168 577 506 53 303 462 704 971 245 476 917 858 138 687 498 565 154 271 23 59 247 839 378 513 566 
696 522 379 180 358 810 965 539 799 257 261 515 682 926 5 64 460 414 0 181 508 562 371 754 961 890 682 818 942 985 632 998 307 876 473 576 86 962 262 935 878 415 205 252 825 803 90 202 315 655 734 174 569 104 280 881 345 961 698 639 945 329 636 604 557 460 179 994 421 440 928 650 854 484 254 678 287 343 231 953 350 965 127 918 420 758 150 765 718 847 
433 213 377 876 827 585 91 183 941 41 465 51 864 119 623 60 299 698 181 0 403 15 528 390 618 436 849 148 781 621 939 708 622 792 191 875 821 829 218 403 782 919 367 260 188 139 17 337 255 86 535 9 100 414 398 69 201 246 568 981 218 506 688 839 649 231 714 469 59 283 872 192 553 590 451 740 80 819 76 334 905 962 342 356 728 91 425 928 688 344 
281 989 713 302 386 984 425 168 710 829 108 891 888 303 400 289 930 783 508 403 0 909 905 850 948 96 498 178 809 319 589 443 190 780 995 131 583 734 563 401 161 896 305 474 590 661 201 680 437 129 368 780 37 272 629 984 367 127 514 527 797 454 321 986 233 315 468 815 400 30 568 912 278 872 386 867 532 938 546 320 418 913 100 454 537 80 790 255 558 655 
104 332 624 694 179 881 106 474 458 978 631 336 686 458 7 362 187 679 562 15 909 0 134 354 108 454 691 692 121 511 859 520 540 426 784 169 297 521 35 181 458 581 500 876 845 951 681 733 31 822 988 588 476 121 294 583 926 984 627 46 494 485 566 386 910 701 554 558 221 589 738 30 521 590 257 717 892 938 450 922 759 437 862 587 909 155 521 834 490 147 
704 961 794 621 220 801 915 93 786 943 143 651 224 116 465 576 147 439 371 528 905 134 0 880 984 983 797 369 892 497 274 802 69 862 891 98 734 480 355 451 724 644 900 997 754 688 858 340 948 364 861 781 206 359 12 189 342 808 909 585 656 182 386 76 396 277 526 129 108 880 931 831 875 182 828 628 869 37 320 168 753 180 949 958 890 960 498 231 120 406 
636 89 488 960 391 593 631 979 481 242 219 655 230 742 315 853 737 555 754 390 850 354 880 0 816 127 939 553 203 334 829 728 815 289 959 745 471 185 927 298 812 147 687 131 315 439 662 615 748 552 926 245 134 397 2 301 524 940 854 78 626 34 157 440 322 467 536 145 651 814 794 814 313 480 945 627 270 958 593 369 861 518 613 347 915 614 647 790 906 852 
611 431 918 747 755 838 976 45 225 941 577 701 584 953 711 426 378 7 961 618 948 108 984 816 0 867 531 886 23 970 559 489 505 703 139 671 849 952 983 328 248 609 950 558 553 318 770 70 283 116 336 248 763 125 153 966 343 35 851 365 356 762 205 861 816 695 883 664 647 865 344 246 825 645 155 377 962 925 798 596 392 486 196 154 610 700 472 305 735 322 
51 334 713 435 275 791 919 685 433 679 227 362 319 531 242 78 360 711 890 436 96 454 983 127 867 0 669 90 435 226 302 251 920 184 266 918 48 609 164 872 253 670 600 567 946 398 514 338 883 709 843 844 409 314 148 143 988 169 584 422 394 886 24 313 69 290 231 469 250 746 340 855 767 940 773 713 689 286 50 571 995 892 766 755 206 266 249 193 434 832 
741 355 449 144 743 207 349 336 889 482 184 759 641 186 177 725 562 939 682 849 498 691 797 939 531 669 0 966 179 717 990 491 786 631 73 254 880 818 945 734 585 236 506 297 924 144 698 846 490 589 964 244 146 229 492 690 662 323 656 840 40 997 682 177 627 755 782 858 924 78 592 860 314 449 508 237 944 205 435 433 146 398 676 291 626 167 333 639 842 988 
864 875 298 700 19 688 700 896 265 468 442 436 58 700 34 65 138 912 818 148 178 692 369 553 886 90 966 0 830 233 336 511 409 962 617 542 819 541 619 762 752 932 563 260 521 506 464 955 939 961 704 966 604 329 485 936 319 326 275 148 558 610 10 318 571 979 859 741 871 477 503 622 409 65 881 929 922 697 235 860 9 938 826 612 618 662 547 936 987 173 
425 614 798 237 350 437 559 90 366 265 333 733 685 518 909 275 458 484 942 781 809 121 892 203 23 435 179 830 0 435 544 782 796 861 704 774 71 445 644 547 299 618 955 363 498 235 284 546 821 496 555 758 673 518 375 334 65 662 320 589 96 215 371 244 427 426 17 497 870 13 43 168 630 350 882 479 936 518 25 757 13 931 866 685 448 593 370 864 254 41 
765 395 36 646 488 209 812 557 381 38 290 949 694 489 471 495 329 730 985 621 319 511 497 334 970 226 717 233 435 0 453 702 255 175 945 33 600 313 881 822 325 923 341 954 624 223 433 912 740 809 668 104 739 533 140 538 125 509 402 731 901 206 432 155 380 728 539 331 40 419 152 717 693 845 670 669 67 454 580 158 614 247 613 704 131 752 242 608 612 995 
206 65 489 744 237 665 965 821 764 628 68 385 386 607 362 680 912 622 632 939 589 859 274 829 559 302 990 336 544 453 0 338 512 200 121 18 931 200 556 261 591 326 765 307 18 609 329 686 27 134 265 184 748 863 148 451 346 899 692 305 862 38 994 725 237 114 742 167 665 649 780 255 974 544 562 343 152 890 381 530 23 997 65 122 212 212 573 557 462 616 
417 542 382 352 52 959 421 789 119 498 554 960 135 710 62 691 38 36 998 708 443 520 802 728 489 251 491 511 782 702 338 0 213 323 654 206 399 242 671 140 761 335 140 540 589 465 435 502 159 938 743 539 467 118 888 531 239 99 742 163 7 555 131 219 229 136 424 627 377 94 118 137 780 257 28 368 73 462 222 231 399 964 770 865 81 657 747 320 107 840 
332 778 252 883 724 343 523 394 828 553 145 398 515 368 118 530 163 900 307 622 190 540 69 815 505 920 786 409 796 255 512 213 0 834 113 394 964 683 622 99 458 248 828 551 365 316 682 973 344 49 45 157 270 276 556 586 45 772 666 53 519 337 511 358 171 623 752 134 657 725 585 114 973 412 16 337 727 697 662 422 97 706 579 719 981 486 304 377 257 969 
16 427 421 678 549 818 12 736 547 185 200 808 532 806 297 665 665 699 876 792 780 426 862 289 703 184 631 962 861 175 200 323 834 0 781 127 658 291 837 828 265 940 313 921 664 897 34 636 308 401 325 387 97 986 808 194 691 738 264 672 223 567 400 832 887 181 958 544 471 794 723 736 733 36 8 749 284 394 384 592 794 60 330 243 397 489 788 88 227 51 
539 586 726 374 876 279 341 707 786 837 718 859 887 907 264 937 65 330 473 191 995 784 891 959 139 266 73 617 704 945 121 654 113 781 0 111 801 969 862 632 855 42 942 751 865 87 825 600 172 860 959 920 496 352 655 439 498 715 768 740 111 256 527 550 834 929 12 987 897 874 618 103 267 911 205 131 998 30 82 169 241 41 440 736 744 94 174 241 160 293 
127 355 195 948 151 702 272 527 207 812 725 860 153 504 963 113 533 330 576 875 131 169 98 745 671 918 254 542 774 33 18 206 394 127 111 0 332 623 901 210 524 734 138 536 720 386 761 690 489 27 952 693 158 949 722 239 469 315 631 260 50 375 354 576 967 865 868 651 487 768 860 363 854 350 250 925 735 10 614 223 388 566 268 545 866 989 136 687 655 766 
395 729 808 538 837 871 398 909 362 915 779 335 442 159 766 366 261 108 86 821 583 297 734 471 849 48 880 819 71 600 931 399 964 658 801 332 0 946 705 492 651 280 459 516 499 109 354 267 320 716 120 669 965 44 756 326 10 978 714 927 597 610 144 938 97 830 592 863 776 648 706 426 279 164 293 778 624 999 44 296 714 515 316 31 558 71 708 919 401 773 
858 727 75 495 819 803 7 898 50 858 122 925 278 350 987 667 873 534 962 829 734 521 480 185 952 609 818 541 445 313 200 242 683 291 969 623 946 0 845 997 735 989 934 831 170 526 45 945 173 751 723 452 266 367 229 890 365 624 537 431 138 852 461 47 923 520 966 675 293 162 671 27 502 605 209 672 482 254 968 6 4 42 809 269 409 389 510 773 12 46 
936 495 290 280 215 70 497 303 206 896 324 905 612 935 310 218 149 727 262 218 563 35 355 927 983 164 945 619 644 881 556 671 622 837 862 901 705 845 0 203 501 250 15 548 172 535 865 846 179 26 868 557 528 824 765 551 305 18 518 663 373 912 471 642 320 212 503 444 575 901 999 76 150 365 975 673 251 839 870 429 216 737 985 95 561 750 645 217 119 515 
138 156 427 927 806 59 332 548 752 764 189 895 419 595 224 534 407 957 935 403 401 181 451 298 328 872 734 762 547 822 261 140 99 828 632 210 492 997 203 0 231 492 426 702 485 745 265 987 540 839 239 538 914 388 903 888 60 153 78 929 934 294 18 918 388 578 19 385 146 138 899 377 981 676 430 465 772 694 803 311 532 42 201 798 781 103 37 193 607 467 
181 89 367 134 763 877 83 525 353 826 544 384 6 620 344 591 807 300 878 782 161 458 724 812 248 253 585 752 299 325 591 761 458 265 855 524 651 735 501 231 0 473 540 760 490 810 499 419 180 235 565 669 485 941 649 160 722 113 931 415 916 242 298 309 442 447 89 896 484 281 854 950 754 394 61 595 555 911 14 734 146 578 755 630 870 403 790 943 868 72 
892 590 244 251 241 874 859 744 381 226 760 70 253 891 898 662 77 669 415 919 896 581 644 147 609 670 236 932 618 923 326 335 248 940 42 734 280 989 250 492 473 0 357 135 665 6 443 458 453 883 353 936 164 207 237 269 952 297 863 858 207 876 591 704 805 345 334 26 100 475 968 967 898 676 101 563 682 895 20 486 777 725 773 292 931 9 560 234 657 775 
767 917 6 41 829 282 508 777 890 55 342 576 221 432 977 483 381 432 205 367 305 500 900 687 950 600 506 563 955 341 765 140 828 313 942 138 459 934 15 426 540 357 0 91 215 650 33 919 807 730 604 832 829 430 800 147 327 475 599 889 508 845 261 993 621 985 765 265 267 125 176 500 781 950 942 996 952 974 266 758 703 869 589 883 298 740 381 976 215 979 
158 609 975 100 360 378 90 109 483 503 372 919 860 6 219 419 367 772 252 260 474 876 997 131 558 567 297 260 363 954 307 540 551 921 751 536 516 831 548 702 760 135 91 0 865 74 823 477 67 796 461 183 60 727 660 235 226 792 537 167 139 488 492 404 245 547 624 185 429 273 925 810 249 139 140 465 564 315 941 630 110 401 165 521 127 176 107 704 967 643 
202 835 550 288 471 617 285 803 125 919 308 643 160 135 914 333 94 595 825 188 590 845 754 315 553 946 924 521 498 624 18 589 365 664 865 720 499 170 172 485 490 665 215 865 0 222 106 482 65 509 726 611 133 911 392 405 835 553 653 325 692 469 888 6 409 870 467 809 386 339 287 561 446 990 527 440 563 632 922 628 493 999 238 625 261 629 381 95 533 386 
546 194 405 872 400 378 979 287 214 671 86 151 853 354 371 743 908 614 803 139 661 951 688 439 318 398 144 506 235 223 609 465 316 897 87 386 109 526 535 745 810 6 650 74 222 0 771 225 854 11 582 263 880 401 423 617 739 710 177 536 51 55 328 614 687 249 241 531 599 830 155 860 811 887 306 343 272 77 919 478 439 853 740 318 253 514 934 991 223 462 
663 529 988 169 536 828 195 922 498 141 862 85 224 256 480 184 629 663 90 17 201 681 858 662 770 514 698 464 284 433 329 435 682 34 825 761 354 45 865 265 499 443 33 823 106 771 0 879 274 516 206 239 554 806 831 84 404 660 590 615 822 829 921 517 452 349 435 929 139 639 20 456 891 534 741 234 756 554 112 381 421 669 619 975 474 449 410 229 461 352 
857 938 798 109 127 161 281 935 316 762 857 416 940 50 549 491 560 418 202 337 680 733 340 615 70 338 846 955 546 912 686 502 973 636 600 690 267 945 846 987 419 458 919 477 482 225 879 0 196 634 180 468 150 631 168 937 560 306 575 931 761 818 464 853 51 572 758 514 304 178 534 923 504 359 723 914 587 535 265 782 521 444 249 670 74 416 958 985 721 885 
641 495 188 15 653 855 166 84 633 115 907 171 7 847 365 134 616 288 315 255 437 31 948 748 283 883 490 939 821 740 27 159 344 308 172 489 320 173 179 540 180 453 807 67 65 854 274 196 0 916 833 702 731 37 104 654 146 969 958 324 502 232 827 860 306 740 798 841 356 932 361 799 532 382 225 300 692 561 372 576 828 557 629 911 593 84 564 91 404 521 
710 50 718 348 245 638 512 460 649 397 123 951 258 182 484 247 89 76 655 86 129 822 364 552 116 709 589 961 496 809 134 938 49 401 860 27 716 751 26 839 235 883 730 796 509 11 516 634 916 0 414 257 752 592 468 58 332 265 250 39 548 962 190 80 695 766 379 386 326 102 313 506 658 941 416 603 376 979 693 131 852 106 387 603 697 854 12 380 471 613 
290 502 526 336 305 97 723 469 608 154 673 467 156 169 171 550 210 468 734 535 368 988 861 926 336 843 964 704 555 668 265 743 45 325 959 952 120 723 868 239 565 353 604 461 726 582 206 180 833 414 0 771 370 926 960 449 621 725 179 6 402 281 319 259 290 611 674 892 339 5 584 469 856 41 208 810 90 61 174 821 883 786 591 253 712 902 53 684 978 584 
273 835 900 316 390 190 590 603 694 944 14 61 246 150 116 775 545 422 174 9 780 588 781 245 248 844 244 966 758 104 184 539 157 387 920 693 669 452 557 538 669 936 832 183 611 263 239 468 702 257 771 0 689 380 216 359 638 505 322 664 397 12 668 332 832 523 725 39 332 814 452 505 634 334 643 577 938 706 478 343 389 456 926 429 187 493 140 176 997 813 
814 382 341 393 423 870 617 285 106 727 105 287 943 991 843 961 627 106 569 100 37 476 206 134 763 409 146 604 673 739 748 467 270 97 496 158 965 266 528 914 485 164 829 60 133 880 554 150 731 752 370 689 0 839 745 824 858 77 655 380 153 694 64 966 497 920 951 830 562 879 120 267 709 814 7 164 739 436 702 231 927 229 579 739 420 324 562 277 752 568 
993 815 319 956 524 897 638 914 393 449 815 469 731 636 987 477 708 906 104 414 272 121 359 397 125 314 229 329 518 533 863 118 276 986 352 949 44 367 824 388 941 207 430 727 911 401 806 631 37 592 926 380 839 0 9 256 613 72 221 109 991 523 291 553 402 410 171 110 223 178 625 313 965 678 895 891 906 473 629 325 148 542 602 251 109 962 506 722 33 78 
908 275 739 628 780 782 573 933 526 537 584 67 476 243 782 627 633 976 280 398 629 294 12 2 153 148 492 485 375 140 148 888 556 808 655 722 756 229 765 903 649 237 800 660 392 423 831 168 104 468 960 216 745 9 0 830 375 601 120 279 354 881 450 463 455 979 439 767 295 116 661 185 373 486 165 698 985 706 651 588 166 612 445 887 996 875 69 370 475 540 
776 164 610 140 530 707 945 329 683 19 681 339 527 943 553 738 356 465 881 69 984 583 189 301 966 143 690 936 334 538 451 531 586 194 439 239 326 890 551 888 160 269 147 235 405 617 84 937 654 58 449 359 824 256 830 0 649 180 773 450 994 227 780 432 994 74 899 6 610 271 843 774 968 180 831 970 119 996 581 563 235 576 437 655 298 263 546 298 442 318 
396 148 32 390 151 687 908 598 177 479 393 183 50 518 228 554 67 968 345 201 367 926 342 524 343 988 662 319 65 125 346 239 45 691 498 469 10 365 305 60 722 952 327 226 835 739 404 560 146 332 621 638 858 613 375 649 0 99 435 545 878 218 538 303 468 895 912 739 90 37 58 269 219 28 387 214 960 301 800 888 738 454 537 352 1000 834 794 669 932 580 
649 629 539 123 522 988 921 269 415 18 768 826 116 428 959 351 546 915 961 246 127 984 808 940 35 169 323 326 662 509 899 99 772 738 715 315 978 624 18 153 113 297 475 792 553 710 660 306 969 265 725 505 77 72 601 180 99 0 213 161 150 102 463 617 997 726 707 438 114 765 706 332 144 444 897 455 96 697 694 833 502 230 537 853 415 682 522 346 613 734 
991 38 907 191 548 747 996 576 947 486 123 774 936 642 938 802 845 376 698 568 514 627 909 854 851 584 656 275 320 402 692 742 666 264 768 631 714 537 518 78 931 863 599 537 653 177 590 575 958 250 179 322 655 221 120 773 435 213 0 858 762 836 672 731 184 749 437 621 862 553 678 545 48 473 442 855 568 138 548 753 991 130 289 844 544 322 365 242 934 450 
172 761 181 978 500 476 818 40 894 743 726 915 86 35 488 181 876 803 639 981 527 46 585 78 365 422 840 148 589 731 305 163 53 672 740 260 927 431 663 929 415 858 889 167 325 536 615 931 324 39 6 664 380 109 279 450 545 161 858 0 99 696 285 123 778 820 871 566 792 733 119 821 277 518 293 70 372 213 207 272 965 198 401 605 393 296 926 757 537 211 
413 376 927 120 362 549 84 177 795 407 57 126 162 268 781 198 875 996 945 218 797 494 656 626 356 394 40 558 96 901 862 7 519 223 111 50 597 138 373 934 916 207 508 139 692 51 822 761 502 548 402 397 153 991 354 994 878 150 762 99 0 206 988 258 843 110 35 14 332 601 806 416 71 978 45 940 623 114 664 835 673 935 151 222 687 107 614 334 384 722 
196 455 747 286 136 411 961 748 711 465 542 511 321 601 299 481 756 997 329 506 454 485 182 34 762 886 997 610 215 206 38 555 337 567 256 375 610 852 912 294 242 876 845 488 469 55 829 818 232 962 281 12 694 523 881 227 218 102 836 696 206 0 223 594 279 210 852 473 671 238 487 354 838 644 770 260 621 814 200 243 927 863 429 599 149 579 820 835 37 785 
588 654 563 329 552 786 590 828 13 241 279 874 572 744 901 871 913 839 636 688 321 566 386 157 205 24 682 10 371 432 994 131 511 400 527 354 144 461 471 18 298 591 261 492 888 328 921 464 827 190 319 668 64 291 450 780 538 463 672 285 988 223 0 520 420 506 742 14 785 303 217 257 325 454 95 679 292 90 448 903 711 261 102 305 539 316 86 490 464 664 
97 153 530 2 85 243 958 570 622 311 201 523 28 988 250 727 389 895 604 839 986 386 76 440 861 313 177 318 244 155 725 219 358 832 550 576 938 47 642 918 309 704 993 404 6 614 517 853 860 80 259 332 966 553 463 432 303 617 731 123 258 594 520 0 661 650 701 446 170 472 951 911 485 87 566 53 696 890 507 142 568 150 232 15 52 294 627 506 598 166 
211 233 520 963 684 580 972 835 609 649 93 318 204 406 947 497 773 47 557 649 233 910 396 322 816 69 627 571 427 380 237 229 171 887 834 967 97 923 320 388 442 805 621 245 409 687 452 51 306 695 290 832 497 402 455 994 468 997 184 778 843 279 420 661 0 821 35 655 285 699 315 286 751 112 455 222 415 718 59 853 635 111 548 524 969 42 92 118 273 458 
126 591 640 703 427 417 930 534 150 77 349 84 810 3 165 807 329 168 460 231 315 701 277 467 695 290 755 979 426 728 114 136 623 181 929 865 830 520 212 578 447 345 985 547 870 249 349 572 740 766 611 523 920 410 979 74 895 726 749 820 110 210 506 650 821 0 170 566 437 27 515 602 847 902 608 483 600 274 121 702 738 927 275 152 644 685 4 278 796 904 
223 507 725 301 587 944 230 96 828 123 278 734 532 843 212 192 273 577 179 714 468 554 526 536 883 231 782 859 17 539 742 424 752 958 12 868 592 966 503 19 89 334 765 624 467 241 435 758 798 379 674 725 951 171 439 899 912 707 437 871 35 852 742 701 35 170 0 154 116 297 597 234 569 54 755 486 490 781 352 443 979 253 402 814 204 28 934 257 765 860 
957 961 327 852 873 450 369 744 971 916 224 653 645 916 64 214 33 506 994 469 815 558 129 145 664 469 858 741 497 331 167 627 134 544 987 651 863 675 444 385 896 26 265 185 809 531 929 514 841 386 892 39 830 110 767 6 739 438 621 566 14 473 14 446 655 566 154 0 532 268 856 216 271 485 363 526 638 479 822 234 64 742 640 818 579 129 950 931 924 928 
983 317 67 549 598 219 936 784 199 935 470 9 87 352 503 826 553 53 421 59 400 221 108 651 647 250 924 871 870 40 665 377 657 471 897 487 776 293 575 146 484 100 267 429 386 599 139 304 356 326 339 332 562 223 295 610 90 114 862 792 332 671 785 170 285 437 116 532 0 535 325 741 91 704 674 347 468 534 230 87 741 798 358 225 512 235 863 342 409 448 
158 1 366 580 801 365 726 750 33 18 601 991 144 777 521 761 773 303 440 283 30 589 880 814 865 746 78 477 13 419 649 94 725 794 874 768 648 162 901 138 281 475 125 273 339 830 639 178 932 102 5 814 879 178 116 271 37 765 553 733 601 238 303 472 699 27 297 268 535 0 405 150 87 574 729 216 523 11 491 451 897 167 543 987 871 217 686 690 102 915 
446 468 753 779 678 508 52 291 722 679 412 547 416 511 288 747 791 462 928 872 568 738 931 794 344 340 592 503 43 152 780 118 585 723 618 860 706 671 999 899 854 968 176 925 287 155 20 534 361 313 584 452 120 625 661 843 58 706 678 119 806 487 217 951 315 515 597 856 325 405 0 777 842 712 486 418 224 720 280 917 480 728 322 630 166 895 710 733 770 72 
516 406 433 682 360 95 370 308 903 112 13 744 445 972 846 416 359 704 650 192 912 30 831 814 246 855 860 622 168 717 255 137 114 736 103 363 426 27 76 377 950 967 500 810 561 860 456 923 799 506 469 505 267 313 185 774 269 332 545 821 416 354 257 911 286 602 234 216 741 150 777 0 223 220 968 390 114 955 612 330 640 301 783 906 429 976 618 914 394 193 
49 943 961 182 394 590 584 493 413 595 360 412 748 668 771 422 201 971 854 553 278 521 875 313 825 767 314 409 630 693 974 780 973 733 267 854 279 502 150 981 754 898 781 249 446 811 891 504 532 658 856 634 709 965 373 968 219 144 48 277 71 838 325 485 751 847 569 271 91 87 842 223 0 986 25 109 465 752 782 446 270 29 155 2 798 226 225 17 546 966 
212 385 110 819 859 142 911 419 611 85 105 474 988 942 264 581 171 245 484 590 872 590 182 480 645 940 449 65 350 845 544 257 412 36 911 350 164 605 365 676 394 676 950 139 990 887 534 359 382 941 41 334 814 678 486 180 28 444 473 518 978 644 454 87 112 902 54 485 704 574 712 220 986 0 482 500 577 812 491 877 946 748 306 922 365 571 667 909 556 691 
673 366 407 133 719 825 460 768 385 614 736 14 304 329 416 835 77 476 254 451 386 257 828 945 155 773 508 881 882 670 562 28 16 8 205 250 293 209 975 430 61 101 942 140 527 306 741 723 225 416 208 643 7 895 165 831 387 897 442 293 45 770 95 566 455 608 755 363 674 729 486 968 25 482 0 370 373 795 151 818 64 531 325 65 328 550 641 696 95 606 
602 777 510 469 864 207 220 648 889 866 19 54 908 802 684 754 294 917 678 740 867 717 628 627 377 713 237 929 479 669 343 368 337 749 131 925 778 672 673 465 595 563 996 465 440 343 234 914 300 603 810 577 164 891 698 970 214 455 855 70 940 260 679 53 222 483 486 526 347 216 418 390 109 500 370 0 178 946 182 341 788 411 286 536 68 559 252 638 225 513 
757 930 515 42 258 519 241 57 176 755 191 977 840 648 986 675 79 858 287 80 532 892 869 270 962 689 944 922 936 67 152 73 727 284 998 735 624 482 251 772 555 682 952 564 563 272 756 587 692 376 90 938 739 906 985 119 960 96 568 372 623 621 292 696 415 600 490 638 468 523 224 114 465 577 373 178 0 546 268 882 918 62 384 735 477 915 59 541 594 961 
688 894 394 654 606 652 6 689 234 107 598 451 528 584 895 18 58 138 343 819 938 938 37 958 925 286 205 697 518 454 890 462 697 394 30 10 999 254 839 694 911 895 974 315 632 77 554 535 561 979 61 706 436 473 706 996 301 697 138 213 114 814 90 890 718 274 781 479 534 11 720 955 752 812 795 946 546 0 182 290 407 139 467 705 321 807 844 83 444 731 
459 66 659 577 991 367 852 934 556 627 228 821 847 851 584 245 205 687 231 76 546 450 320 593 798 50 435 235 25 580 381 222 662 384 82 614 44 968 870 803 14 20 266 941 922 919 112 265 372 693 174 478 702 629 651 581 800 694 548 207 664 200 448 507 59 121 352 822 230 491 280 612 782 491 151 182 268 182 0 150 3 983 139 579 847 684 846 80 953 259 
749 776 702 56 262 725 406 493 160 222 97 147 198 494 702 809 46 498 953 334 320 922 168 369 596 571 433 860 757 158 530 231 422 592 169 223 296 6 429 311 734 486 758 630 628 478 381 782 576 131 821 343 231 325 588 563 888 833 753 272 835 243 903 142 853 702 443 234 87 451 917 330 446 877 818 341 882 290 150 0 815 688 735 81 98 628 675 410 161 964 
749 295 463 1 851 641 869 500 882 503 72 401 785 117 731 617 498 565 350 905 418 759 753 861 392 995 146 9 13 614 23 399 97 794 241 388 714 4 216 532 146 777 703 110 493 439 421 521 828 852 883 389 927 148 166 235 738 502 991 965 673 927 711 568 635 738 979 64 741 897 480 640 270 946 64 788 918 407 3 815 0 817 299 782 873 971 588 716 53 383 
100 920 184 912 647 463 926 402 164 780 900 287 354 371 106 146 414 154 965 962 913 437 180 518 486 892 398 938 931 247 997 964 706 60 41 566 515 42 737 42 578 725 869 401 999 853 669 444 557 106 786 456 229 542 612 576 454 230 130 198 935 863 261 150 111 927 253 742 798 167 728 301 29 748 531 411 62 139 983 688 817 0 447 202 385 781 341 316 627 376 
21 962 954 724 3 914 347 95 206 165 463 559 444 995 817 583 942 271 127 342 100 862 949 613 196 766 676 826 866 613 65 770 579 330 440 268 316 809 985 201 755 773 589 165 238 740 619 249 629 387 591 926 579 602 445 437 537 537 289 401 151 429 102 232 548 275 402 640 358 543 322 783 155 306 325 286 384 467 139 735 299 447 0 513 58 329 772 872 368 858 
914 28 803 746 625 862 838 784 340 581 528 39 79 459 573 577 476 23 918 356 454 587 958 347 154 755 291 612 685 704 122 865 719 243 736 545 31 269 95 798 630 292 883 521 625 318 975 670 911 603 253 429 739 251 887 655 352 853 844 605 222 599 305 15 524 152 814 818 225 987 630 906 2 922 65 536 735 705 579 81 782 202 513 0 953 817 485 627 227 997 
444 734 503 219 171 360 563 315 908 580 715 108 85 358 92 623 473 59 420 728 537 909 890 915 610 206 626 618 448 131 212 81 981 397 744 866 558 409 561 781 870 931 298 127 261 253 474 74 593 697 712 187 420 109 996 298 1000 415 544 393 687 149 539 52 969 644 204 579 512 871 166 429 798 365 328 68 477 321 847 98 873 385 58 953 0 942 395 296 723 267 
929 236 44 351 134 47 919 28 731 53 46 626 919 237 950 561 927 247 758 91 80 155 960 614 700 266 167 662 593 752 212 657 486 489 94 989 71 389 750 103 403 9 740 176 629 514 449 416 84 854 902 493 324 962 875 263 834 682 322 296 107 579 316 294 42 685 28 129 235 217 895 976 226 571 550 559 915 807 684 628 971 781 329 817 942 0 266 662 334 319 
41 192 764 885 154 569 782 464 22 599 208 377 957 401 477 666 831 839 150 425 790 521 498 647 472 249 333 547 370 242 573 747 304 788 174 136 708 510 645 37 790 560 381 107 381 934 410 958 564 12 53 140 562 506 69 546 794 522 365 926 614 820 86 627 92 4 934 950 863 686 710 618 225 667 641 252 59 844 846 675 588 341 772 485 395 266 0 44 780 872 
191 233 886 960 321 398 822 265 85 59 459 642 486 875 320 528 539 378 765 928 255 834 231 790 305 193 639 936 864 608 557 320 377 88 241 687 919 773 217 193 943 234 976 704 95 991 229 985 91 380 684 176 277 722 370 298 669 346 242 757 334 835 490 506 118 278 257 931 342 690 733 914 17 909 696 638 541 83 80 410 716 316 872 627 296 662 44 0 781 912 
929 217 583 473 8 35 192 648 497 70 813 803 386 16 260 911 472 513 718 688 558 490 120 906 735 434 842 987 254 612 462 107 257 227 160 655 401 12 119 607 868 657 215 967 533 223 461 721 404 471 978 997 752 33 475 442 932 613 934 537 384 37 464 598 273 796 765 924 409 102 770 394 546 556 95 225 594 444 953 161 53 627 368 227 723 334 780 781 0 564 
31 581 23 427 701 315 777 39 968 85 682 503 892 395 414 467 675 566 847 344 655 147 406 852 322 832 988 173 41 995 616 840 969 51 293 766 773 46 515 467 72 775 979 643 386 462 352 885 521 613 584 813 568 78 540 318 580 734 450 211 722 785 664 166 458 904 860 928 448 915 72 193 966 691 606 513 961 731 259 964 383 376 858 997 267 319 872 912 564 0 
