50
0 209 676 150 624 436 429 564 550 927 751 939 12 837 203 717 140 965 956 477 560 302 514 155 168 465 91 658 223 433 966 102 994 993 251 617 428 679 181 330 958 283 620 321 471 822 389 962 138 344 
209 0 438 697 997 304 204 517 768 294 174 342 78 491 443 71 484 693 40 263 724 572 944 33 854 563 353 677 384 93 638 521 437 76 570 785 379 773 301 498 418 827 839 847 669 281 270 152 325 309 
676 438 0 767 48 232 710 432 437 273 136 113 8 229 751 881 17 178 802 801 908 574 454 405 343 632 243 189 300 875 458 804 199 118 570 599 349 631 30 786 255 166 898 615 394 1000 847 762 177 648 
150 697 767 0 914 84 573 367 840 915 998 82 455 650 956 913 453 507 30 374 105 731 356 134 516 611 651 765 577 396 765 423 157 293 70 71 377 642 789 216 908 139 650 362 788 957 274 592 463 656 
624 997 48 914 0 965 919 386 320 405 253 282 55 17 858 451 781 280 959 74 349 381 802 342 170 369 249 308 370 611 447 327 236 38 141 891 2 60 628 673 464 880 955 518 249 812 320 29 444 631 
436 304 232 84 965 0 454 144 11 607 486 532 328 86 191 697 48 637 23 284 26 164 526 27 575 506 52 38 385 6 907 633 169 579 14 612 209 819 756 571 426 241 103 753 678 293 801 726 282 824 
429 204 710 573 919 454 0 361 307 339 886 686 265 391 737 302 128 742 560 112 262 138 477 874 698 296 629 269 73 221 723 177 898 15 977 623 296 152 983 955 842 221 640 106 963 376 759 442 469 671 
564 517 432 367 386 144 361 0 554 730 808 382 603 858 29 583 126 101 803 848 629 701 214 958 675 862 461 658 816 303 230 455 760 192 830 871 634 650 541 539 379 700 920 334 557 949 916 34 401 71 
550 768 437 840 320 11 307 554 0 881 382 771 447 339 445 308 799 454 123 453 683 577 565 227 758 435 212 759 327 750 137 26 21 822 935 969 90 968 722 160 201 103 282 647 793 726 306 591 532 428 
927 294 273 915 405 607 339 730 881 0 396 566 356 312 792 113 98 3 871 424 104 359 801 125 533 87 445 974 407 166 133 607 268 414 605 412 491 910 355 374 337 750 940 692 61 83 156 510 438 378 
751 174 136 998 253 486 886 808 382 396 0 285 541 88 85 665 620 524 110 593 930 627 77 536 247 842 492 658 685 401 12 58 89 761 349 132 173 432 287 34 869 16 318 761 103 403 426 723 278 887 
939 342 113 82 282 532 686 382 771 566 285 0 667 207 513 744 742 759 585 585 417 269 985 428 679 425 541 27 556 65 810 194 99 30 209 416 791 663 170 216 737 447 454 404 653 966 499 746 77 83 
12 78 8 455 55 328 265 603 447 356 541 667 0 330 493 704 666 272 734 90 164 112 645 229 922 190 679 951 398 94 741 61 616 308 797 414 761 552 67 727 50 164 803 485 846 647 540 511 270 273 
837 491 229 650 17 86 391 858 339 312 88 207 330 0 601 434 384 597 14 657 787 692 608 536 137 348 948 104 8 97 518 768 648 584 846 50 99 1000 534 944 998 73 807 268 697 407 701 432 355 66 
203 443 751 956 858 191 737 29 445 792 85 513 493 601 0 89 141 757 48 29 245 747 976 349 754 72 866 522 72 801 719 121 899 719 654 195 716 78 1 983 126 759 35 909 113 100 349 606 208 396 
717 71 881 913 451 697 302 583 308 113 665 744 704 434 89 0 634 805 143 961 153 248 385 18 121 456 170 840 928 68 910 933 614 625 10 614 960 487 372 346 395 485 798 744 442 5 491 75 809 985 
140 484 17 453 781 48 128 126 799 98 620 742 666 384 141 634 0 387 313 233 771 682 705 226 851 896 505 271 805 437 884 782 798 498 741 284 221 438 31 57 235 126 498 592 968 924 752 953 311 65 
965 693 178 507 280 637 742 101 454 3 524 759 272 597 757 805 387 0 537 81 746 593 659 949 489 163 219 293 952 102 426 749 951 518 33 172 956 415 228 190 540 78 133 507 1 885 811 663 301 347 
956 40 802 30 959 23 560 803 123 871 110 585 734 14 48 143 313 537 0 96 398 940 106 346 780 620 564 424 571 18 850 320 968 367 352 491 322 118 71 864 657 148 348 515 148 584 678 163 884 24 
477 263 801 374 74 284 112 848 453 424 593 585 90 657 29 961 233 81 96 0 258 634 315 363 979 446 982 895 870 553 912 719 872 231 85 575 722 759 692 144 974 700 291 321 566 790 257 243 952 140 
560 724 908 105 349 26 262 629 683 104 930 417 164 787 245 153 771 746 398 258 0 619 209 773 285 923 104 731 905 998 600 457 261 318 680 843 754 254 916 864 297 59 189 996 349 862 913 491 118 156 
302 572 574 731 381 164 138 701 577 359 627 269 112 692 747 248 682 593 940 634 619 0 794 609 774 3 734 58 277 837 788 181 186 739 989 798 56 20 640 162 273 556 25 921 614 214 268 315 75 181 
514 944 454 356 802 526 477 214 565 801 77 985 645 608 976 385 705 659 106 315 209 794 0 157 192 336 950 800 461 304 533 518 581 721 658 761 906 396 102 55 804 121 695 965 746 250 341 666 215 554 
155 33 405 134 342 27 874 958 227 125 536 428 229 536 349 18 226 949 346 363 773 609 157 0 286 881 980 466 37 523 153 987 675 613 290 207 482 870 280 139 983 537 887 84 592 690 556 286 654 301 
168 854 343 516 170 575 698 675 758 533 247 679 922 137 754 121 851 489 780 979 285 774 192 286 0 887 994 319 453 900 604 686 879 421 722 754 573 60 428 185 350 634 666 571 265 157 905 802 43 340 
465 563 632 611 369 506 296 862 435 87 842 425 190 348 72 456 896 163 620 446 923 3 336 881 887 0 745 732 896 382 737 548 268 82 866 72 981 821 757 212 241 831 965 165 890 392 349 591 377 367 
91 353 243 651 249 52 629 461 212 445 492 541 679 948 866 170 505 219 564 982 104 734 950 980 994 745 0 162 994 523 418 795 565 758 539 296 653 272 32 552 891 113 418 962 446 590 71 657 183 901 
658 677 189 765 308 38 269 658 759 974 658 27 951 104 522 840 271 293 424 895 731 58 800 466 319 732 162 0 973 347 142 716 48 733 92 414 246 85 936 663 231 500 420 121 147 424 392 530 976 282 
223 384 300 577 370 385 73 816 327 407 685 556 398 8 72 928 805 952 571 870 905 277 461 37 453 896 994 973 0 994 745 596 439 686 666 447 868 918 419 567 59 486 614 143 930 27 388 366 962 403 
433 93 875 396 611 6 221 303 750 166 401 65 94 97 801 68 437 102 18 553 998 837 304 523 900 382 523 347 994 0 597 813 822 69 959 598 813 840 925 446 833 669 41 272 354 58 70 574 327 841 
966 638 458 765 447 907 723 230 137 133 12 810 741 518 719 910 884 426 850 912 600 788 533 153 604 737 418 142 745 597 0 140 386 326 753 528 255 779 268 621 92 670 569 256 843 989 566 440 801 405 
102 521 804 423 327 633 177 455 26 607 58 194 61 768 121 933 782 749 320 719 457 181 518 987 686 548 795 716 596 813 140 0 364 599 237 384 991 860 90 49 930 663 727 770 802 112 447 554 992 702 
994 437 199 157 236 169 898 760 21 268 89 99 616 648 899 614 798 951 968 872 261 186 581 675 879 268 565 48 439 822 386 364 0 684 259 674 127 928 594 382 122 582 947 914 735 703 277 685 939 13 
993 76 118 293 38 579 15 192 822 414 761 30 308 584 719 625 498 518 367 231 318 739 721 613 421 82 758 733 686 69 326 599 684 0 675 151 102 75 80 764 802 201 917 913 647 822 256 700 857 514 
251 570 570 70 141 14 977 830 935 605 349 209 797 846 654 10 741 33 352 85 680 989 658 290 722 866 539 92 666 959 753 237 259 675 0 725 983 793 318 364 267 900 662 180 986 364 808 670 654 820 
617 785 599 71 891 612 623 871 969 412 132 416 414 50 195 614 284 172 491 575 843 798 761 207 754 72 296 414 447 598 528 384 674 151 725 0 344 156 273 419 587 388 572 787 304 836 786 477 92 837 
428 379 349 377 2 209 296 634 90 491 173 791 761 99 716 960 221 956 322 722 754 56 906 482 573 981 653 246 868 813 255 991 127 102 983 344 0 333 957 562 315 102 879 30 368 130 43 547 115 758 
679 773 631 642 60 819 152 650 968 910 432 663 552 1000 78 487 438 415 118 759 254 20 396 870 60 821 272 85 918 840 779 860 928 75 793 156 333 0 354 136 764 526 832 919 798 250 506 186 173 644 
181 301 30 789 628 756 983 541 722 355 287 170 67 534 1 372 31 228 71 692 916 640 102 280 428 757 32 936 419 925 268 90 594 80 318 273 957 354 0 841 8 429 318 99 266 2 56 179 317 509 
330 498 786 216 673 571 955 539 160 374 34 216 727 944 983 346 57 190 864 144 864 162 55 139 185 212 552 663 567 446 621 49 382 764 364 419 562 136 841 0 57 698 876 187 741 422 653 498 127 789 
958 418 255 908 464 426 842 379 201 337 869 737 50 998 126 395 235 540 657 974 297 273 804 983 350 241 891 231 59 833 92 930 122 802 267 587 315 764 8 57 0 261 652 620 180 802 221 37 339 745 
283 827 166 139 880 241 221 700 103 750 16 447 164 73 759 485 126 78 148 700 59 556 121 537 634 831 113 500 486 669 670 663 582 201 900 388 102 526 429 698 261 0 680 531 752 461 848 851 78 850 
620 839 898 650 955 103 640 920 282 940 318 454 803 807 35 798 498 133 348 291 189 25 695 887 666 965 418 420 614 41 569 727 947 917 662 572 879 832 318 876 652 680 0 258 256 518 766 312 215 993 
321 847 615 362 518 753 106 334 647 692 761 404 485 268 909 744 592 507 515 321 996 921 965 84 571 165 962 121 143 272 256 770 914 913 180 787 30 919 99 187 620 531 258 0 850 955 766 855 805 892 
471 669 394 788 249 678 963 557 793 61 103 653 846 697 113 442 968 1 148 566 349 614 746 592 265 890 446 147 930 354 843 802 735 647 986 304 368 798 266 741 180 752 256 850 0 995 65 896 966 596 
822 281 1000 957 812 293 376 949 726 83 403 966 647 407 100 5 924 885 584 790 862 214 250 690 157 392 590 424 27 58 989 112 703 822 364 836 130 250 2 422 802 461 518 955 995 0 697 538 632 387 
389 270 847 274 320 801 759 916 306 156 426 499 540 701 349 491 752 811 678 257 913 268 341 556 905 349 71 392 388 70 566 447 277 256 808 786 43 506 56 653 221 848 766 766 65 697 0 282 312 917 
962 152 762 592 29 726 442 34 591 510 723 746 511 432 606 75 953 663 163 243 491 315 666 286 802 591 657 530 366 574 440 554 685 700 670 477 547 186 179 498 37 851 312 855 896 538 282 0 33 772 
138 325 177 463 444 282 469 401 532 438 278 77 270 355 208 809 311 301 884 952 118 75 215 654 43 377 183 976 962 327 801 992 939 857 654 92 115 173 317 127 339 78 215 805 966 632 312 33 0 117 
344 309 648 656 631 824 671 71 428 378 887 83 273 66 396 985 65 347 24 140 156 181 554 301 340 367 901 282 403 841 405 702 13 514 820 837 758 644 509 789 745 850 993 892 596 387 917 772 117 0 
