70
0 229 370 907 454 448 877 448 77 187 188 846 957 865 414 170 503 979 323 475 862 275 617 783 524 184 700 124 228 294 491 10 874 860 268 327 660 144 126 736 682 314 933 638 530 699 159 32 677 481 858 538 107 474 673 630 9 372 105 236 665 595 597 890 807 864 216 466 359 694 
229 0 553 40 7 486 29 536 536 187 919 212 667 776 102 773 601 774 755 962 497 859 197 514 454 146 403 260 9 971 725 720 664 629 111 22 114 140 909 1 326 827 213 345 954 666 117 906 439 871 867 935 82 416 800 535 561 203 794 921 173 870 640 188 498 103 209 964 242 117 
370 553 0 964 567 295 528 911 600 193 380 505 983 602 724 918 683 139 69 217 51 271 362 971 795 583 963 334 433 65 542 748 306 10 711 224 304 591 135 903 783 866 760 766 467 483 35 502 973 103 70 23 726 432 345 872 366 307 206 798 723 99 545 28 109 608 604 764 198 90 
907 40 964 0 19 332 955 778 449 773 612 483 274 584 938 344 958 15 127 302 886 492 961 91 642 683 542 538 63 650 145 666 765 694 755 783 378 61 912 826 833 875 661 107 810 950 450 767 964 928 421 201 419 381 644 60 63 185 598 477 834 94 142 950 140 248 733 517 308 996 
454 7 567 19 0 342 493 223 354 599 32 303 400 799 266 327 571 467 97 951 462 509 365 646 458 842 831 551 335 780 42 935 512 558 594 860 252 86 82 605 36 113 908 787 263 525 113 185 343 562 135 804 70 852 449 879 693 279 781 379 411 823 313 274 380 259 133 631 344 566 
448 486 295 332 342 0 588 732 31 847 518 645 723 983 830 66 544 316 221 965 167 22 843 211 652 623 590 62 797 254 336 177 512 468 159 208 386 98 939 416 944 808 60 667 790 241 84 685 557 304 649 75 325 843 286 977 818 227 38 614 480 725 790 344 545 301 903 930 398 193 
877 29 528 955 493 588 0 697 694 1000 108 360 790 349 443 474 257 746 475 331 423 317 616 751 486 842 140 100 674 865 241 17 409 541 271 690 291 463 386 984 462 493 695 251 841 137 77 97 234 551 428 8 219 395 758 705 237 898 156 910 114 396 278 874 289 900 563 931 362 948 
448 536 911 778 223 732 697 0 914 823 440 960 426 633 96 854 81 681 404 860 41 974 255 798 30 491 47 185 752 512 581 381 385 221 280 947 151 993 894 416 815 686 375 592 670 822 445 750 502 200 610 894 526 864 692 555 706 90 740 809 602 672 541 986 244 820 285 394 812 530 
77 536 600 449 354 31 694 914 0 161 978 215 535 922 236 356 366 986 209 566 595 103 91 810 146 997 867 235 88 675 188 111 215 526 354 386 810 99 549 691 259 878 258 793 799 493 500 165 478 709 82 424 163 524 233 308 872 99 894 960 125 434 70 339 311 424 76 120 874 624 
187 187 193 773 599 847 1000 823 161 0 162 133 502 419 277 300 912 777 816 389 837 249 165 999 772 397 658 644 848 903 955 324 336 24 15 646 799 90 117 25 714 279 157 567 697 433 218 960 561 34 349 397 282 513 747 406 261 404 401 460 659 707 784 346 730 798 344 881 239 812 
188 919 380 612 32 518 108 440 978 162 0 257 952 442 413 870 491 197 88 450 758 121 798 506 754 662 253 511 275 8 911 734 18 617 869 364 699 18 707 931 257 870 187 560 312 951 430 802 147 517 251 256 637 401 762 742 62 366 253 688 725 515 422 743 132 290 106 182 660 164 
846 212 505 483 303 645 360 960 215 133 257 0 464 916 33 2 475 344 952 904 497 450 420 100 706 408 500 819 150 913 536 402 601 260 268 374 2 751 15 107 932 674 622 747 589 655 748 64 350 51 319 199 501 739 298 558 498 797 728 647 61 263 400 13 522 668 386 524 418 401 
957 667 983 274 400 723 790 426 535 502 952 464 0 982 702 426 604 448 15 610 548 430 311 598 748 509 98 838 806 7 336 954 734 334 367 996 734 379 518 753 117 393 170 869 726 223 294 681 671 308 642 570 89 953 167 189 813 617 26 971 623 713 276 357 47 642 704 132 373 573 
865 776 602 584 799 983 349 633 922 419 442 916 982 0 884 841 965 405 709 43 628 2 723 650 662 365 219 750 669 737 938 481 353 316 803 328 28 79 36 74 72 739 557 796 312 440 636 628 845 696 670 824 698 393 825 711 109 43 460 129 131 750 961 836 65 764 163 444 194 198 
414 102 724 938 266 830 443 96 236 277 413 33 702 884 0 870 265 936 426 413 247 866 400 875 62 96 896 237 145 640 61 855 748 455 314 228 585 415 189 420 831 952 934 275 497 131 144 113 419 921 525 17 138 925 243 199 372 139 787 516 778 847 370 878 301 35 105 238 450 293 
170 773 918 344 327 66 474 854 356 300 870 2 426 841 870 0 657 280 596 591 906 92 73 49 557 491 970 81 508 107 357 750 658 728 888 444 243 18 643 612 895 295 999 351 532 448 996 541 79 591 131 985 35 555 33 591 46 354 23 905 813 380 654 822 459 894 265 54 263 259 
503 601 683 958 571 544 257 81 366 912 491 475 604 965 265 657 0 17 157 554 15 859 85 462 854 625 541 797 107 525 831 14 909 773 59 615 795 315 427 526 968 248 985 213 864 38 475 475 54 983 28 421 842 464 882 695 441 774 491 899 650 673 912 911 445 970 525 592 284 303 
979 774 139 15 467 316 746 681 986 777 197 344 448 405 936 280 17 0 117 604 902 453 168 117 842 643 591 248 977 970 668 818 434 901 865 226 675 707 124 676 380 36 586 176 357 462 767 993 116 236 596 17 40 115 486 234 757 428 481 734 398 500 903 183 400 767 408 426 474 531 
323 755 69 127 97 221 475 404 209 816 88 952 15 709 426 596 157 117 0 102 205 566 39 380 275 853 499 267 968 86 214 337 125 328 822 358 85 601 190 170 350 689 424 532 441 543 291 866 368 174 319 572 91 710 303 365 562 153 631 529 238 844 865 715 524 38 424 960 639 614 
475 962 217 302 951 965 331 860 566 389 450 904 610 43 413 591 554 604 102 0 129 340 654 904 224 446 446 514 664 813 39 334 736 130 43 391 846 604 543 829 485 781 24 701 495 547 739 270 506 729 235 634 420 241 890 643 686 335 509 701 500 547 35 587 28 77 977 874 33 520 
862 497 51 886 462 167 423 41 595 837 758 497 548 628 247 906 15 902 205 129 0 702 869 652 725 569 498 272 659 767 777 739 2 763 159 242 652 801 279 338 309 980 189 856 14 776 883 442 752 108 826 623 809 694 274 534 263 771 157 921 890 285 660 243 47 818 484 50 970 114 
275 859 271 492 509 22 317 974 103 249 121 450 430 2 866 92 859 453 566 340 702 0 740 279 93 928 486 458 703 368 900 807 828 77 429 636 771 55 521 33 177 677 305 66 314 964 308 712 133 143 762 103 609 501 381 701 780 218 511 835 937 410 641 764 838 421 400 608 475 272 
617 197 362 961 365 843 616 255 91 165 798 420 311 723 400 73 85 168 39 654 869 740 0 640 652 301 297 69 614 260 729 325 745 223 86 847 831 938 579 884 70 796 394 904 84 155 544 848 992 316 247 600 791 518 591 794 818 887 862 783 499 942 108 243 165 545 441 995 835 371 
783 514 971 91 646 211 751 798 810 999 506 100 598 650 875 49 462 117 380 904 652 279 640 0 878 904 518 271 807 601 425 702 448 769 17 46 368 159 916 310 952 85 197 166 868 47 107 327 641 623 871 81 618 705 803 847 960 320 470 118 272 246 171 72 14 188 469 733 698 384 
524 454 795 642 458 652 486 30 146 772 754 706 748 662 62 557 854 842 275 224 725 93 652 878 0 43 2 821 239 167 40 637 625 366 277 248 236 709 217 293 511 415 252 182 884 370 805 482 540 876 495 79 345 580 129 80 622 130 900 212 648 291 848 272 656 124 871 244 832 439 
184 146 583 683 842 623 842 491 997 397 662 408 509 365 96 491 625 643 853 446 569 928 301 904 43 0 888 694 854 491 227 89 212 31 570 104 907 417 182 603 996 662 34 969 143 934 180 790 576 27 414 232 502 636 827 685 75 66 730 280 556 956 368 768 986 290 871 244 58 404 
700 403 963 542 831 590 140 47 867 658 253 500 98 219 896 970 541 591 499 446 498 486 297 518 2 888 0 198 405 66 232 373 208 517 904 350 92 282 763 675 135 398 853 819 824 918 548 103 474 855 823 241 192 112 111 436 521 866 985 277 931 216 649 491 732 904 840 176 185 954 
124 260 334 538 551 62 100 185 235 644 511 819 838 750 237 81 797 248 267 514 272 458 69 271 821 694 198 0 850 319 703 703 489 527 620 388 629 93 242 803 685 433 914 147 220 786 13 205 62 295 772 62 137 856 965 328 31 501 281 232 171 984 934 659 862 906 46 842 350 639 
228 9 433 63 335 797 674 752 88 848 275 150 806 669 145 508 107 977 968 664 659 703 614 807 239 854 405 850 0 645 387 72 910 533 643 696 897 199 109 192 323 171 328 178 487 8 560 988 288 791 158 623 77 169 484 982 214 678 683 853 322 69 276 231 602 270 278 498 469 387 
294 971 65 650 780 254 865 512 675 903 8 913 7 737 640 107 525 970 86 813 767 368 260 601 167 491 66 319 645 0 41 143 909 721 320 747 728 879 734 367 669 244 990 97 412 825 430 977 854 113 181 175 533 456 758 486 78 387 336 898 125 376 40 33 448 359 132 175 589 865 
491 725 542 145 42 336 241 581 188 955 911 536 336 938 61 357 831 668 214 39 777 900 729 425 40 227 232 703 387 41 0 894 609 460 235 706 223 411 135 200 265 247 380 439 132 188 548 617 265 935 952 162 411 680 201 796 127 911 927 654 499 143 547 107 603 781 164 825 191 299 
10 720 748 666 935 177 17 381 111 324 734 402 954 481 855 750 14 818 337 334 739 807 325 702 637 89 373 703 72 143 894 0 376 455 897 108 246 28 295 145 645 559 431 948 72 842 627 624 637 754 534 563 407 384 57 953 842 659 733 6 836 275 656 563 730 552 670 975 932 964 
874 664 306 765 512 512 409 385 215 336 18 601 734 353 748 658 909 434 125 736 2 828 745 448 625 212 208 489 910 909 609 376 0 119 928 874 550 875 945 743 502 920 379 607 453 293 13 188 349 317 30 360 401 387 547 675 42 109 756 945 779 730 876 742 201 155 968 102 30 264 
860 629 10 694 558 468 541 221 526 24 617 260 334 316 455 728 773 901 328 130 763 77 223 769 366 31 517 527 533 721 460 455 119 0 844 883 184 574 841 988 218 205 176 566 521 557 277 273 295 823 947 688 932 703 632 62 784 860 155 336 14 122 789 395 386 984 629 921 557 469 
268 111 711 755 594 159 271 280 354 15 869 268 367 803 314 888 59 865 822 43 159 429 86 17 277 570 904 620 643 320 235 897 928 844 0 908 126 673 435 44 545 343 320 817 637 495 116 324 778 170 308 839 953 167 345 641 532 467 781 279 204 765 907 124 673 728 383 799 752 170 
327 22 224 783 860 208 690 947 386 646 364 374 996 328 228 444 615 226 358 391 242 636 847 46 248 104 350 388 696 747 706 108 874 883 908 0 842 297 512 513 113 149 7 580 824 784 749 131 974 54 297 319 694 181 137 474 459 692 238 717 167 263 796 549 61 548 718 254 844 582 
660 114 304 378 252 386 291 151 810 799 699 2 734 28 585 243 795 675 85 846 652 771 831 368 236 907 92 629 897 728 223 246 550 184 126 842 0 766 308 730 125 888 905 260 636 36 234 689 684 904 734 864 40 208 674 731 797 743 897 411 538 797 471 85 867 76 280 448 194 588 
144 140 591 61 86 98 463 993 99 90 18 751 379 79 415 18 315 707 601 604 801 55 938 159 709 417 282 93 199 879 411 28 875 574 673 297 766 0 529 318 827 433 577 462 468 162 503 504 417 236 719 456 795 393 538 592 487 786 2 24 935 825 461 801 900 740 600 93 679 128 
126 909 135 912 82 939 386 894 549 117 707 15 518 36 189 643 427 124 190 543 279 521 579 916 217 182 763 242 109 734 135 295 945 841 435 512 308 529 0 762 505 560 691 319 380 852 821 883 269 56 601 76 851 345 966 794 831 103 147 207 37 971 667 189 223 758 788 667 789 915 
736 1 903 826 605 416 984 416 691 25 931 107 753 74 420 612 526 676 170 829 338 33 884 310 293 603 675 803 192 367 200 145 743 988 44 513 730 318 762 0 781 645 827 471 963 206 322 135 440 942 191 40 370 393 737 687 186 567 789 684 125 826 7 143 366 581 901 154 247 41 
682 326 783 833 36 944 462 815 259 714 257 932 117 72 831 895 968 380 350 485 309 177 70 952 511 996 135 685 323 669 265 645 502 218 545 113 125 827 505 781 0 68 27 685 246 849 648 451 523 782 890 816 324 282 185 68 18 871 605 936 660 289 413 837 295 555 554 875 455 707 
314 827 866 875 113 808 493 686 878 279 870 674 393 739 952 295 248 36 689 781 980 677 796 85 415 662 398 433 171 244 247 559 920 205 343 149 888 433 560 645 68 0 473 495 127 852 532 372 700 179 175 222 312 416 38 988 697 574 55 66 445 660 354 456 948 766 644 594 320 197 
933 213 760 661 908 60 695 375 258 157 187 622 170 557 934 999 985 586 424 24 189 305 394 197 252 34 853 914 328 990 380 431 379 176 320 7 905 577 691 827 27 473 0 468 127 904 940 973 382 143 856 753 843 386 279 416 698 695 805 37 743 379 91 161 175 750 866 630 49 983 
638 345 766 107 787 667 251 592 793 567 560 747 869 796 275 351 213 176 532 701 856 66 904 166 182 969 819 147 178 97 439 948 607 566 817 580 260 462 319 471 685 495 468 0 625 642 654 173 461 780 428 753 105 809 895 960 914 737 346 192 505 395 238 309 431 981 39 521 493 213 
530 954 467 810 263 790 841 670 799 697 312 589 726 312 497 532 864 357 441 495 14 314 84 868 884 143 824 220 487 412 132 72 453 521 637 824 636 468 380 963 246 127 127 625 0 623 358 194 23 340 818 665 993 343 125 125 770 877 581 579 772 540 492 860 237 35 716 983 273 25 
699 666 483 950 525 241 137 822 493 433 951 655 223 440 131 448 38 462 543 547 776 964 155 47 370 934 918 786 8 825 188 842 293 557 495 784 36 162 852 206 849 852 904 642 623 0 413 605 415 286 97 628 260 454 821 282 145 991 946 137 333 423 613 102 651 193 32 774 85 875 
159 117 35 450 113 84 77 445 500 218 430 748 294 636 144 996 475 767 291 739 883 308 544 107 805 180 548 13 560 430 548 627 13 277 116 749 234 503 821 322 648 532 940 654 358 413 0 634 321 262 701 656 534 77 68 490 492 705 586 119 316 391 291 598 535 633 895 23 317 669 
32 906 502 767 185 685 97 750 165 960 802 64 681 628 113 541 475 993 866 270 442 712 848 327 482 790 103 205 988 977 617 624 188 273 324 131 689 504 883 135 451 372 973 173 194 605 634 0 636 771 320 828 802 93 912 29 78 585 290 779 592 175 207 11 664 698 716 601 168 31 
677 439 973 964 343 557 234 502 478 561 147 350 671 845 419 79 54 116 368 506 752 133 992 641 540 576 474 62 288 854 265 637 349 295 778 974 684 417 269 440 523 700 382 461 23 415 321 636 0 991 459 980 525 443 227 899 760 895 534 530 214 362 683 659 625 711 736 561 1000 866 
481 871 103 928 562 304 551 200 709 34 517 51 308 696 921 591 983 236 174 729 108 143 316 623 876 27 855 295 791 113 935 754 317 823 170 54 904 236 56 942 782 179 143 780 340 286 262 771 991 0 152 174 73 163 189 770 230 789 938 612 779 748 592 655 190 818 554 301 64 87 
858 867 70 421 135 649 428 610 82 349 251 319 642 670 525 131 28 596 319 235 826 762 247 871 495 414 823 772 158 181 952 534 30 947 308 297 734 719 601 191 890 175 856 428 818 97 701 320 459 152 0 830 278 800 513 936 777 223 23 689 575 889 841 100 313 355 289 82 936 77 
538 935 23 201 804 75 8 894 424 397 256 199 570 824 17 985 421 17 572 634 623 103 600 81 79 232 241 62 623 175 162 563 360 688 839 319 864 456 76 40 816 222 753 753 665 628 656 828 980 174 830 0 371 547 856 470 490 862 660 659 415 960 723 854 142 352 653 6 287 781 
107 82 726 419 70 325 219 526 163 282 637 501 89 698 138 35 842 40 91 420 809 609 791 618 345 502 192 137 77 533 411 407 401 932 953 694 40 795 851 370 324 312 843 105 993 260 534 802 525 73 278 371 0 580 661 470 154 549 662 254 861 16 542 295 951 618 17 849 825 487 
474 416 432 381 852 843 395 864 524 513 401 739 953 393 925 555 464 115 710 241 694 501 518 705 580 636 112 856 169 456 680 384 387 703 167 181 208 393 345 393 282 416 386 809 343 454 77 93 443 163 800 547 580 0 339 687 498 349 101 457 71 306 950 422 959 955 60 739 535 721 
673 800 345 644 449 286 758 692 233 747 762 298 167 825 243 33 882 486 303 890 274 381 591 803 129 827 111 965 484 758 201 57 547 632 345 137 674 538 966 737 185 38 279 895 125 821 68 912 227 189 513 856 661 339 0 560 688 621 221 293 834 588 186 128 890 156 496 739 980 982 
630 535 872 60 879 977 705 555 308 406 742 558 189 711 199 591 695 234 365 643 534 701 794 847 80 685 436 328 982 486 796 953 675 62 641 474 731 592 794 687 68 988 416 960 125 282 490 29 899 770 936 470 470 687 560 0 429 18 479 777 471 288 848 776 237 621 734 544 681 825 
9 561 366 63 693 818 237 706 872 261 62 498 813 109 372 46 441 757 562 686 263 780 818 960 622 75 521 31 214 78 127 842 42 784 532 459 797 487 831 186 18 697 698 914 770 145 492 78 760 230 777 490 154 498 688 429 0 78 753 384 117 373 957 762 206 544 947 685 786 102 
372 203 307 185 279 227 898 90 99 404 366 797 617 43 139 354 774 428 153 335 771 218 887 320 130 66 866 501 678 387 911 659 109 860 467 692 743 786 103 567 871 574 695 737 877 991 705 585 895 789 223 862 549 349 621 18 78 0 181 524 434 162 304 451 993 432 921 280 631 697 
105 794 206 598 781 38 156 740 894 401 253 728 26 460 787 23 491 481 631 509 157 511 862 470 900 730 985 281 683 336 927 733 756 155 781 238 897 2 147 789 605 55 805 346 581 946 586 290 534 938 23 660 662 101 221 479 753 181 0 516 252 782 59 284 606 488 36 342 957 408 
236 921 798 477 379 614 910 809 960 460 688 647 971 129 516 905 899 734 529 701 921 835 783 118 212 280 277 232 853 898 654 6 945 336 279 717 411 24 207 684 936 66 37 192 579 137 119 779 530 612 689 659 254 457 293 777 384 524 516 0 650 718 966 193 664 650 330 118 830 853 
665 173 723 834 411 480 114 602 125 659 725 61 623 131 778 813 650 398 238 500 890 937 499 272 648 556 931 171 322 125 499 836 779 14 204 167 538 935 37 125 660 445 743 505 772 333 316 592 214 779 575 415 861 71 834 471 117 434 252 650 0 551 344 508 1 336 940 922 615 570 
595 870 99 94 823 725 396 672 434 707 515 263 713 750 847 380 673 500 844 547 285 410 942 246 291 956 216 984 69 376 143 275 730 122 765 263 797 825 971 826 289 660 379 395 540 423 391 175 362 748 889 960 16 306 588 288 373 162 782 718 551 0 618 482 173 751 893 456 357 732 
597 640 545 142 313 790 278 541 70 784 422 400 276 961 370 654 912 903 865 35 660 641 108 171 848 368 649 934 276 40 547 656 876 789 907 796 471 461 667 7 413 354 91 238 492 613 291 207 683 592 841 723 542 950 186 848 957 304 59 966 344 618 0 491 50 688 251 699 405 216 
890 188 28 950 274 344 874 986 339 346 743 13 357 836 878 822 911 183 715 587 243 764 243 72 272 768 491 659 231 33 107 563 742 395 124 549 85 801 189 143 837 456 161 309 860 102 598 11 659 655 100 854 295 422 128 776 762 451 284 193 508 482 491 0 243 69 865 573 186 47 
807 498 109 140 380 545 289 244 311 730 132 522 47 65 301 459 445 400 524 28 47 838 165 14 656 986 732 862 602 448 603 730 201 386 673 61 867 900 223 366 295 948 175 431 237 651 535 664 625 190 313 142 951 959 890 237 206 993 606 664 1 173 50 243 0 777 88 742 637 88 
864 103 608 248 259 301 900 820 424 798 290 668 642 764 35 894 970 767 38 77 818 421 545 188 124 290 904 906 270 359 781 552 155 984 728 548 76 740 758 581 555 766 750 981 35 193 633 698 711 818 355 352 618 955 156 621 544 432 488 650 336 751 688 69 777 0 77 576 9 43 
216 209 604 733 133 903 563 285 76 344 106 386 704 163 105 265 525 408 424 977 484 400 441 469 871 871 840 46 278 132 164 670 968 629 383 718 280 600 788 901 554 644 866 39 716 32 895 716 736 554 289 653 17 60 496 734 947 921 36 330 940 893 251 865 88 77 0 145 978 876 
466 964 764 517 631 930 931 394 120 881 182 524 132 444 238 54 592 426 960 874 50 608 995 733 244 244 176 842 498 175 825 975 102 921 799 254 448 93 667 154 875 594 630 521 983 774 23 601 561 301 82 6 849 739 739 544 685 280 342 118 922 456 699 573 742 576 145 0 670 729 
359 242 198 308 344 398 362 812 874 239 660 418 373 194 450 263 284 474 639 33 970 475 835 698 832 58 185 350 469 589 191 932 30 557 752 844 194 679 789 247 455 320 49 493 273 85 317 168 1000 64 936 287 825 535 980 681 786 631 957 830 615 357 405 186 637 9 978 670 0 768 
694 117 90 996 566 193 948 530 624 812 164 401 573 198 293 259 303 531 614 520 114 272 371 384 439 404 954 639 387 865 299 964 264 469 170 582 588 128 915 41 707 197 983 213 25 875 669 31 866 87 77 781 487 721 982 825 102 697 408 853 570 732 216 47 88 43 876 729 768 0 
