20
0 774 412 261 651 651 760 339 530 512 234 44 995 705 640 225 419 61 157 398 
774 0 969 365 166 10 944 670 459 761 902 554 760 235 328 523 847 330 525 606 
412 969 0 20 55 469 605 450 463 661 441 687 80 502 196 477 470 912 643 831 
261 365 20 0 208 664 641 968 918 195 79 152 874 601 998 203 126 603 574 532 
651 166 55 208 0 423 179 981 237 839 421 924 918 922 471 747 744 734 741 926 
651 10 469 664 423 0 941 404 567 261 321 113 339 824 986 940 821 540 417 775 
760 944 605 641 179 941 0 113 948 197 291 928 786 482 700 61 751 974 531 497 
339 670 450 968 981 404 113 0 69 616 237 994 557 993 912 169 665 24 859 489 
530 459 463 918 237 567 948 69 0 9 150 309 900 566 436 365 513 984 655 792 
512 761 661 195 839 261 197 616 9 0 769 488 844 829 239 817 711 735 237 327 
234 902 441 79 421 321 291 237 150 769 0 324 582 235 316 494 403 980 517 261 
44 554 687 152 924 113 928 994 309 488 324 0 468 878 763 129 777 328 564 141 
995 760 80 874 918 339 786 557 900 844 582 468 0 841 899 148 632 668 635 475 
705 235 502 601 922 824 482 993 566 829 235 878 841 0 496 225 643 559 960 231 
640 328 196 998 471 986 700 912 436 239 316 763 899 496 0 885 635 813 119 950 
225 523 477 203 747 940 61 169 365 817 494 129 148 225 885 0 658 873 281 174 
419 847 470 126 744 821 751 665 513 711 403 777 632 643 635 658 0 485 101 403 
61 330 912 603 734 540 974 24 984 735 980 328 668 559 813 873 485 0 247 581 
157 525 643 574 741 417 531 859 655 237 517 564 635 960 119 281 101 247 0 532 
398 606 831 532 926 775 497 489 792 327 261 141 475 231 950 174 403 581 532 0 
