50
0 937 518 43 448 160 670 412 571 723 538 182 474 877 206 420 677 807 856 405 336 970 676 239 720 601 262 62 879 651 155 421 940 24 815 387 184 836 150 106 559 687 640 384 916 845 155 592 3 10 
937 0 349 339 979 376 577 51 976 191 112 206 193 618 626 484 642 793 871 177 628 372 282 538 411 921 273 326 766 779 269 120 789 969 458 119 344 387 169 671 577 280 877 769 250 854 253 891 646 475 
518 349 0 67 626 198 348 515 608 621 140 285 738 918 554 857 58 522 667 177 218 53 697 888 981 329 116 101 578 970 705 468 967 179 886 592 729 585 459 336 205 950 621 294 867 526 151 277 399 169 
43 339 67 0 805 616 221 501 856 553 829 971 653 406 292 358 225 259 888 110 202 616 695 12 952 251 961 924 545 180 801 47 456 199 215 260 167 787 112 22 339 941 344 343 346 988 700 571 246 588 
448 979 626 805 0 32 799 555 726 811 858 329 771 781 873 302 581 271 757 132 485 368 298 623 480 671 961 420 14 303 117 1 355 39 598 294 71 397 848 148 559 706 476 329 486 348 983 419 618 91 
160 376 198 616 32 0 550 454 459 847 76 290 517 388 61 882 43 177 235 397 568 832 42 638 580 889 785 138 594 261 819 432 960 801 202 930 891 751 735 701 949 811 990 817 550 50 50 592 579 284 
670 577 348 221 799 550 0 340 146 468 381 135 47 270 271 537 215 883 355 998 843 507 199 124 397 301 858 450 601 20 439 769 570 841 819 513 419 454 205 916 273 585 402 672 206 672 208 773 555 914 
412 51 515 501 555 454 340 0 770 749 420 969 872 168 621 81 617 222 453 56 990 374 248 160 886 18 966 90 285 238 27 686 909 584 357 116 356 911 29 126 11 800 446 234 968 418 315 584 639 119 
571 976 608 856 726 459 146 770 0 991 981 492 238 492 729 607 457 171 891 695 197 576 603 132 933 71 488 195 451 965 206 251 410 439 218 827 105 153 818 223 144 150 66 733 993 795 340 450 965 230 
723 191 621 553 811 847 468 749 991 0 496 513 158 450 644 442 520 483 636 323 447 193 573 856 984 142 35 440 294 204 663 789 705 80 522 697 874 213 498 190 794 993 54 951 795 50 744 314 532 380 
538 112 140 829 858 76 381 420 981 496 0 988 979 924 560 186 907 53 220 347 347 775 361 487 479 440 360 528 666 572 25 207 718 370 261 20 164 310 764 829 841 143 817 171 418 728 357 325 781 928 
182 206 285 971 329 290 135 969 492 513 988 0 671 479 703 383 965 533 174 325 60 839 248 437 398 965 806 658 985 969 319 100 149 511 242 965 682 659 693 38 335 825 965 357 655 19 739 619 552 913 
474 193 738 653 771 517 47 872 238 158 979 671 0 295 963 103 895 399 500 211 204 509 195 524 827 294 673 690 887 989 371 898 33 760 584 209 76 941 863 95 31 482 998 295 128 960 398 22 359 249 
877 618 918 406 781 388 270 168 492 450 924 479 295 0 233 914 758 779 790 936 425 814 625 663 802 347 912 187 106 496 395 534 788 258 628 818 91 977 113 570 936 862 944 646 110 528 912 219 306 701 
206 626 554 292 873 61 271 621 729 644 560 703 963 233 0 507 82 866 483 97 19 182 8 205 639 855 952 172 642 561 151 812 3 127 924 572 415 137 515 412 598 42 323 169 700 375 675 781 240 509 
420 484 857 358 302 882 537 81 607 442 186 383 103 914 507 0 229 259 690 237 815 681 443 766 852 437 326 355 248 328 481 523 252 247 659 118 659 256 160 333 424 211 708 450 343 947 311 572 557 352 
677 642 58 225 581 43 215 617 457 520 907 965 895 758 82 229 0 160 372 32 602 489 236 38 815 590 285 494 422 807 97 669 817 215 679 73 726 11 848 936 718 298 278 17 960 849 573 311 360 944 
807 793 522 259 271 177 883 222 171 483 53 533 399 779 866 259 160 0 343 962 433 578 351 599 519 988 444 940 146 541 960 963 107 638 35 832 1 234 119 718 883 396 86 842 597 659 153 956 954 847 
856 871 667 888 757 235 355 453 891 636 220 174 500 790 483 690 372 343 0 269 386 776 972 336 294 959 132 585 104 24 545 66 130 534 452 313 534 38 431 604 920 826 689 762 774 347 266 82 301 112 
405 177 177 110 132 397 998 56 695 323 347 325 211 936 97 237 32 962 269 0 702 38 887 673 726 180 631 857 764 87 880 660 504 9 194 308 321 79 345 751 682 616 928 723 729 54 69 994 135 721 
336 628 218 202 485 568 843 990 197 447 347 60 204 425 19 815 602 433 386 702 0 105 836 111 343 861 836 874 843 692 990 929 923 649 785 931 194 92 603 273 788 705 306 755 984 28 484 37 449 477 
970 372 53 616 368 832 507 374 576 193 775 839 509 814 182 681 489 578 776 38 105 0 523 521 934 711 631 276 571 818 150 413 861 491 694 783 139 478 713 685 921 667 957 60 723 614 814 707 994 297 
676 282 697 695 298 42 199 248 603 573 361 248 195 625 8 443 236 351 972 887 836 523 0 95 442 774 618 962 59 328 945 334 250 762 835 662 623 325 355 405 816 184 470 500 104 136 808 163 859 421 
239 538 888 12 623 638 124 160 132 856 487 437 524 663 205 766 38 599 336 673 111 521 95 0 329 917 414 625 11 207 750 980 521 808 307 465 494 556 226 328 570 200 5 276 957 172 460 426 671 915 
720 411 981 952 480 580 397 886 933 984 479 398 827 802 639 852 815 519 294 726 343 934 442 329 0 913 830 430 123 250 758 391 16 734 402 222 484 381 742 643 40 558 136 947 136 816 868 335 172 144 
601 921 329 251 671 889 301 18 71 142 440 965 294 347 855 437 590 988 959 180 861 711 774 917 913 0 291 343 603 68 13 517 333 194 946 807 443 55 198 810 789 599 32 272 331 125 914 722 683 402 
262 273 116 961 961 785 858 966 488 35 360 806 673 912 952 326 285 444 132 631 836 631 618 414 830 291 0 21 818 217 888 504 388 31 147 82 985 566 446 854 898 639 151 705 81 206 902 243 994 852 
62 326 101 924 420 138 450 90 195 440 528 658 690 187 172 355 494 940 585 857 874 276 962 625 430 343 21 0 274 617 534 750 882 256 784 635 628 953 851 515 809 590 898 955 671 882 520 116 735 418 
879 766 578 545 14 594 601 285 451 294 666 985 887 106 642 248 422 146 104 764 843 571 59 11 123 603 818 274 0 754 886 474 187 443 375 429 788 578 54 756 111 155 989 718 939 624 345 243 826 212 
651 779 970 180 303 261 20 238 965 204 572 969 989 496 561 328 807 541 24 87 692 818 328 207 250 68 217 617 754 0 51 416 109 5 438 990 525 554 77 294 659 962 767 845 756 493 625 543 422 678 
155 269 705 801 117 819 439 27 206 663 25 319 371 395 151 481 97 960 545 880 990 150 945 750 758 13 888 534 886 51 0 298 532 833 286 602 123 909 946 365 735 509 416 502 617 772 939 607 648 844 
421 120 468 47 1 432 769 686 251 789 207 100 898 534 812 523 669 963 66 660 929 413 334 980 391 517 504 750 474 416 298 0 35 941 503 996 59 699 103 903 324 645 324 353 294 208 537 579 809 659 
940 789 967 456 355 960 570 909 410 705 718 149 33 788 3 252 817 107 130 504 923 861 250 521 16 333 388 882 187 109 532 35 0 840 106 24 926 615 791 427 231 562 717 189 210 561 223 502 415 570 
24 969 179 199 39 801 841 584 439 80 370 511 760 258 127 247 215 638 534 9 649 491 762 808 734 194 31 256 443 5 833 941 840 0 561 465 672 815 788 668 139 493 961 346 29 892 154 688 731 611 
815 458 886 215 598 202 819 357 218 522 261 242 584 628 924 659 679 35 452 194 785 694 835 307 402 946 147 784 375 438 286 503 106 561 0 63 8 225 853 434 808 766 502 996 327 414 571 829 828 140 
387 119 592 260 294 930 513 116 827 697 20 965 209 818 572 118 73 832 313 308 931 783 662 465 222 807 82 635 429 990 602 996 24 465 63 0 741 645 164 555 784 831 693 276 792 390 305 35 543 344 
184 344 729 167 71 891 419 356 105 874 164 682 76 91 415 659 726 1 534 321 194 139 623 494 484 443 985 628 788 525 123 59 926 672 8 741 0 765 506 406 124 730 610 557 537 727 410 885 54 824 
836 387 585 787 397 751 454 911 153 213 310 659 941 977 137 256 11 234 38 79 92 478 325 556 381 55 566 953 578 554 909 699 615 815 225 645 765 0 455 882 3 946 974 647 109 528 431 940 573 706 
150 169 459 112 848 735 205 29 818 498 764 693 863 113 515 160 848 119 431 345 603 713 355 226 742 198 446 851 54 77 946 103 791 788 853 164 506 455 0 83 962 362 117 857 705 233 362 462 356 443 
106 671 336 22 148 701 916 126 223 190 829 38 95 570 412 333 936 718 604 751 273 685 405 328 643 810 854 515 756 294 365 903 427 668 434 555 406 882 83 0 423 264 332 150 25 216 555 848 670 788 
559 577 205 339 559 949 273 11 144 794 841 335 31 936 598 424 718 883 920 682 788 921 816 570 40 789 898 809 111 659 735 324 231 139 808 784 124 3 962 423 0 203 615 761 849 76 640 279 15 212 
687 280 950 941 706 811 585 800 150 993 143 825 482 862 42 211 298 396 826 616 705 667 184 200 558 599 639 590 155 962 509 645 562 493 766 831 730 946 362 264 203 0 337 449 526 50 917 382 755 501 
640 877 621 344 476 990 402 446 66 54 817 965 998 944 323 708 278 86 689 928 306 957 470 5 136 32 151 898 989 767 416 324 717 961 502 693 610 974 117 332 615 337 0 95 568 208 537 991 823 868 
384 769 294 343 329 817 672 234 733 951 171 357 295 646 169 450 17 842 762 723 755 60 500 276 947 272 705 955 718 845 502 353 189 346 996 276 557 647 857 150 761 449 95 0 492 847 435 398 695 104 
916 250 867 346 486 550 206 968 993 795 418 655 128 110 700 343 960 597 774 729 984 723 104 957 136 331 81 671 939 756 617 294 210 29 327 792 537 109 705 25 849 526 568 492 0 185 897 71 945 97 
845 854 526 988 348 50 672 418 795 50 728 19 960 528 375 947 849 659 347 54 28 614 136 172 816 125 206 882 624 493 772 208 561 892 414 390 727 528 233 216 76 50 208 847 185 0 146 584 728 512 
155 253 151 700 983 50 208 315 340 744 357 739 398 912 675 311 573 153 266 69 484 814 808 460 868 914 902 520 345 625 939 537 223 154 571 305 410 431 362 555 640 917 537 435 897 146 0 148 64 312 
592 891 277 571 419 592 773 584 450 314 325 619 22 219 781 572 311 956 82 994 37 707 163 426 335 722 243 116 243 543 607 579 502 688 829 35 885 940 462 848 279 382 991 398 71 584 148 0 673 113 
3 646 399 246 618 579 555 639 965 532 781 552 359 306 240 557 360 954 301 135 449 994 859 671 172 683 994 735 826 422 648 809 415 731 828 543 54 573 356 670 15 755 823 695 945 728 64 673 0 228 
10 475 169 588 91 284 914 119 230 380 928 913 249 701 509 352 944 847 112 721 477 297 421 915 144 402 852 418 212 678 844 659 570 611 140 344 824 706 443 788 212 501 868 104 97 512 312 113 228 0 
