100
0 405 420 354 973 662 341 688 952 943 68 420 22 499 585 50 71 384 831 552 530 571 299 829 27 943 436 842 984 43 341 294 799 112 1000 772 773 340 811 77 634 230 848 7 729 784 409 151 167 239 702 696 809 352 877 187 646 664 381 629 706 721 275 857 184 274 980 308 965 142 384 950 372 583 956 452 367 364 954 885 602 655 933 762 358 809 949 3 472 329 984 529 401 610 385 584 235 716 891 199 
405 0 858 627 148 581 209 103 384 927 819 337 812 420 343 96 182 700 904 482 54 727 810 37 255 562 998 992 145 232 707 387 430 916 13 929 496 574 384 879 500 202 215 663 973 557 758 506 608 13 339 662 739 148 50 994 61 48 985 205 631 43 944 413 959 956 341 454 529 76 685 381 629 251 395 954 160 153 459 767 517 798 780 256 297 182 249 710 581 585 914 211 627 209 623 937 165 316 743 45 
420 858 0 391 427 777 372 677 172 325 188 676 135 307 192 284 86 799 933 619 399 642 551 983 907 762 962 116 736 898 280 51 992 676 794 418 805 165 447 976 841 634 3 975 292 546 259 378 345 191 348 743 832 899 78 738 12 391 853 99 640 484 502 632 512 295 49 316 811 847 643 651 833 645 625 124 190 235 853 886 777 553 629 608 451 58 698 814 448 902 912 87 738 413 718 601 59 119 916 869 
354 627 391 0 965 558 871 149 554 848 273 95 82 477 981 859 29 961 818 831 18 867 644 465 769 908 551 858 320 621 458 379 739 725 599 55 282 470 556 187 669 180 281 750 656 613 960 685 573 130 867 590 996 511 406 116 418 309 325 89 929 782 819 19 506 418 425 139 239 980 677 907 159 958 8 815 570 320 851 495 449 69 84 796 579 490 264 348 150 588 789 78 370 607 448 227 24 872 718 614 
973 148 427 965 0 852 394 520 362 703 880 528 273 199 730 767 999 799 202 146 729 43 409 429 192 349 217 621 70 823 420 296 199 292 13 812 495 759 684 208 461 563 736 85 113 465 851 463 615 405 608 344 799 369 772 343 717 988 963 786 162 735 433 360 26 798 172 872 556 855 79 16 769 166 101 233 983 303 695 597 59 654 940 858 22 63 200 90 50 514 227 564 248 660 923 625 457 446 848 364 
662 581 777 558 852 0 652 279 379 420 444 831 652 426 134 698 23 544 352 314 401 725 377 600 167 778 466 393 341 713 404 616 338 212 61 185 575 713 815 306 132 259 136 136 36 621 185 58 165 888 724 565 613 452 517 779 229 982 523 922 46 927 537 735 138 597 272 65 309 86 370 793 344 857 280 380 478 464 789 994 352 864 910 316 315 426 446 544 759 320 817 157 246 353 891 736 301 162 800 610 
341 209 372 871 394 652 0 600 169 754 943 377 33 674 854 848 815 847 551 678 757 218 993 534 15 888 645 335 704 801 580 408 43 667 708 557 466 669 156 986 422 450 363 806 124 568 6 290 767 556 967 875 126 311 408 140 550 404 474 253 556 406 12 599 72 720 155 538 388 662 875 810 111 589 967 234 157 972 875 923 880 842 797 5 504 556 144 54 960 970 658 867 375 670 465 446 389 971 335 128 
688 103 677 149 520 279 600 0 632 210 289 743 150 256 328 306 227 203 228 106 396 376 462 899 932 958 304 243 927 962 109 301 631 926 98 371 248 785 498 880 346 787 974 495 42 653 801 620 207 380 78 954 756 539 853 39 496 508 281 422 469 389 74 99 314 524 469 562 308 319 793 5 105 118 499 498 122 651 469 681 31 546 634 138 85 838 176 932 346 456 706 814 196 131 265 862 654 85 775 313 
952 384 172 554 362 379 169 632 0 403 567 317 859 36 168 708 509 818 177 189 200 722 823 337 158 660 864 442 5 319 147 171 515 277 787 376 283 871 150 947 626 68 264 484 455 783 544 963 952 720 504 152 793 326 840 303 337 704 744 694 374 242 864 888 518 650 615 152 872 116 99 497 183 714 333 989 496 228 304 447 947 807 950 91 132 142 745 820 845 488 513 218 729 728 458 599 729 72 102 601 
943 927 325 848 703 420 754 210 403 0 188 200 449 722 913 133 63 760 360 366 207 658 172 508 749 655 649 493 474 845 333 339 63 413 418 872 363 147 943 465 99 482 664 899 556 929 32 618 688 743 983 246 401 506 754 501 160 754 345 985 599 29 675 13 794 93 884 156 239 178 972 689 660 636 587 215 916 970 184 603 713 166 849 113 23 954 965 534 59 661 518 9 690 545 21 483 637 256 638 227 
68 819 188 273 880 444 943 289 567 188 0 434 610 915 445 597 853 659 512 823 194 466 535 711 666 999 733 619 315 266 30 975 135 38 664 679 59 498 667 314 488 893 99 449 159 543 397 12 553 908 186 746 725 72 456 391 422 188 361 736 453 390 710 940 428 726 618 838 575 285 151 62 529 602 510 40 144 906 51 697 165 588 442 890 659 250 632 80 437 992 167 242 382 228 533 161 953 150 998 880 
420 337 676 95 528 831 377 743 317 200 434 0 786 500 941 315 101 803 354 245 708 756 293 225 695 734 466 353 335 97 784 124 440 950 365 173 177 897 333 482 398 682 361 184 182 653 850 634 455 555 230 515 662 522 739 356 608 204 60 942 652 843 65 91 144 781 264 672 29 948 505 427 630 865 962 163 870 163 796 324 69 378 190 730 899 928 85 506 483 144 800 486 338 864 577 833 645 192 504 25 
22 812 135 82 273 652 33 150 859 449 610 786 0 139 9 803 120 225 116 282 94 278 430 770 346 807 959 427 57 239 511 915 73 6 714 559 695 577 487 527 573 678 383 950 168 391 752 288 967 868 921 61 497 702 182 195 508 140 621 565 730 484 831 803 841 544 713 888 472 199 766 397 228 148 346 395 890 97 34 857 316 307 269 165 8 450 711 868 941 683 784 23 166 614 825 359 157 537 598 628 
499 420 307 477 199 426 674 256 36 722 915 500 139 0 87 363 24 314 863 369 60 752 818 446 960 485 752 228 649 759 29 359 626 322 42 761 344 559 374 520 269 530 408 866 510 494 581 533 159 443 254 218 194 423 663 154 907 766 733 908 525 114 266 502 435 659 263 778 570 988 649 190 518 56 56 27 901 988 911 59 430 164 276 623 586 291 128 845 56 213 752 932 326 369 786 760 28 400 889 949 
585 343 192 981 730 134 854 328 168 913 445 941 9 87 0 387 889 138 256 944 545 634 844 532 545 902 313 60 529 288 998 171 767 842 579 979 593 862 304 961 647 415 340 398 655 640 137 543 130 392 486 674 26 681 558 922 934 222 981 815 509 978 985 276 171 915 254 763 777 910 76 775 676 767 173 331 407 309 873 536 52 711 561 429 743 470 350 677 692 683 491 552 660 827 827 183 742 433 945 870 
50 96 284 859 767 698 848 306 708 133 597 315 803 363 387 0 694 372 644 369 139 168 699 545 828 924 432 880 634 344 308 376 814 10 404 857 692 894 408 703 73 587 885 166 371 182 35 64 553 678 432 43 846 483 939 25 406 370 904 391 714 564 118 879 573 522 735 616 767 494 318 191 432 203 356 802 736 390 865 288 420 649 331 265 131 269 641 888 991 545 630 704 460 747 934 384 620 668 999 387 
71 182 86 29 999 23 815 227 509 63 853 101 120 24 889 694 0 513 316 577 945 870 933 746 605 674 963 245 93 963 927 709 445 195 350 332 537 246 961 592 705 59 525 88 679 544 438 417 57 105 345 353 975 629 450 931 303 412 175 395 374 101 456 818 648 805 501 184 50 813 128 106 224 652 193 902 196 982 318 604 86 662 308 412 291 757 343 945 169 869 339 894 322 146 64 321 950 916 856 351 
384 700 799 961 799 544 847 203 818 760 659 803 225 314 138 372 513 0 81 983 456 304 635 1000 205 182 981 874 137 67 887 444 478 529 552 172 473 72 41 164 966 714 309 381 34 611 648 889 961 728 224 417 31 210 416 587 743 397 460 879 815 699 674 644 227 225 816 52 649 856 215 614 921 875 346 954 485 993 194 446 721 417 214 751 626 981 338 368 729 149 598 543 847 623 187 426 200 2 477 848 
831 904 933 818 202 352 551 228 177 360 512 354 116 863 256 644 316 81 0 209 43 813 129 917 158 434 754 502 627 551 222 396 764 325 373 744 14 93 473 514 690 367 361 665 553 786 864 906 614 711 114 656 875 594 572 384 379 325 885 358 227 459 753 990 783 477 86 148 569 910 661 259 276 373 923 829 510 138 86 123 200 552 130 74 497 702 457 876 378 341 233 605 799 337 946 933 813 31 432 382 
552 482 619 831 146 314 678 106 189 366 823 245 282 369 944 369 577 983 209 0 940 93 992 568 817 266 748 327 755 833 801 954 384 931 27 881 984 835 756 361 527 340 317 678 28 615 610 192 645 394 925 937 486 916 856 654 533 603 980 287 435 133 240 819 63 618 51 398 804 158 110 331 849 427 8 876 41 969 67 37 362 992 325 847 259 180 853 144 782 832 430 569 316 22 387 730 991 789 127 795 
530 54 399 18 729 401 757 396 200 207 194 708 94 60 545 139 945 456 43 940 0 946 237 125 794 663 132 21 55 452 87 443 814 430 768 12 41 299 864 184 433 48 613 1 363 986 739 93 977 527 219 123 472 807 247 617 821 730 637 875 181 75 670 994 505 789 358 545 87 221 728 519 268 692 871 983 30 609 427 358 135 997 480 958 804 726 574 624 807 562 851 339 637 520 685 493 308 42 389 746 
571 727 642 867 43 725 218 376 722 658 466 756 278 752 634 168 870 304 813 93 946 0 262 468 617 882 159 487 864 540 96 642 897 230 638 376 540 441 453 465 65 259 27 267 598 15 786 282 859 445 675 247 190 936 714 806 169 872 293 384 764 740 25 660 321 663 36 860 103 488 325 519 99 703 785 48 717 922 681 575 366 355 173 556 290 886 713 811 109 357 194 872 96 219 532 417 881 567 276 335 
299 810 551 644 409 377 993 462 823 172 535 293 430 818 844 699 933 635 129 992 237 262 0 406 952 206 504 654 342 903 722 264 583 648 629 937 820 536 579 705 249 389 814 605 582 37 53 152 568 469 384 486 96 719 892 400 276 747 53 617 2 127 232 584 774 213 873 946 748 451 2 348 191 167 305 124 204 357 276 771 825 659 257 272 729 500 671 4 598 76 973 599 202 556 535 327 768 407 272 516 
829 37 983 465 429 600 534 899 337 508 711 225 770 446 532 545 746 1000 917 568 125 468 406 0 209 626 215 399 792 519 522 995 875 149 766 51 808 374 675 888 225 345 244 174 772 568 773 973 123 659 652 891 65 275 758 273 900 972 23 692 843 544 686 717 693 803 120 852 528 794 91 752 138 334 926 910 901 50 234 376 708 885 266 772 512 375 396 411 698 418 454 540 313 492 609 357 294 728 208 822 
27 255 907 769 192 167 15 932 158 749 666 695 346 960 545 828 605 205 158 817 794 617 952 209 0 521 299 925 658 984 850 919 237 251 505 612 958 389 229 81 252 603 828 663 652 245 468 192 910 959 800 266 253 879 826 426 399 476 350 408 459 552 327 695 802 831 658 112 571 886 192 175 840 372 837 492 616 304 683 525 615 834 143 867 712 968 644 110 443 993 869 901 896 195 948 50 377 605 161 300 
943 562 762 908 349 778 888 958 660 655 999 734 807 485 902 924 674 182 434 266 663 882 206 626 521 0 491 704 474 330 75 662 173 43 317 207 919 931 40 61 149 103 28 792 564 470 137 433 723 32 979 670 81 708 626 593 359 468 297 184 150 723 845 322 765 513 529 36 444 920 96 944 23 124 736 938 945 872 722 667 255 53 688 688 760 314 280 470 781 928 653 930 3 849 252 767 361 132 802 156 
436 998 962 551 217 466 645 304 864 649 733 466 959 752 313 432 963 981 754 748 132 159 504 215 299 491 0 51 250 100 425 725 835 363 669 58 436 688 312 488 375 351 247 688 983 716 821 910 720 750 264 568 353 31 929 484 184 84 887 785 535 311 509 369 25 530 778 461 217 90 948 943 792 547 631 774 614 803 36 334 904 299 253 257 681 533 92 217 969 978 1 503 641 862 872 665 391 649 477 607 
842 992 116 858 621 393 335 243 442 493 619 353 427 228 60 880 245 874 502 327 21 487 654 399 925 704 51 0 90 777 549 234 323 531 7 288 685 394 973 589 45 226 197 725 758 288 293 726 618 294 581 258 507 804 274 897 804 751 855 246 879 755 479 201 638 837 840 322 231 813 910 275 390 106 351 499 746 644 577 363 289 157 972 795 960 597 691 763 699 545 8 577 651 486 129 288 675 969 610 905 
984 145 736 320 70 341 704 927 5 474 315 335 57 649 529 634 93 137 627 755 55 864 342 792 658 474 250 90 0 133 519 531 522 977 881 372 722 524 948 436 812 104 759 606 415 355 648 530 54 544 537 630 195 375 111 482 49 79 91 305 563 962 835 84 938 715 807 11 239 755 798 402 210 556 360 977 262 7 506 315 551 42 297 745 768 759 226 168 837 669 472 751 630 658 834 919 373 992 281 963 
43 232 898 621 823 713 801 962 319 845 266 97 239 759 288 344 963 67 551 833 452 540 903 519 984 330 100 777 133 0 746 78 364 308 985 723 284 246 730 789 913 632 182 561 376 302 319 953 469 507 621 293 257 602 950 442 520 674 433 152 636 531 229 352 838 565 74 473 163 155 261 75 138 794 987 865 447 305 818 916 163 790 560 419 744 861 860 615 535 644 767 522 174 347 873 363 912 299 835 74 
341 707 280 458 420 404 580 109 147 333 30 784 511 29 998 308 927 887 222 801 87 96 722 522 850 75 425 549 519 746 0 805 447 500 943 593 486 159 39 142 976 306 304 118 865 74 861 78 285 475 964 928 593 485 454 940 710 816 203 360 3 628 164 449 127 458 41 964 617 432 457 944 737 760 413 954 185 273 31 469 100 994 396 692 830 849 631 891 17 185 250 19 812 766 819 938 575 212 253 543 
294 387 51 379 296 616 408 301 171 339 975 124 915 359 171 376 709 444 396 954 443 642 264 995 919 662 725 234 531 78 805 0 643 709 839 379 820 251 332 4 524 714 472 975 59 220 666 889 420 649 131 436 833 381 806 645 498 625 934 424 836 539 967 478 599 805 208 419 55 540 774 930 253 598 904 664 817 922 552 236 922 682 24 754 414 829 750 263 805 36 687 992 926 653 821 524 809 29 942 215 
799 430 992 739 199 338 43 631 515 63 135 440 73 626 767 814 445 478 764 384 814 897 583 875 237 173 835 323 522 364 447 643 0 920 716 497 524 313 752 187 481 673 90 68 594 124 91 700 537 272 801 152 428 188 838 420 113 842 240 637 2 620 930 216 539 997 712 63 661 464 601 141 488 691 209 434 814 651 485 702 274 285 853 702 473 42 121 937 883 712 573 236 332 503 452 222 499 515 636 160 
112 916 676 725 292 212 667 926 277 413 38 950 6 322 842 10 195 529 325 931 430 230 648 149 251 43 363 531 977 308 500 709 920 0 330 237 652 170 279 212 603 92 863 87 145 136 723 350 189 547 391 309 484 626 373 408 861 56 262 664 277 113 531 913 624 212 501 275 381 779 487 983 222 349 421 718 836 144 67 25 42 810 685 877 787 57 285 999 464 546 15 741 658 545 5 633 756 505 908 137 
1000 13 794 599 13 61 708 98 787 418 664 365 714 42 579 404 350 552 373 27 768 638 629 766 505 317 669 7 881 985 943 839 716 330 0 635 394 471 856 94 892 925 281 387 992 657 780 153 342 657 939 750 941 937 214 838 951 306 848 847 310 480 603 166 739 91 800 132 561 7 577 804 931 210 542 274 866 322 426 559 978 364 661 270 653 226 459 955 531 658 802 192 138 756 357 876 846 508 360 758 
772 929 418 55 812 185 557 371 376 872 679 173 559 761 979 857 332 172 744 881 12 376 937 51 612 207 58 288 372 723 593 379 497 237 635 0 514 288 914 796 497 455 70 363 128 847 921 457 563 933 78 215 158 537 169 688 194 322 879 683 77 235 911 274 94 270 384 607 909 297 403 406 103 824 120 231 670 392 39 232 325 117 798 482 5 319 170 198 640 400 233 69 987 143 342 80 764 725 39 672 
773 496 805 282 495 575 466 248 283 363 59 177 695 344 593 692 537 473 14 984 41 540 820 808 958 919 436 685 722 284 486 820 524 652 394 514 0 373 793 429 476 616 548 58 637 940 448 221 616 564 370 97 920 688 618 470 680 370 702 100 356 196 793 787 959 870 825 982 242 617 411 69 584 958 478 221 249 926 793 864 841 162 961 761 202 930 582 233 299 283 332 654 830 124 793 788 993 617 769 587 
340 574 165 470 759 713 669 785 871 147 498 897 577 559 862 894 246 72 93 835 299 441 536 374 389 931 688 394 524 246 159 251 313 170 471 288 373 0 234 179 655 169 489 133 741 737 410 533 601 250 47 913 362 600 842 943 832 141 577 515 146 406 638 938 545 983 555 314 569 140 844 575 660 332 59 401 421 468 285 21 70 683 285 783 282 126 726 465 618 654 979 764 60 969 53 604 303 607 269 223 
811 384 447 556 684 815 156 498 150 943 667 333 487 374 304 408 961 41 473 756 864 453 579 675 229 40 312 973 948 730 39 332 752 279 856 914 793 234 0 98 465 797 110 148 208 510 568 675 146 940 96 829 224 879 462 702 956 927 319 609 257 434 20 577 487 976 879 445 244 101 543 60 898 4 560 105 513 127 131 658 419 227 838 994 457 300 695 412 578 366 20 186 799 392 763 285 367 641 730 962 
77 879 976 187 208 306 986 880 947 465 314 482 527 520 961 703 592 164 514 361 184 465 705 888 81 61 488 589 436 789 142 4 187 212 94 796 429 179 98 0 742 624 22 991 627 581 447 491 59 577 500 829 155 338 823 611 989 869 374 918 234 394 103 33 137 865 669 503 858 398 464 951 373 837 941 999 417 387 489 828 315 341 656 470 678 830 432 18 699 806 935 284 551 389 668 687 606 337 541 463 
634 500 841 669 461 132 422 346 626 99 488 398 573 269 647 73 705 966 690 527 433 65 249 225 252 149 375 45 812 913 976 524 481 603 892 497 476 655 465 742 0 86 4 413 459 841 705 809 609 443 650 436 757 990 444 578 19 273 362 36 323 519 322 607 69 710 274 107 667 962 647 481 48 2 245 858 194 949 18 803 391 667 590 500 8 385 77 26 658 438 413 980 956 734 938 376 796 564 834 462 
230 202 634 180 563 259 450 787 68 482 893 682 678 530 415 587 59 714 367 340 48 259 389 345 603 103 351 226 104 632 306 714 673 92 925 455 616 169 797 624 86 0 525 832 295 924 834 539 781 27 488 799 181 230 817 123 729 825 507 806 850 164 595 263 496 903 348 785 278 143 348 464 957 873 295 251 796 480 789 929 859 628 79 39 858 895 161 586 719 20 743 569 535 338 183 382 592 530 167 221 
848 215 3 281 736 136 363 974 264 664 99 361 383 408 340 885 525 309 361 317 613 27 814 244 828 28 247 197 759 182 304 472 90 863 281 70 548 489 110 22 4 525 0 25 514 684 981 738 331 583 886 810 723 814 668 351 892 59 560 138 571 497 857 590 240 777 125 929 959 506 520 840 24 92 864 890 776 196 627 106 130 864 915 205 677 935 555 920 345 466 58 915 962 266 857 553 42 333 481 352 
7 663 975 750 85 136 806 495 484 899 449 184 950 866 398 166 88 381 665 678 1 267 605 174 663 792 688 725 606 561 118 975 68 87 387 363 58 133 148 991 413 832 25 0 190 352 543 214 444 407 103 571 954 81 676 436 945 942 640 973 228 546 245 572 11 302 839 324 919 695 877 960 27 709 663 216 413 205 781 208 963 883 778 269 316 805 704 260 746 343 232 326 240 476 897 250 129 87 573 47 
729 973 292 656 113 36 124 42 455 556 159 182 168 510 655 371 679 34 553 28 363 598 582 772 652 564 983 758 415 376 865 59 594 145 992 128 637 741 208 627 459 295 514 190 0 781 449 358 159 510 372 727 922 577 507 129 539 742 906 159 57 710 862 668 807 556 899 484 795 727 733 396 207 819 969 606 952 769 315 110 278 687 188 551 263 47 679 153 788 936 312 196 997 525 863 156 81 113 639 227 
784 557 546 613 465 621 568 653 783 929 543 653 391 494 640 182 544 611 786 615 986 15 37 568 245 470 716 288 355 302 74 220 124 136 657 847 940 737 510 581 841 924 684 352 781 0 191 371 623 398 190 591 355 493 711 669 954 341 355 142 891 969 188 922 474 327 209 137 522 206 661 736 713 93 200 351 320 391 722 942 140 263 884 494 755 946 514 708 286 869 201 529 189 740 802 662 66 362 150 939 
409 758 259 960 851 185 6 801 544 32 397 850 752 581 137 35 438 648 864 610 739 786 53 773 468 137 821 293 648 319 861 666 91 723 780 921 448 410 568 447 705 834 981 543 449 191 0 567 811 26 279 255 226 982 574 968 55 867 107 317 102 952 423 48 465 482 685 685 683 565 874 422 718 887 840 80 37 130 646 199 156 277 453 733 610 27 700 664 245 806 980 347 757 754 746 573 235 430 258 269 
151 506 378 685 463 58 290 620 963 618 12 634 288 533 543 64 417 889 906 192 93 282 152 973 192 433 910 726 530 953 78 889 700 350 153 457 221 533 675 491 809 539 738 214 358 371 567 0 347 131 43 64 369 234 143 405 363 141 603 870 417 408 602 26 786 653 689 30 458 20 728 566 125 473 491 711 255 748 980 601 230 374 664 598 607 807 355 321 947 309 543 715 716 144 92 501 149 132 883 606 
167 608 345 573 615 165 767 207 952 688 553 455 967 159 130 553 57 961 614 645 977 859 568 123 910 723 720 618 54 469 285 420 537 189 342 563 616 601 146 59 609 781 331 444 159 623 811 347 0 503 610 524 627 83 366 337 689 113 668 289 694 41 952 291 999 110 997 672 408 306 214 474 373 709 565 226 857 48 108 815 550 69 690 528 503 55 217 191 519 884 831 212 277 135 502 627 244 851 298 4 
239 13 191 130 405 888 556 380 720 743 908 555 868 443 392 678 105 728 711 394 527 445 469 659 959 32 750 294 544 507 475 649 272 547 657 933 564 250 940 577 443 27 583 407 510 398 26 131 503 0 508 863 477 880 572 394 457 780 441 916 594 343 985 635 870 839 689 438 30 207 674 860 418 950 994 272 928 590 122 578 593 629 440 421 860 363 814 317 143 607 232 88 301 216 723 522 55 763 960 436 
702 339 348 867 608 724 967 78 504 983 186 230 921 254 486 432 345 224 114 925 219 675 384 652 800 979 264 581 537 621 964 131 801 391 939 78 370 47 96 500 650 488 886 103 372 190 279 43 610 508 0 970 633 647 739 934 993 10 861 582 131 438 526 111 230 298 971 944 112 287 438 70 870 526 370 86 600 891 492 362 850 279 683 834 925 422 767 917 431 628 850 914 417 727 24 998 25 346 942 488 
696 662 743 590 344 565 875 954 152 246 746 515 61 218 674 43 353 417 656 937 123 247 486 891 266 670 568 258 630 293 928 436 152 309 750 215 97 913 829 829 436 799 810 571 727 591 255 64 524 863 970 0 632 379 557 502 256 278 939 207 168 782 921 370 60 603 203 336 24 970 605 807 949 454 72 365 533 95 715 557 793 656 44 424 386 952 277 994 229 567 200 748 348 472 117 759 75 320 447 450 
809 739 832 996 799 613 126 756 793 401 725 662 497 194 26 846 975 31 875 486 472 190 96 65 253 81 353 507 195 257 593 833 428 484 941 158 920 362 224 155 757 181 723 954 922 355 226 369 627 477 633 632 0 641 51 608 589 856 679 305 388 126 19 296 918 26 339 341 412 642 970 405 222 888 956 970 588 428 438 346 854 109 144 303 749 546 911 689 402 589 994 141 714 364 437 983 390 127 676 801 
352 148 899 511 369 452 311 539 326 506 72 522 702 423 681 483 629 210 594 916 807 936 719 275 879 708 31 804 375 602 485 381 188 626 937 537 688 600 879 338 990 230 814 81 577 493 982 234 83 880 647 379 641 0 769 645 557 342 532 864 311 119 291 749 817 496 209 312 799 958 858 61 646 259 1 991 751 67 355 187 49 744 666 724 896 786 720 452 127 604 315 438 74 958 538 890 805 746 554 603 
877 50 78 406 772 517 408 853 840 754 456 739 182 663 558 939 450 416 572 856 247 714 892 758 826 626 929 274 111 950 454 806 838 373 214 169 618 842 462 823 444 817 668 676 507 711 574 143 366 572 739 557 51 769 0 55 411 15 53 21 368 43 771 434 749 958 834 844 623 910 739 408 629 542 886 232 209 675 306 518 212 547 322 310 100 277 364 862 291 768 882 658 163 653 443 263 962 277 107 936 
187 994 738 116 343 779 140 39 303 501 391 356 195 154 922 25 931 587 384 654 617 806 400 273 426 593 484 897 482 442 940 645 420 408 838 688 470 943 702 611 578 123 351 436 129 669 968 405 337 394 934 502 608 645 55 0 186 197 695 166 739 580 750 299 255 55 168 818 953 489 479 405 765 195 266 408 962 500 417 124 504 212 387 465 840 845 752 377 41 446 542 131 377 291 781 983 697 948 801 2 
646 61 12 418 717 229 550 496 337 160 422 608 508 907 934 406 303 743 379 533 821 169 276 900 399 359 184 804 49 520 710 498 113 861 951 194 680 832 956 989 19 729 892 945 539 954 55 363 689 457 993 256 589 557 411 186 0 437 279 758 553 473 375 312 787 874 729 910 377 292 648 193 131 492 944 507 885 741 400 367 118 43 148 100 91 95 252 92 531 531 849 436 355 224 747 141 449 827 403 826 
664 48 391 309 988 982 404 508 704 754 188 204 140 766 222 370 412 397 325 603 730 872 747 972 476 468 84 751 79 674 816 625 842 56 306 322 370 141 927 869 273 825 59 942 742 341 867 141 113 780 10 278 856 342 15 197 437 0 118 402 18 248 246 314 106 130 54 858 496 523 900 995 623 990 90 874 434 972 756 282 407 463 857 154 955 306 980 709 483 450 111 852 697 708 165 155 189 219 12 36 
381 985 853 325 963 523 474 281 744 345 361 60 621 733 981 904 175 460 885 980 637 293 53 23 350 297 887 855 91 433 203 934 240 262 848 879 702 577 319 374 362 507 560 640 906 355 107 603 668 441 861 939 679 532 53 695 279 118 0 741 263 31 715 252 120 941 37 91 48 319 850 862 527 3 817 832 334 877 666 783 987 518 832 46 682 338 234 252 349 270 345 963 300 59 566 771 351 603 213 399 
629 205 99 89 786 922 253 422 694 985 736 942 565 908 815 391 395 879 358 287 875 384 617 692 408 184 785 246 305 152 360 424 637 664 847 683 100 515 609 918 36 806 138 973 159 142 317 870 289 916 582 207 305 864 21 166 758 402 741 0 273 62 612 799 416 428 983 750 305 648 884 643 165 715 689 199 404 274 450 752 543 794 66 194 205 632 316 555 234 529 305 858 590 269 656 6 696 990 107 352 
706 631 640 929 162 46 556 469 374 599 453 652 730 525 509 714 374 815 227 435 181 764 2 843 459 150 535 879 563 636 3 836 2 277 310 77 356 146 257 234 323 850 571 228 57 891 102 417 694 594 131 168 388 311 368 739 553 18 263 273 0 638 990 347 154 57 387 352 460 660 154 564 555 947 629 100 503 612 416 410 197 944 66 54 885 334 62 242 382 51 700 733 40 690 431 546 98 817 897 557 
721 43 484 782 735 927 406 389 242 29 390 843 484 114 978 564 101 699 459 133 75 740 127 544 552 723 311 755 962 531 628 539 620 113 480 235 196 406 434 394 519 164 497 546 710 969 952 408 41 343 438 782 126 119 43 580 473 248 31 62 638 0 829 402 472 383 701 101 834 203 64 249 612 261 544 30 314 429 363 727 22 744 778 722 829 169 763 259 714 860 428 963 768 256 364 240 990 64 692 823 
275 944 502 819 433 537 12 74 864 675 710 65 831 266 985 118 456 674 753 240 670 25 232 686 327 845 509 479 835 229 164 967 930 531 603 911 793 638 20 103 322 595 857 245 862 188 423 602 952 985 526 921 19 291 771 750 375 246 715 612 990 829 0 619 755 424 230 15 967 259 681 747 974 407 769 717 536 842 545 705 604 156 770 815 583 732 582 190 96 821 531 511 864 705 129 619 128 711 985 95 
857 413 632 19 360 735 599 99 888 13 940 91 803 502 276 879 818 644 990 819 994 660 584 717 695 322 369 201 84 352 449 478 216 913 166 274 787 938 577 33 607 263 590 572 668 922 48 26 291 635 111 370 296 749 434 299 312 314 252 799 347 402 619 0 321 17 841 294 776 961 363 311 154 259 367 757 414 137 571 348 868 505 537 315 677 419 178 541 124 306 511 251 368 495 697 41 512 538 686 639 
184 959 512 506 26 138 72 314 518 794 428 144 841 435 171 573 648 227 783 63 505 321 774 693 802 765 25 638 938 838 127 599 539 624 739 94 959 545 487 137 69 496 240 11 807 474 465 786 999 870 230 60 918 817 749 255 787 106 120 416 154 472 755 321 0 850 48 949 4 307 668 112 72 804 35 420 23 539 308 690 567 727 867 107 850 524 617 452 244 464 149 284 327 38 969 965 887 17 913 242 
274 956 295 418 798 597 720 524 650 93 726 781 544 659 915 522 805 225 477 618 789 663 213 803 831 513 530 837 715 565 458 805 997 212 91 270 870 983 976 865 710 903 777 302 556 327 482 653 110 839 298 603 26 496 958 55 874 130 941 428 57 383 424 17 850 0 675 932 354 746 735 388 517 110 278 825 799 844 551 665 303 752 540 919 203 783 734 703 66 60 740 387 24 627 403 289 868 429 220 573 
980 341 49 425 172 272 155 469 615 884 618 264 713 263 254 735 501 816 86 51 358 36 873 120 658 529 778 840 807 74 41 208 712 501 800 384 825 555 879 669 274 348 125 839 899 209 685 689 997 689 971 203 339 209 834 168 729 54 37 983 387 701 230 841 48 675 0 174 307 312 691 416 941 867 214 785 769 230 439 872 769 709 426 904 443 129 969 502 868 707 878 846 109 166 66 889 737 638 415 43 
308 454 316 139 872 65 538 562 152 156 838 672 888 778 763 616 184 52 148 398 545 860 946 852 112 36 461 322 11 473 964 419 63 275 132 607 982 314 445 503 107 785 929 324 484 137 685 30 672 438 944 336 341 312 844 818 910 858 91 750 352 101 15 294 949 932 174 0 302 105 458 242 323 23 378 91 252 816 962 373 525 387 276 319 867 596 820 735 303 697 580 763 214 645 652 951 635 66 993 936 
965 529 811 239 556 309 388 308 872 239 575 29 472 570 777 767 50 649 569 804 87 103 748 528 571 444 217 231 239 163 617 55 661 381 561 909 242 569 244 858 667 278 959 919 795 522 683 458 408 30 112 24 412 799 623 953 377 496 48 305 460 834 967 776 4 354 307 302 0 522 803 177 844 825 907 286 429 722 599 801 598 337 428 916 204 23 88 290 677 136 221 440 702 866 443 652 852 508 996 139 
142 76 847 980 855 86 662 319 116 178 285 948 199 988 910 494 813 856 910 158 221 488 451 794 886 920 90 813 755 155 432 540 464 779 7 297 617 140 101 398 962 143 506 695 727 206 565 20 306 207 287 970 642 958 910 489 292 523 319 648 660 203 259 961 307 746 312 105 522 0 381 798 667 576 623 573 861 403 647 811 203 244 499 630 512 702 4 951 343 681 86 564 120 787 781 914 790 632 421 786 
384 685 643 677 79 370 875 793 99 972 151 505 766 649 76 318 128 215 661 110 728 325 2 91 192 96 948 910 798 261 457 774 601 487 577 403 411 844 543 464 647 348 520 877 733 661 874 728 214 674 438 605 970 858 739 479 648 900 850 884 154 64 681 363 668 735 691 458 803 381 0 770 153 583 436 728 557 361 940 311 7 750 513 602 600 494 113 654 498 63 996 178 501 559 649 287 339 562 429 322 
950 381 651 907 16 793 810 5 497 689 62 427 397 190 775 191 106 614 259 331 519 519 348 752 175 944 943 275 402 75 944 930 141 983 804 406 69 575 60 951 481 464 840 960 396 736 422 566 474 860 70 807 405 61 408 405 193 995 862 643 564 249 747 311 112 388 416 242 177 798 770 0 334 214 443 486 148 879 565 57 591 504 367 597 605 232 198 204 725 663 857 222 725 205 751 577 763 399 216 454 
372 629 833 159 769 344 111 105 183 660 529 630 228 518 676 432 224 921 276 849 268 99 191 138 840 23 792 390 210 138 737 253 488 222 931 103 584 660 898 373 48 957 24 27 207 713 718 125 373 418 870 949 222 646 629 765 131 623 527 165 555 612 974 154 72 517 941 323 844 667 153 334 0 312 644 127 645 857 570 482 356 800 46 764 390 901 131 986 505 362 535 61 438 197 269 660 274 473 410 850 
583 251 645 958 166 857 589 118 714 636 602 865 148 56 767 203 652 875 373 427 692 703 167 334 372 124 547 106 556 794 760 598 691 349 210 824 958 332 4 837 2 873 92 709 819 93 887 473 709 950 526 454 888 259 542 195 492 990 3 715 947 261 407 259 804 110 867 23 825 576 583 214 312 0 588 161 65 41 472 708 519 469 916 88 302 272 887 348 35 276 248 517 613 105 230 148 165 668 696 785 
956 395 625 8 101 280 967 499 333 587 510 962 346 56 173 356 193 346 923 8 871 785 305 926 837 736 631 351 360 987 413 904 209 421 542 120 478 59 560 941 245 295 864 663 969 200 840 491 565 994 370 72 956 1 886 266 944 90 817 689 629 544 769 367 35 278 214 378 907 623 436 443 644 588 0 679 969 258 88 819 845 600 883 237 424 591 755 892 506 843 193 129 81 892 516 709 492 32 321 948 
452 954 124 815 233 380 234 498 989 215 40 163 395 27 331 802 902 954 829 876 983 48 124 910 492 938 774 499 977 865 954 664 434 718 274 231 221 401 105 999 858 251 890 216 606 351 80 711 226 272 86 365 970 991 232 408 507 874 832 199 100 30 717 757 420 825 785 91 286 573 728 486 127 161 679 0 614 820 464 281 516 248 959 484 505 398 654 349 350 537 937 773 479 692 664 336 886 208 465 966 
367 160 190 570 983 478 157 122 496 916 144 870 890 901 407 736 196 485 510 41 30 717 204 901 616 945 614 746 262 447 185 817 814 836 866 670 249 421 513 417 194 796 776 413 952 320 37 255 857 928 600 533 588 751 209 962 885 434 334 404 503 314 536 414 23 799 769 252 429 861 557 148 645 65 969 614 0 452 332 674 295 715 347 242 328 518 705 608 33 952 918 869 457 668 522 157 17 410 94 789 
364 153 235 320 303 464 972 651 228 970 906 163 97 988 309 390 982 993 138 969 609 922 357 50 304 872 803 644 7 305 273 922 651 144 322 392 926 468 127 387 949 480 196 205 769 391 130 748 48 590 891 95 428 67 675 500 741 972 877 274 612 429 842 137 539 844 230 816 722 403 361 879 857 41 258 820 452 0 888 137 804 224 374 363 40 339 814 371 365 108 85 63 349 765 580 405 372 965 357 642 
954 459 853 851 695 789 875 469 304 184 51 796 34 911 873 865 318 194 86 67 427 681 276 234 683 722 36 577 506 818 31 552 485 67 426 39 793 285 131 489 18 789 627 781 315 722 646 980 108 122 492 715 438 355 306 417 400 756 666 450 416 363 545 571 308 551 439 962 599 647 940 565 570 472 88 464 332 888 0 185 165 309 706 321 325 116 766 465 355 254 268 578 627 630 969 318 796 339 34 255 
885 767 886 495 597 994 923 681 447 603 697 324 857 59 536 288 604 446 123 37 358 575 771 376 525 667 334 363 315 916 469 236 702 25 559 232 864 21 658 828 803 929 106 208 110 942 199 601 815 578 362 557 346 187 518 124 367 282 783 752 410 727 705 348 690 665 872 373 801 811 311 57 482 708 819 281 674 137 185 0 776 96 604 540 27 8 263 991 716 256 175 880 564 233 553 240 700 670 56 54 
602 517 777 449 59 352 880 31 947 713 165 69 316 430 52 420 86 721 200 362 135 366 825 708 615 255 904 289 551 163 100 922 274 42 978 325 841 70 419 315 391 859 130 963 278 140 156 230 550 593 850 793 854 49 212 504 118 407 987 543 197 22 604 868 567 303 769 525 598 203 7 591 356 519 845 516 295 804 165 776 0 924 323 984 902 305 952 219 100 643 252 354 770 699 309 309 726 669 923 68 
655 798 553 69 654 864 842 546 807 166 588 378 307 164 711 649 662 417 552 992 997 355 659 885 834 53 299 157 42 790 994 682 285 810 364 117 162 683 227 341 667 628 864 883 687 263 277 374 69 629 279 656 109 744 547 212 43 463 518 794 944 744 156 505 727 752 709 387 337 244 750 504 800 469 600 248 715 224 309 96 924 0 736 179 595 616 94 827 520 686 526 189 741 931 464 416 914 366 720 218 
933 780 629 84 940 910 797 634 950 849 442 190 269 276 561 331 308 214 130 325 480 173 257 266 143 688 253 972 297 560 396 24 853 685 661 798 961 285 838 656 590 79 915 778 188 884 453 664 690 440 683 44 144 666 322 387 148 857 832 66 66 778 770 537 867 540 426 276 428 499 513 367 46 916 883 959 347 374 706 604 323 736 0 936 171 212 540 876 981 590 537 289 667 557 563 735 292 93 329 259 
762 256 608 796 858 316 5 138 91 113 890 730 165 623 429 265 412 751 74 847 958 556 272 772 867 688 257 795 745 419 692 754 702 877 270 482 761 783 994 470 500 39 205 269 551 494 733 598 528 421 834 424 303 724 310 465 100 154 46 194 54 722 815 315 107 919 904 319 916 630 602 597 764 88 237 484 242 363 321 540 984 179 936 0 187 507 778 224 384 319 316 666 134 731 932 499 802 149 787 324 
358 297 451 579 22 315 504 85 132 23 659 899 8 586 743 131 291 626 497 259 804 290 729 512 712 760 681 960 768 744 830 414 473 787 653 5 202 282 457 678 8 858 677 316 263 755 610 607 503 860 925 386 749 896 100 840 91 955 682 205 885 829 583 677 850 203 443 867 204 512 600 605 390 302 424 505 328 40 325 27 902 595 171 187 0 360 678 552 340 267 88 980 934 996 894 20 287 987 700 546 
809 182 58 490 63 426 556 838 142 954 250 928 450 291 470 269 757 981 702 180 726 886 500 375 968 314 533 597 759 861 849 829 42 57 226 319 930 126 300 830 385 895 935 805 47 946 27 807 55 363 422 952 546 786 277 845 95 306 338 632 334 169 732 419 524 783 129 596 23 702 494 232 901 272 591 398 518 339 116 8 305 616 212 507 360 0 525 206 675 748 941 993 415 606 127 498 537 977 299 37 
949 249 698 264 200 446 144 176 745 965 632 85 711 128 350 641 343 338 457 853 574 713 671 396 644 280 92 691 226 860 631 750 121 285 459 170 582 726 695 432 77 161 555 704 679 514 700 355 217 814 767 277 911 720 364 752 252 980 234 316 62 763 582 178 617 734 969 820 88 4 113 198 131 887 755 654 705 814 766 263 952 94 540 778 678 525 0 115 975 748 792 526 439 411 965 770 696 960 664 715 
3 710 814 348 90 544 54 932 820 534 80 506 868 845 677 888 945 368 876 144 624 811 4 411 110 470 217 763 168 615 891 263 937 999 955 198 233 465 412 18 26 586 920 260 153 708 664 321 191 317 917 994 689 452 862 377 92 709 252 555 242 259 190 541 452 703 502 735 290 951 654 204 986 348 892 349 608 371 465 991 219 827 876 224 552 206 115 0 246 650 766 143 526 323 818 625 263 162 39 220 
472 581 448 150 50 759 960 346 845 59 437 483 941 56 692 991 169 729 378 782 807 109 598 698 443 781 969 699 837 535 17 805 883 464 531 640 299 618 578 699 658 719 345 746 788 286 245 947 519 143 431 229 402 127 291 41 531 483 349 234 382 714 96 124 244 66 868 303 677 343 498 725 505 35 506 350 33 365 355 716 100 520 981 384 340 675 975 246 0 640 536 109 969 187 145 435 161 893 579 38 
329 585 902 588 514 320 970 456 488 661 992 144 683 213 683 545 869 149 341 832 562 357 76 418 993 928 978 545 669 644 185 36 712 546 658 400 283 654 366 806 438 20 466 343 936 869 806 309 884 607 628 567 589 604 768 446 531 450 270 529 51 860 821 306 464 60 707 697 136 681 63 663 362 276 843 537 952 108 254 256 643 686 590 319 267 748 748 650 640 0 683 989 2 453 684 313 116 750 558 117 
984 914 912 789 227 817 658 706 513 518 167 800 784 752 491 630 339 598 233 430 851 194 973 454 869 653 1 8 472 767 250 687 573 15 802 233 332 979 20 935 413 743 58 232 312 201 980 543 831 232 850 200 994 315 882 542 849 111 345 305 700 428 531 511 149 740 878 580 221 86 996 857 535 248 193 937 918 85 268 175 252 526 537 316 88 941 792 766 536 683 0 515 53 642 189 222 618 451 735 656 
529 211 87 78 564 157 867 814 218 9 242 486 23 932 552 704 894 543 605 569 339 872 599 540 901 930 503 577 751 522 19 992 236 741 192 69 654 764 186 284 980 569 915 326 196 529 347 715 212 88 914 748 141 438 658 131 436 852 963 858 733 963 511 251 284 387 846 763 440 564 178 222 61 517 129 773 869 63 578 880 354 189 289 666 980 993 526 143 109 989 515 0 22 375 544 130 695 730 275 129 
401 627 738 370 248 246 375 196 729 690 382 338 166 326 660 460 322 847 799 316 637 96 202 313 896 3 641 651 630 174 812 926 332 658 138 987 830 60 799 551 956 535 962 240 997 189 757 716 277 301 417 348 714 74 163 377 355 697 300 590 40 768 864 368 327 24 109 214 702 120 501 725 438 613 81 479 457 349 627 564 770 741 667 134 934 415 439 526 969 2 53 22 0 242 519 707 279 201 47 632 
610 209 413 607 660 353 670 131 728 545 228 864 614 369 827 747 146 623 337 22 520 219 556 492 195 849 862 486 658 347 766 653 503 545 756 143 124 969 392 389 734 338 266 476 525 740 754 144 135 216 727 472 364 958 653 291 224 708 59 269 690 256 705 495 38 627 166 645 866 787 559 205 197 105 892 692 668 765 630 233 699 931 557 731 996 606 411 323 187 453 642 375 242 0 653 82 944 120 183 853 
385 623 718 448 923 891 465 265 458 21 533 577 825 786 827 934 64 187 946 387 685 532 535 609 948 252 872 129 834 873 819 821 452 5 357 342 793 53 763 668 938 183 857 897 863 802 746 92 502 723 24 117 437 538 443 781 747 165 566 656 431 364 129 697 969 403 66 652 443 781 649 751 269 230 516 664 522 580 969 553 309 464 563 932 894 127 965 818 145 684 189 544 519 653 0 236 49 257 229 237 
584 937 601 227 625 736 446 862 599 483 161 833 359 760 183 384 321 426 933 730 493 417 327 357 50 767 665 288 919 363 938 524 222 633 876 80 788 604 285 687 376 382 553 250 156 662 573 501 627 522 998 759 983 890 263 983 141 155 771 6 546 240 619 41 965 289 889 951 652 914 287 577 660 148 709 336 157 405 318 240 309 416 735 499 20 498 770 625 435 313 222 130 707 82 236 0 478 846 687 213 
235 165 59 24 457 301 389 654 729 637 953 645 157 28 742 620 950 200 813 991 308 881 768 294 377 361 391 675 373 912 575 809 499 756 846 764 993 303 367 606 796 592 42 129 81 66 235 149 244 55 25 75 390 805 962 697 449 189 351 696 98 990 128 512 887 868 737 635 852 790 339 763 274 165 492 886 17 372 796 700 726 914 292 802 287 537 696 263 161 116 618 695 279 944 49 478 0 854 61 939 
716 316 119 872 446 162 971 85 72 256 150 192 537 400 433 668 916 2 31 789 42 567 407 728 605 132 649 969 992 299 212 29 515 505 508 725 617 607 641 337 564 530 333 87 113 362 430 132 851 763 346 320 127 746 277 948 827 219 603 990 817 64 711 538 17 429 638 66 508 632 562 399 473 668 32 208 410 965 339 670 669 366 93 149 987 977 960 162 893 750 451 730 201 120 257 846 854 0 397 190 
891 743 916 718 848 800 335 775 102 638 998 504 598 889 945 999 856 477 432 127 389 276 272 208 161 802 477 610 281 835 253 942 636 908 360 39 769 269 730 541 834 167 481 573 639 150 258 883 298 960 942 447 676 554 107 801 403 12 213 107 897 692 985 686 913 220 415 993 996 421 429 216 410 696 321 465 94 357 34 56 923 720 329 787 700 299 664 39 579 558 735 275 47 183 229 687 61 397 0 633 
199 45 869 614 364 610 128 313 601 227 880 25 628 949 870 387 351 848 382 795 746 335 516 822 300 156 607 905 963 74 543 215 160 137 758 672 587 223 962 463 462 221 352 47 227 939 269 606 4 436 488 450 801 603 936 2 826 36 399 352 557 823 95 639 242 573 43 936 139 786 322 454 850 785 948 966 789 642 255 54 68 218 259 324 546 37 715 220 38 117 656 129 632 853 237 213 939 190 633 0 
