50
0 555 325 217 143 680 3 824 400 600 908 387 263 961 406 448 925 232 965 207 387 297 317 452 623 905 96 980 818 466 999 842 372 675 411 514 706 765 689 105 717 596 844 979 908 249 779 832 833 95 
555 0 390 571 391 58 23 366 314 470 697 132 935 47 325 659 721 87 524 779 852 213 235 568 808 78 898 716 327 676 899 159 770 641 729 513 698 103 878 364 925 926 847 211 972 171 869 44 258 393 
325 390 0 822 109 605 57 28 764 134 925 479 812 953 730 322 722 370 51 586 419 505 815 782 781 740 628 992 711 151 860 107 408 604 928 868 560 336 895 324 822 171 154 633 123 883 955 197 604 357 
217 571 822 0 782 23 213 597 156 994 688 136 985 751 286 196 857 45 800 136 264 359 472 158 682 645 680 188 277 803 70 231 999 26 939 132 400 152 80 555 145 768 690 481 518 327 676 726 371 827 
143 391 109 782 0 861 634 186 684 143 219 328 823 406 957 977 828 539 327 853 478 458 604 981 890 158 125 657 200 957 526 526 632 603 897 459 815 882 996 499 25 566 178 847 324 134 175 503 25 501 
680 58 605 23 861 0 707 502 310 310 482 199 467 958 207 18 266 84 544 897 686 792 707 501 673 54 351 49 620 880 247 295 366 421 797 390 273 503 243 583 812 76 133 630 385 340 648 650 423 543 
3 23 57 213 634 707 0 546 461 686 605 313 710 10 15 759 629 894 5 275 259 778 71 1000 50 573 242 632 384 317 117 366 701 456 13 702 230 907 248 42 592 204 354 653 213 368 411 194 614 768 
824 366 28 597 186 502 546 0 468 872 545 539 224 594 463 817 578 199 134 694 564 186 501 928 888 82 186 487 124 777 42 477 781 254 197 192 799 810 959 267 33 855 157 256 448 619 73 377 817 558 
400 314 764 156 684 310 461 468 0 422 732 95 922 659 334 4 844 172 127 972 213 955 753 819 503 296 969 312 606 235 697 460 743 304 259 714 376 988 882 285 409 614 732 683 624 417 38 820 589 164 
600 470 134 994 143 310 686 872 422 0 143 153 470 247 323 325 894 292 636 499 526 684 958 621 988 569 334 715 556 215 1000 316 180 83 998 156 499 35 975 87 550 469 592 372 716 914 696 609 205 683 
908 697 925 688 219 482 605 545 732 143 0 460 83 367 769 703 354 337 388 68 244 954 419 560 134 853 909 289 352 944 615 790 845 83 381 216 150 295 263 111 851 946 570 933 312 338 635 17 27 374 
387 132 479 136 328 199 313 539 95 153 460 0 436 622 328 207 533 461 59 442 101 762 737 715 552 581 797 284 149 299 930 411 409 781 708 978 713 19 667 700 387 45 73 823 667 400 381 199 212 791 
263 935 812 985 823 467 710 224 922 470 83 436 0 992 312 553 728 378 456 661 175 91 161 825 21 571 233 153 279 562 865 649 580 916 36 625 341 210 643 92 942 193 304 732 185 967 636 264 345 91 
961 47 953 751 406 958 10 594 659 247 367 622 992 0 924 871 182 84 695 554 7 279 706 637 192 922 285 771 190 672 747 530 233 389 973 526 582 628 258 118 595 245 381 291 336 657 513 869 740 559 
406 325 730 286 957 207 15 463 334 323 769 328 312 924 0 422 98 837 479 734 28 400 371 798 589 42 545 470 627 285 443 152 218 70 761 335 16 6 716 306 693 724 818 561 815 376 334 913 564 164 
448 659 322 196 977 18 759 817 4 325 703 207 553 871 422 0 998 591 563 368 741 504 762 637 325 388 273 767 891 491 189 652 825 204 9 892 862 701 615 31 613 430 759 298 342 322 461 339 265 23 
925 721 722 857 828 266 629 578 844 894 354 533 728 182 98 998 0 59 357 878 820 345 203 559 617 321 449 107 509 452 932 65 812 175 926 512 790 308 476 571 66 773 912 388 233 602 4 608 660 360 
232 87 370 45 539 84 894 199 172 292 337 461 378 84 837 591 59 0 485 831 704 39 389 320 360 190 427 220 641 710 284 453 236 561 316 25 869 792 595 934 564 858 673 797 812 676 404 823 35 240 
965 524 51 800 327 544 5 134 127 636 388 59 456 695 479 563 357 485 0 654 90 279 394 762 990 583 540 209 224 249 493 28 836 405 695 861 273 486 807 559 402 17 231 550 180 907 305 2 293 544 
207 779 586 136 853 897 275 694 972 499 68 442 661 554 734 368 878 831 654 0 7 735 174 401 496 163 983 35 372 558 635 216 937 470 620 632 682 245 469 489 803 870 857 385 771 36 643 75 389 936 
387 852 419 264 478 686 259 564 213 526 244 101 175 7 28 741 820 704 90 7 0 971 396 22 496 796 517 659 130 551 382 40 537 949 976 6 920 607 688 516 428 528 318 649 736 703 420 771 345 846 
297 213 505 359 458 792 778 186 955 684 954 762 91 279 400 504 345 39 279 735 971 0 511 632 816 906 653 312 53 521 322 535 423 55 574 959 355 549 317 274 508 4 790 935 883 459 583 970 513 354 
317 235 815 472 604 707 71 501 753 958 419 737 161 706 371 762 203 389 394 174 396 511 0 740 210 200 602 841 367 508 846 30 912 718 703 446 141 757 19 451 111 920 767 737 427 122 526 713 356 336 
452 568 782 158 981 501 1000 928 819 621 560 715 825 637 798 637 559 320 762 401 22 632 740 0 647 325 849 353 416 58 552 18 250 270 877 447 652 788 517 354 586 657 463 956 107 573 875 226 661 653 
623 808 781 682 890 673 50 888 503 988 134 552 21 192 589 325 617 360 990 496 496 816 210 647 0 347 538 717 703 874 364 379 74 68 795 483 971 812 84 240 688 531 891 475 47 597 412 55 59 368 
905 78 740 645 158 54 573 82 296 569 853 581 571 922 42 388 321 190 583 163 796 906 200 325 347 0 513 983 242 738 644 247 437 181 963 491 406 678 869 479 745 663 313 715 474 397 307 513 279 549 
96 898 628 680 125 351 242 186 969 334 909 797 233 285 545 273 449 427 540 983 517 653 602 849 538 513 0 340 677 145 751 83 555 118 595 538 712 685 533 310 473 65 272 963 471 302 831 301 46 846 
980 716 992 188 657 49 632 487 312 715 289 284 153 771 470 767 107 220 209 35 659 312 841 353 717 983 340 0 966 113 671 362 419 184 640 967 875 668 112 625 750 666 95 344 555 158 380 87 467 852 
818 327 711 277 200 620 384 124 606 556 352 149 279 190 627 891 509 641 224 372 130 53 367 416 703 242 677 966 0 504 738 814 326 39 997 626 437 194 943 549 864 304 967 399 295 933 273 962 396 250 
466 676 151 803 957 880 317 777 235 215 944 299 562 672 285 491 452 710 249 558 551 521 508 58 874 738 145 113 504 0 63 62 344 759 968 501 138 55 967 990 558 56 155 235 95 503 860 531 696 155 
999 899 860 70 526 247 117 42 697 1000 615 930 865 747 443 189 932 284 493 635 382 322 846 552 364 644 751 671 738 63 0 431 912 458 397 310 105 681 935 418 77 184 481 490 527 239 457 379 376 863 
842 159 107 231 526 295 366 477 460 316 790 411 649 530 152 652 65 453 28 216 40 535 30 18 379 247 83 362 814 62 431 0 345 717 772 400 224 6 846 726 218 728 774 372 158 37 181 906 698 285 
372 770 408 999 632 366 701 781 743 180 845 409 580 233 218 825 812 236 836 937 537 423 912 250 74 437 555 419 326 344 912 345 0 587 632 703 663 167 183 504 693 421 960 71 148 175 767 217 946 167 
675 641 604 26 603 421 456 254 304 83 83 781 916 389 70 204 175 561 405 470 949 55 718 270 68 181 118 184 39 759 458 717 587 0 440 952 364 517 521 92 642 892 249 678 72 155 728 709 93 359 
411 729 928 939 897 797 13 197 259 998 381 708 36 973 761 9 926 316 695 620 976 574 703 877 795 963 595 640 997 968 397 772 632 440 0 411 107 878 945 610 570 717 921 993 216 95 111 432 41 629 
514 513 868 132 459 390 702 192 714 156 216 978 625 526 335 892 512 25 861 632 6 959 446 447 483 491 538 967 626 501 310 400 703 952 411 0 871 344 993 740 216 84 381 107 684 411 530 190 138 238 
706 698 560 400 815 273 230 799 376 499 150 713 341 582 16 862 790 869 273 682 920 355 141 652 971 406 712 875 437 138 105 224 663 364 107 871 0 282 848 1000 388 725 296 349 647 364 270 991 580 364 
765 103 336 152 882 503 907 810 988 35 295 19 210 628 6 701 308 792 486 245 607 549 757 788 812 678 685 668 194 55 681 6 167 517 878 344 282 0 101 11 756 730 234 451 74 973 666 157 353 124 
689 878 895 80 996 243 248 959 882 975 263 667 643 258 716 615 476 595 807 469 688 317 19 517 84 869 533 112 943 967 935 846 183 521 945 993 848 101 0 192 763 6 382 252 595 15 100 947 755 824 
105 364 324 555 499 583 42 267 285 87 111 700 92 118 306 31 571 934 559 489 516 274 451 354 240 479 310 625 549 990 418 726 504 92 610 740 1000 11 192 0 242 103 470 958 372 460 537 88 913 899 
717 925 822 145 25 812 592 33 409 550 851 387 942 595 693 613 66 564 402 803 428 508 111 586 688 745 473 750 864 558 77 218 693 642 570 216 388 756 763 242 0 195 642 132 998 715 456 15 223 161 
596 926 171 768 566 76 204 855 614 469 946 45 193 245 724 430 773 858 17 870 528 4 920 657 531 663 65 666 304 56 184 728 421 892 717 84 725 730 6 103 195 0 491 766 275 496 499 527 442 514 
844 847 154 690 178 133 354 157 732 592 570 73 304 381 818 759 912 673 231 857 318 790 767 463 891 313 272 95 967 155 481 774 960 249 921 381 296 234 382 470 642 491 0 626 388 620 801 982 722 623 
979 211 633 481 847 630 653 256 683 372 933 823 732 291 561 298 388 797 550 385 649 935 737 956 475 715 963 344 399 235 490 372 71 678 993 107 349 451 252 958 132 766 626 0 939 446 82 827 885 994 
908 972 123 518 324 385 213 448 624 716 312 667 185 336 815 342 233 812 180 771 736 883 427 107 47 474 471 555 295 95 527 158 148 72 216 684 647 74 595 372 998 275 388 939 0 725 431 987 209 780 
249 171 883 327 134 340 368 619 417 914 338 400 967 657 376 322 602 676 907 36 703 459 122 573 597 397 302 158 933 503 239 37 175 155 95 411 364 973 15 460 715 496 620 446 725 0 53 664 795 627 
779 869 955 676 175 648 411 73 38 696 635 381 636 513 334 461 4 404 305 643 420 583 526 875 412 307 831 380 273 860 457 181 767 728 111 530 270 666 100 537 456 499 801 82 431 53 0 176 637 745 
832 44 197 726 503 650 194 377 820 609 17 199 264 869 913 339 608 823 2 75 771 970 713 226 55 513 301 87 962 531 379 906 217 709 432 190 991 157 947 88 15 527 982 827 987 664 176 0 451 484 
833 258 604 371 25 423 614 817 589 205 27 212 345 740 564 265 660 35 293 389 345 513 356 661 59 279 46 467 396 696 376 698 946 93 41 138 580 353 755 913 223 442 722 885 209 795 637 451 0 243 
95 393 357 827 501 543 768 558 164 683 374 791 91 559 164 23 360 240 544 936 846 354 336 653 368 549 846 852 250 155 863 285 167 359 629 238 364 124 824 899 161 514 623 994 780 627 745 484 243 0 
