50
0 809 390 987 616 147 931 399 135 574 37 926 968 545 72 200 850 809 369 717 301 48 924 257 525 773 729 136 97 698 216 274 507 605 612 474 103 542 872 237 467 260 163 786 804 586 985 6 746 705 
809 0 722 46 104 645 302 629 417 382 764 865 80 331 490 586 287 101 411 390 643 634 978 461 893 140 247 696 78 231 53 823 288 775 869 391 771 170 19 540 552 134 404 983 816 894 920 103 994 330 
390 722 0 492 988 315 469 449 207 961 695 254 38 277 659 212 916 433 80 307 555 602 677 94 505 811 498 487 626 743 406 80 736 87 923 76 401 392 876 959 704 922 564 93 198 222 304 466 6 736 
987 46 492 0 772 561 689 448 6 193 610 503 31 588 245 788 667 333 874 590 760 626 333 635 936 388 556 851 480 105 425 135 570 782 222 693 342 910 141 348 454 750 202 484 689 799 271 356 483 144 
616 104 988 772 0 297 242 121 629 228 408 16 135 259 847 239 683 333 161 464 555 853 158 816 993 857 270 95 410 753 135 560 376 490 394 519 138 987 992 766 214 399 133 348 9 331 939 691 16 99 
147 645 315 561 297 0 507 922 951 16 737 296 224 6 742 985 111 876 545 486 718 938 356 855 925 699 973 490 98 105 838 106 788 128 149 803 226 7 724 528 374 460 175 949 818 916 933 280 144 829 
931 302 469 689 242 507 0 765 213 767 472 67 43 171 39 532 620 496 721 77 283 200 577 437 425 935 160 305 308 971 479 256 788 747 541 419 242 369 535 454 487 7 872 529 529 911 413 500 758 485 
399 629 449 448 121 922 765 0 576 40 37 153 476 461 439 987 117 747 957 948 354 97 46 246 515 639 615 402 92 101 408 963 982 288 225 746 787 982 582 714 373 618 866 200 431 305 186 547 403 495 
135 417 207 6 629 951 213 576 0 846 108 591 891 354 457 529 320 858 972 772 617 935 753 256 511 850 42 493 432 756 865 49 973 65 831 629 602 378 383 96 575 843 686 818 196 495 698 867 704 670 
574 382 961 193 228 16 767 40 846 0 638 321 956 743 576 466 592 970 310 23 77 175 424 49 591 606 30 192 335 412 640 910 606 677 727 801 171 424 19 875 445 657 547 400 399 474 218 990 795 527 
37 764 695 610 408 737 472 37 108 638 0 365 871 53 140 272 995 745 301 539 80 64 178 341 670 854 67 822 377 842 841 603 287 849 501 686 247 974 255 588 769 782 304 991 834 795 262 829 892 914 
926 865 254 503 16 296 67 153 591 321 365 0 367 971 330 896 663 351 749 729 172 125 922 364 79 208 212 579 246 810 553 500 398 673 281 53 663 467 848 277 647 739 190 13 61 871 908 723 221 8 
968 80 38 31 135 224 43 476 891 956 871 367 0 803 393 485 724 108 563 284 320 142 529 481 46 380 878 718 13 283 732 479 130 360 125 220 902 489 280 772 748 2 993 107 156 737 591 879 844 154 
545 331 277 588 259 6 171 461 354 743 53 971 803 0 162 515 647 42 996 692 774 225 761 786 859 492 616 988 204 92 207 105 932 838 876 679 191 220 137 346 956 728 577 152 233 90 18 879 132 365 
72 490 659 245 847 742 39 439 457 576 140 330 393 162 0 922 905 942 682 42 800 525 657 140 728 748 346 832 679 536 708 709 726 279 845 424 235 924 1000 738 156 441 755 386 572 120 659 828 61 340 
200 586 212 788 239 985 532 987 529 466 272 896 485 515 922 0 221 860 865 877 999 592 624 697 424 654 584 483 362 661 761 207 84 347 482 435 84 990 876 839 375 799 310 34 979 370 725 199 581 589 
850 287 916 667 683 111 620 117 320 592 995 663 724 647 905 221 0 76 932 181 51 980 956 705 563 790 66 223 902 624 659 601 458 93 684 447 968 874 821 767 535 206 745 904 931 943 837 871 370 768 
809 101 433 333 333 876 496 747 858 970 745 351 108 42 942 860 76 0 403 421 99 710 477 661 499 894 235 753 870 893 353 327 986 388 773 953 262 945 71 796 503 167 52 785 462 240 655 831 359 410 
369 411 80 874 161 545 721 957 972 310 301 749 563 996 682 865 932 403 0 603 457 119 79 117 970 325 703 722 194 596 74 520 581 461 644 885 74 588 308 222 90 474 273 874 287 512 881 118 222 290 
717 390 307 590 464 486 77 948 772 23 539 729 284 692 42 877 181 421 603 0 72 678 408 503 146 377 827 848 450 20 443 875 891 375 336 534 612 761 121 919 982 563 744 606 436 31 469 668 500 690 
301 643 555 760 555 718 283 354 617 77 80 172 320 774 800 999 51 99 457 72 0 957 571 367 365 425 864 93 251 712 895 622 506 769 512 233 456 397 844 217 870 114 198 432 209 156 219 239 624 887 
48 634 602 626 853 938 200 97 935 175 64 125 142 225 525 592 980 710 119 678 957 0 90 314 843 13 32 559 437 896 4 40 959 898 661 464 666 525 48 122 921 891 690 790 356 239 573 565 394 792 
924 978 677 333 158 356 577 46 753 424 178 922 529 761 657 624 956 477 79 408 571 90 0 155 18 678 245 683 872 609 66 783 45 961 786 84 919 35 97 735 52 621 782 525 541 25 214 683 380 805 
257 461 94 635 816 855 437 246 256 49 341 364 481 786 140 697 705 661 117 503 367 314 155 0 255 944 198 398 451 567 427 695 249 299 655 315 433 699 627 570 135 898 604 583 632 7 203 765 532 95 
525 893 505 936 993 925 425 515 511 591 670 79 46 859 728 424 563 499 970 146 365 843 18 255 0 789 97 129 521 901 736 816 451 133 266 17 560 312 618 210 966 284 642 17 910 211 503 159 166 85 
773 140 811 388 857 699 935 639 850 606 854 208 380 492 748 654 790 894 325 377 425 13 678 944 789 0 142 524 287 907 55 733 47 504 862 919 756 597 735 206 81 1000 575 640 664 192 201 629 827 194 
729 247 498 556 270 973 160 615 42 30 67 212 878 616 346 584 66 235 703 827 864 32 245 198 97 142 0 997 88 756 499 247 921 583 388 445 221 646 851 306 45 706 519 963 462 467 697 19 547 49 
136 696 487 851 95 490 305 402 493 192 822 579 718 988 832 483 223 753 722 848 93 559 683 398 129 524 997 0 593 539 64 136 739 692 962 285 41 50 40 539 296 313 474 35 109 46 33 311 703 77 
97 78 626 480 410 98 308 92 432 335 377 246 13 204 679 362 902 870 194 450 251 437 872 451 521 287 88 593 0 17 221 39 830 687 88 848 586 488 793 124 551 928 214 594 242 498 634 291 890 525 
698 231 743 105 753 105 971 101 756 412 842 810 283 92 536 661 624 893 596 20 712 896 609 567 901 907 756 539 17 0 938 202 350 324 662 395 356 972 450 784 340 670 175 521 709 614 369 294 101 513 
216 53 406 425 135 838 479 408 865 640 841 553 732 207 708 761 659 353 74 443 895 4 66 427 736 55 499 64 221 938 0 417 3 792 982 948 33 480 934 675 721 810 964 922 159 640 935 905 347 258 
274 823 80 135 560 106 256 963 49 910 603 500 479 105 709 207 601 327 520 875 622 40 783 695 816 733 247 136 39 202 417 0 354 131 598 376 305 118 84 918 838 377 370 702 793 724 494 126 671 878 
507 288 736 570 376 788 788 982 973 606 287 398 130 932 726 84 458 986 581 891 506 959 45 249 451 47 921 739 830 350 3 354 0 605 956 905 325 765 220 598 275 859 884 180 558 142 885 688 739 260 
605 775 87 782 490 128 747 288 65 677 849 673 360 838 279 347 93 388 461 375 769 898 961 299 133 504 583 692 687 324 792 131 605 0 992 208 343 261 46 719 982 747 863 705 592 989 727 470 945 683 
612 869 923 222 394 149 541 225 831 727 501 281 125 876 845 482 684 773 644 336 512 661 786 655 266 862 388 962 88 662 982 598 956 992 0 726 622 799 945 219 74 156 455 605 713 596 489 400 334 749 
474 391 76 693 519 803 419 746 629 801 686 53 220 679 424 435 447 953 885 534 233 464 84 315 17 919 445 285 848 395 948 376 905 208 726 0 743 541 91 355 938 162 336 37 24 40 628 364 118 449 
103 771 401 342 138 226 242 787 602 171 247 663 902 191 235 84 968 262 74 612 456 666 919 433 560 756 221 41 586 356 33 305 325 343 622 743 0 309 800 174 930 951 471 500 24 626 954 980 690 549 
542 170 392 910 987 7 369 982 378 424 974 467 489 220 924 990 874 945 588 761 397 525 35 699 312 597 646 50 488 972 480 118 765 261 799 541 309 0 468 441 234 216 535 127 659 889 64 820 576 452 
872 19 876 141 992 724 535 582 383 19 255 848 280 137 1000 876 821 71 308 121 844 48 97 627 618 735 851 40 793 450 934 84 220 46 945 91 800 468 0 195 967 80 559 84 528 219 236 54 500 186 
237 540 959 348 766 528 454 714 96 875 588 277 772 346 738 839 767 796 222 919 217 122 735 570 210 206 306 539 124 784 675 918 598 719 219 355 174 441 195 0 524 351 561 501 305 540 190 205 359 982 
467 552 704 454 214 374 487 373 575 445 769 647 748 956 156 375 535 503 90 982 870 921 52 135 966 81 45 296 551 340 721 838 275 982 74 938 930 234 967 524 0 791 575 516 269 585 756 684 756 331 
260 134 922 750 399 460 7 618 843 657 782 739 2 728 441 799 206 167 474 563 114 891 621 898 284 1000 706 313 928 670 810 377 859 747 156 162 951 216 80 351 791 0 136 950 297 215 860 732 94 78 
163 404 564 202 133 175 872 866 686 547 304 190 993 577 755 310 745 52 273 744 198 690 782 604 642 575 519 474 214 175 964 370 884 863 455 336 471 535 559 561 575 136 0 967 147 929 504 670 280 64 
786 983 93 484 348 949 529 200 818 400 991 13 107 152 386 34 904 785 874 606 432 790 525 583 17 640 963 35 594 521 922 702 180 705 605 37 500 127 84 501 516 950 967 0 522 936 955 63 492 314 
804 816 198 689 9 818 529 431 196 399 834 61 156 233 572 979 931 462 287 436 209 356 541 632 910 664 462 109 242 709 159 793 558 592 713 24 24 659 528 305 269 297 147 522 0 44 282 240 911 550 
586 894 222 799 331 916 911 305 495 474 795 871 737 90 120 370 943 240 512 31 156 239 25 7 211 192 467 46 498 614 640 724 142 989 596 40 626 889 219 540 585 215 929 936 44 0 824 666 234 931 
985 920 304 271 939 933 413 186 698 218 262 908 591 18 659 725 837 655 881 469 219 573 214 203 503 201 697 33 634 369 935 494 885 727 489 628 954 64 236 190 756 860 504 955 282 824 0 348 369 880 
6 103 466 356 691 280 500 547 867 990 829 723 879 879 828 199 871 831 118 668 239 565 683 765 159 629 19 311 291 294 905 126 688 470 400 364 980 820 54 205 684 732 670 63 240 666 348 0 996 935 
746 994 6 483 16 144 758 403 704 795 892 221 844 132 61 581 370 359 222 500 624 394 380 532 166 827 547 703 890 101 347 671 739 945 334 118 690 576 500 359 756 94 280 492 911 234 369 996 0 740 
705 330 736 144 99 829 485 495 670 527 914 8 154 365 340 589 768 410 290 690 887 792 805 95 85 194 49 77 525 513 258 878 260 683 749 449 549 452 186 982 331 78 64 314 550 931 880 935 740 0 
