90
0 539 367 847 159 837 117 63 449 654 990 958 521 947 833 424 500 924 338 10 979 523 875 565 823 197 595 377 216 882 858 371 772 224 217 931 60 686 345 509 339 335 818 211 633 2 635 132 278 324 493 256 846 367 173 669 564 767 397 131 1000 255 501 772 478 70 702 538 755 46 398 445 732 215 655 364 569 289 848 846 613 340 453 810 707 625 478 622 744 875 
539 0 752 743 481 604 514 958 25 215 847 779 613 244 575 344 811 230 60 379 870 907 224 482 598 676 292 304 653 121 925 396 347 28 490 827 984 4 137 360 570 983 139 534 227 65 878 389 294 289 767 516 195 342 349 144 369 992 448 21 465 724 768 811 104 258 990 439 613 478 798 182 460 288 716 38 353 945 426 998 233 544 513 779 237 862 922 606 205 721 
367 752 0 978 669 797 98 832 900 355 173 338 319 650 135 500 109 423 567 499 127 511 924 124 95 820 637 225 56 850 499 661 54 219 991 723 15 88 906 266 794 78 955 112 727 90 611 187 864 530 685 990 392 961 113 487 780 101 63 835 302 561 848 708 132 838 782 498 277 687 764 70 764 718 181 842 159 143 28 374 672 713 363 64 673 828 902 452 280 964 
847 743 978 0 638 934 525 837 641 656 26 774 153 302 460 268 371 575 338 903 416 496 398 795 870 421 507 584 836 179 763 737 982 395 53 972 328 929 160 320 936 186 445 440 487 256 708 210 182 45 464 597 892 861 391 113 282 250 49 117 780 163 206 114 557 258 85 236 186 244 907 121 781 351 560 268 606 619 829 139 15 292 735 907 153 478 371 786 727 419 
159 481 669 638 0 902 858 582 459 971 490 716 407 726 253 3 984 725 783 335 285 402 292 255 230 431 270 522 517 176 26 346 546 811 424 317 64 282 898 875 252 387 590 11 464 195 13 448 919 795 134 555 197 777 810 426 207 79 299 76 606 676 421 503 486 845 819 902 478 68 776 81 807 717 91 270 911 103 69 182 250 202 736 446 979 897 223 537 327 522 
837 604 797 934 902 0 612 932 549 385 435 35 581 605 288 58 25 415 490 831 131 581 452 394 35 521 575 284 722 662 81 52 559 656 589 885 529 552 169 77 936 955 111 868 911 750 277 935 164 767 765 647 699 217 40 733 89 966 369 162 979 801 214 889 456 154 126 984 705 646 61 993 600 523 860 510 273 137 797 788 255 913 434 953 129 825 37 569 142 757 
117 514 98 525 858 612 0 731 473 558 944 361 365 449 838 349 505 483 761 497 434 283 709 944 907 197 92 47 451 4 832 755 485 657 791 53 150 548 783 622 457 78 335 821 526 172 521 31 7 281 879 440 916 939 735 174 135 826 220 937 830 52 691 314 60 482 718 561 381 501 183 189 930 869 361 808 392 882 190 398 514 420 838 781 359 572 307 493 750 526 
63 958 832 837 582 932 731 0 430 931 929 472 596 988 305 313 549 685 165 83 225 95 303 586 254 694 819 443 92 684 862 281 465 220 204 771 65 953 648 846 883 929 317 478 268 622 143 168 658 307 250 883 753 904 820 6 598 638 448 41 321 662 321 137 233 524 259 649 829 907 494 711 187 163 541 454 136 683 622 145 341 223 27 94 127 198 99 724 835 899 
449 25 900 641 459 549 473 430 0 764 156 912 436 644 144 311 903 793 139 161 638 202 347 800 94 800 287 128 421 432 468 644 810 561 770 8 12 845 842 910 960 349 821 747 993 316 57 895 108 548 407 746 101 753 897 194 552 184 673 325 615 140 320 776 701 441 783 712 285 977 973 596 677 145 342 669 460 750 915 568 649 321 665 749 425 561 294 977 744 966 
654 215 355 656 971 385 558 931 764 0 653 710 106 972 486 158 412 620 221 48 596 545 643 625 689 336 293 148 85 560 67 734 232 731 834 657 644 128 985 739 445 637 449 550 608 286 59 371 905 279 418 853 175 60 477 863 747 121 363 831 32 781 916 264 512 750 272 507 229 608 245 673 244 45 575 203 330 633 573 587 264 990 791 438 401 619 653 147 91 15 
990 847 173 26 490 435 944 929 156 653 0 329 123 795 597 738 658 698 361 164 926 968 761 950 211 805 524 765 487 509 689 73 772 678 215 561 430 833 213 928 923 227 608 397 374 204 134 31 901 494 547 826 461 659 776 23 463 651 139 949 159 827 373 282 856 587 843 285 419 407 564 694 986 172 90 359 375 576 741 628 69 639 453 882 297 580 256 760 583 395 
958 779 338 774 716 35 361 472 912 710 329 0 60 93 221 433 375 429 19 569 65 438 327 629 483 312 152 572 670 526 147 763 153 568 401 958 801 698 889 56 809 823 802 868 916 375 300 642 803 671 562 867 460 888 847 942 200 998 513 221 876 12 983 380 579 736 337 379 785 578 786 593 400 588 812 315 314 464 956 116 134 869 334 593 757 181 886 308 178 398 
521 613 319 153 407 581 365 596 436 106 123 60 0 528 53 761 863 433 339 950 121 69 734 698 855 678 450 794 489 764 107 304 72 574 789 940 907 381 48 87 618 355 617 368 235 21 128 449 453 467 398 926 535 131 975 741 160 424 534 1000 540 640 304 963 213 92 254 472 825 302 558 442 656 526 809 242 547 937 690 351 755 87 276 641 569 251 382 728 26 267 
947 244 650 302 726 605 449 988 644 972 795 93 528 0 728 565 907 383 527 471 826 781 942 650 434 852 444 441 377 252 683 275 540 724 626 646 811 253 287 731 855 20 459 881 638 538 797 896 272 676 367 97 808 660 99 241 863 542 681 592 145 715 866 37 439 843 682 601 96 320 331 950 691 141 830 329 678 979 224 301 654 942 398 461 602 848 701 816 389 733 
833 575 135 460 253 288 838 305 144 486 597 221 53 728 0 407 885 800 273 921 238 115 955 190 210 626 520 512 317 661 693 997 690 671 220 991 324 514 740 784 467 587 836 282 327 921 689 211 720 313 484 309 427 438 498 989 63 17 852 731 29 544 727 71 215 299 413 890 812 504 26 278 90 861 911 416 781 951 978 852 263 461 160 42 898 657 382 313 26 233 
424 344 500 268 3 58 349 313 311 158 738 433 761 565 407 0 43 54 776 770 476 342 68 888 584 231 391 609 860 832 821 770 599 954 73 577 805 335 389 965 728 287 621 109 951 998 693 993 52 821 114 879 162 181 767 97 763 509 705 622 341 526 744 291 831 816 867 635 502 256 599 230 894 572 690 196 569 383 188 972 203 302 851 716 834 969 813 597 829 517 
500 811 109 371 984 25 505 549 903 412 658 375 863 907 885 43 0 570 169 394 665 460 224 832 678 859 334 285 809 915 530 732 604 725 301 986 265 624 540 566 474 256 751 794 68 699 623 936 621 143 682 285 954 905 117 632 115 450 268 276 716 798 7 319 874 659 657 138 283 196 55 108 451 806 902 870 504 876 158 124 18 839 761 324 95 877 307 210 678 574 
924 230 423 575 725 415 483 685 793 620 698 429 433 383 800 54 570 0 837 393 723 843 63 597 854 719 734 136 915 789 243 717 946 144 939 449 371 96 925 389 934 685 64 28 913 370 589 590 943 777 334 666 972 396 614 825 115 347 960 381 487 202 449 432 698 387 233 68 834 509 808 119 193 871 147 457 240 87 398 535 216 731 552 187 478 165 11 944 863 970 
338 60 567 338 783 490 761 165 139 221 361 19 339 527 273 776 169 837 0 324 350 523 125 133 220 863 365 640 697 873 799 167 417 670 665 225 261 752 622 795 967 704 346 505 182 862 515 125 725 836 801 426 358 925 558 930 139 275 921 187 499 719 354 916 740 18 492 1 769 114 795 87 817 493 591 350 354 457 475 430 292 275 855 2 551 765 283 689 39 203 
10 379 499 903 335 831 497 83 161 48 164 569 950 471 921 770 394 393 324 0 876 537 921 229 804 661 246 296 13 367 761 159 805 929 651 748 279 357 204 753 786 496 379 993 497 281 757 131 321 147 333 548 35 605 776 191 617 374 838 629 92 598 788 896 526 790 995 156 146 199 908 284 694 638 628 542 918 736 672 591 882 356 138 268 960 914 458 577 639 647 
979 870 127 416 285 131 434 225 638 596 926 65 121 826 238 476 665 723 350 876 0 557 82 596 344 329 122 486 324 629 983 522 537 266 567 526 893 460 796 980 483 386 861 838 523 481 149 788 938 77 426 937 634 859 532 329 188 5 814 511 634 797 384 522 414 950 47 659 409 842 638 243 579 851 80 102 331 228 889 620 305 667 556 290 877 440 970 64 444 136 
523 907 511 496 402 581 283 95 202 545 968 438 69 781 115 342 460 843 523 537 557 0 926 77 932 309 598 697 610 997 707 370 190 345 612 769 547 691 870 229 271 110 200 927 128 108 568 5 547 537 68 990 672 346 67 955 654 16 652 616 12 358 985 202 54 949 970 952 991 191 180 261 300 380 539 428 839 106 432 385 643 851 374 314 196 792 269 202 808 272 
875 224 924 398 292 452 709 303 347 643 761 327 734 942 955 68 224 63 125 921 82 926 0 817 819 981 153 372 35 101 693 338 92 883 870 704 535 601 243 962 439 348 745 823 990 947 196 656 143 340 924 696 147 547 864 317 527 16 41 913 469 733 251 912 616 120 615 150 720 209 463 158 557 559 332 898 505 879 553 999 218 828 694 716 374 909 33 901 277 73 
565 482 124 795 255 394 944 586 800 625 950 629 698 650 190 888 832 597 133 229 596 77 817 0 165 745 805 415 656 772 886 622 273 957 831 735 466 739 293 797 636 150 676 541 148 245 368 194 961 94 102 345 346 378 769 510 474 573 277 481 697 162 455 969 471 285 704 936 23 348 85 10 497 112 550 997 356 270 542 316 363 643 660 708 373 780 217 846 353 845 
823 598 95 870 230 35 907 254 94 689 211 483 855 434 210 584 678 854 220 804 344 932 819 165 0 679 401 359 133 369 829 769 424 116 143 124 200 152 972 311 54 968 19 323 509 334 685 504 346 392 876 125 960 73 829 157 103 581 515 235 302 695 3 725 810 145 200 362 649 172 672 702 491 690 24 1000 376 708 855 73 451 82 549 762 506 730 918 609 310 784 
197 676 820 421 431 521 197 694 800 336 805 312 678 852 626 231 859 719 863 661 329 309 981 745 679 0 195 963 478 198 688 640 694 239 1 342 410 672 43 253 714 66 604 441 125 458 865 927 539 413 41 396 494 310 4 156 94 199 118 923 748 157 562 441 396 562 783 157 586 177 409 299 595 12 91 719 469 955 998 359 719 38 755 565 347 110 720 792 660 189 
595 292 637 507 270 575 92 819 287 293 524 152 450 444 520 391 334 734 365 246 122 598 153 805 401 195 0 715 407 346 276 200 93 190 982 249 775 510 658 425 104 21 867 175 842 821 172 552 891 561 658 807 259 768 526 51 427 715 117 186 412 744 385 504 933 718 752 707 227 761 483 683 134 349 857 975 521 380 526 764 940 184 570 198 303 448 600 81 162 716 
377 304 225 584 522 284 47 443 128 148 765 572 794 441 512 609 285 136 640 296 486 697 372 415 359 963 715 0 266 925 460 650 428 392 719 531 451 946 292 285 628 777 634 836 751 506 215 276 269 506 811 191 55 113 638 655 194 151 722 811 75 181 461 502 925 531 384 727 476 27 363 455 803 348 290 553 854 856 181 474 361 991 664 768 456 301 774 1 803 495 
216 653 56 836 517 722 451 92 421 85 487 670 489 377 317 860 809 915 697 13 324 610 35 656 133 478 407 266 0 811 877 28 623 730 304 154 114 382 629 140 744 436 943 92 725 847 297 933 379 770 645 370 786 412 177 86 185 177 889 680 987 117 59 610 847 362 763 312 743 743 451 838 530 745 929 607 944 225 539 322 995 183 43 780 595 219 217 131 395 457 
882 121 850 179 176 662 4 684 432 560 509 526 764 252 661 832 915 789 873 367 629 997 101 772 369 198 346 925 811 0 810 734 926 220 695 772 581 809 83 675 551 885 513 81 630 793 39 925 18 577 246 364 759 289 495 705 507 63 836 254 520 997 339 445 569 33 568 149 841 2 176 743 886 40 175 867 832 213 791 849 141 37 564 900 677 58 956 183 121 143 
858 925 499 763 26 81 832 862 468 67 689 147 107 683 693 821 530 243 799 761 983 707 693 886 829 688 276 460 877 810 0 788 992 492 126 788 60 510 355 560 350 708 87 445 593 126 619 812 958 184 602 158 324 990 722 575 666 779 883 201 251 25 340 242 868 818 29 927 327 735 839 29 442 925 473 387 51 443 198 360 626 151 517 950 493 590 524 510 721 758 
371 396 661 737 346 52 755 281 644 734 73 763 304 275 997 770 732 717 167 159 522 370 338 622 769 640 200 650 28 734 788 0 62 971 783 402 213 650 219 593 929 545 680 119 925 121 43 397 859 445 840 56 804 465 559 673 766 51 614 642 912 334 399 974 305 533 375 869 535 945 813 463 841 492 933 766 965 975 162 823 772 353 231 927 818 141 599 935 543 213 
772 347 54 982 546 559 485 465 810 232 772 153 72 540 690 599 604 946 417 805 537 190 92 273 424 694 93 428 623 926 992 62 0 576 454 898 327 427 202 859 153 422 393 97 235 207 938 78 139 703 42 466 216 217 237 569 799 163 738 291 114 24 833 678 952 286 575 278 713 129 488 865 550 233 314 136 439 251 214 930 305 607 747 872 175 335 792 325 497 529 
224 28 219 395 811 656 657 220 561 731 678 568 574 724 671 954 725 144 670 929 266 345 883 957 116 239 190 392 730 220 492 971 576 0 615 962 905 447 639 856 85 214 133 149 694 620 365 243 204 678 379 643 280 944 924 936 902 22 808 77 356 951 753 852 480 368 166 736 166 804 591 250 369 723 398 62 694 763 657 898 792 387 892 72 330 167 7 231 188 166 
217 490 991 53 424 589 791 204 770 834 215 401 789 626 220 73 301 939 665 651 567 612 870 831 143 1 982 719 304 695 126 783 454 615 0 659 895 117 412 98 948 131 263 683 296 67 273 546 787 347 295 849 392 57 505 641 849 891 884 272 572 402 278 154 941 796 813 835 912 576 933 211 706 195 893 1 613 517 546 400 215 841 248 606 249 104 599 449 346 482 
931 827 723 972 317 885 53 771 8 657 561 958 940 646 991 577 986 449 225 748 526 769 704 735 124 342 249 531 154 772 788 402 898 962 659 0 720 917 236 350 70 176 145 882 11 408 809 295 618 514 489 862 515 454 378 412 853 592 604 452 549 853 907 499 301 252 981 373 168 568 722 589 743 866 471 105 625 631 399 242 145 240 103 659 693 832 422 897 423 26 
60 984 15 328 64 529 150 65 12 644 430 801 907 811 324 805 265 371 261 279 893 547 535 466 200 410 775 451 114 581 60 213 327 905 895 720 0 700 323 878 606 822 530 857 154 902 376 721 975 964 815 840 786 920 464 417 670 57 561 909 511 571 953 342 992 849 116 17 900 439 246 505 612 128 713 117 381 88 189 356 404 3 547 541 274 363 957 944 419 869 
686 4 88 929 282 552 548 953 845 128 833 698 381 253 514 335 624 96 752 357 460 691 601 739 152 672 510 946 382 809 510 650 427 447 117 917 700 0 204 930 439 157 271 783 357 387 151 257 177 749 113 140 876 826 256 256 265 444 963 668 798 510 209 72 872 517 367 642 386 570 571 176 726 194 310 435 932 461 691 460 561 803 599 436 980 206 43 245 1 6 
345 137 906 160 898 169 783 648 842 985 213 889 48 287 740 389 540 925 622 204 796 870 243 293 972 43 658 292 629 83 355 219 202 639 412 236 323 204 0 264 798 867 824 221 738 341 939 379 78 509 302 253 586 847 563 20 130 375 62 589 935 217 539 722 196 744 764 792 96 121 56 245 987 879 466 76 571 404 455 648 264 108 901 850 954 815 221 83 541 635 
509 360 266 320 875 77 622 846 910 739 928 56 87 731 784 965 566 389 795 753 980 229 962 797 311 253 425 285 140 675 560 593 859 856 98 350 878 930 264 0 23 475 851 561 196 398 656 311 190 751 784 597 995 770 475 812 846 46 568 652 693 831 111 945 32 64 111 605 498 651 239 872 125 441 784 672 190 439 335 379 541 118 327 887 239 154 51 436 199 618 
339 570 794 936 252 936 457 883 960 445 923 809 618 855 467 728 474 934 967 786 483 271 439 636 54 714 104 628 744 551 350 929 153 85 948 70 606 439 798 23 0 87 243 800 197 540 184 612 650 140 461 653 378 332 129 170 115 801 359 905 487 90 797 604 416 684 194 569 734 630 119 703 716 714 854 265 605 389 228 606 528 689 258 257 372 387 778 839 539 137 
335 983 78 186 387 955 78 929 349 637 227 823 355 20 587 287 256 685 704 496 386 110 348 150 968 66 21 777 436 885 708 545 422 214 131 176 822 157 867 475 87 0 743 25 578 540 980 345 575 173 266 308 802 736 362 870 801 567 134 405 956 713 11 835 401 268 92 773 6 869 611 544 357 705 568 934 596 899 631 170 72 896 829 225 631 190 94 432 109 579 
818 139 955 445 590 111 335 317 821 449 608 802 617 459 836 621 751 64 346 379 861 200 745 676 19 604 867 634 943 513 87 680 393 133 263 145 530 271 824 851 243 743 0 188 64 292 198 250 44 818 341 168 823 562 130 719 918 835 638 204 782 537 834 952 608 81 780 184 63 970 630 494 430 560 682 493 203 231 94 247 400 435 766 575 348 896 293 265 82 930 
211 534 112 440 11 868 821 478 747 550 397 868 368 881 282 109 794 28 505 993 838 927 823 541 323 441 175 836 92 81 445 119 97 149 683 882 857 783 221 561 800 25 188 0 820 863 818 5 166 425 437 946 961 500 267 590 345 696 149 378 540 704 609 633 950 360 419 67 934 766 314 578 383 395 860 202 610 677 559 775 102 995 72 414 846 338 3 191 33 503 
633 227 727 487 464 911 526 268 993 608 374 916 235 638 327 951 68 913 182 497 523 128 990 148 509 125 842 751 725 630 593 925 235 694 296 11 154 357 738 196 197 578 64 820 0 568 572 206 528 557 507 888 975 926 173 741 239 751 123 986 610 676 595 286 234 721 739 581 793 504 426 130 506 616 515 361 536 438 918 63 994 777 302 969 702 475 61 940 577 183 
2 65 90 256 195 750 172 622 316 286 204 375 21 538 921 998 699 370 862 281 481 108 947 245 334 458 821 506 847 793 126 121 207 620 67 408 902 387 341 398 540 540 292 863 568 0 925 538 858 871 823 444 592 914 376 736 417 801 217 275 769 83 987 656 521 904 718 866 32 372 186 733 846 246 25 774 428 949 311 638 172 485 433 115 398 808 850 167 960 418 
635 878 611 708 13 277 521 143 57 59 134 300 128 797 689 693 623 589 515 757 149 568 196 368 685 865 172 215 297 39 619 43 938 365 273 809 376 151 939 656 184 980 198 818 572 925 0 441 80 501 779 735 373 34 805 238 66 176 424 150 373 21 174 146 801 475 808 438 646 292 222 760 42 381 961 208 340 378 1000 772 230 778 506 602 163 310 192 228 837 967 
132 389 187 210 448 935 31 168 895 371 31 642 449 896 211 993 936 590 125 131 788 5 656 194 504 927 552 276 933 925 812 397 78 243 546 295 721 257 379 311 612 345 250 5 206 538 441 0 378 209 987 551 706 787 377 513 576 22 157 797 133 198 177 93 757 869 823 108 992 52 237 849 6 399 159 197 979 347 163 356 556 149 258 261 288 635 126 863 656 282 
278 294 864 182 919 164 7 658 108 905 901 803 453 272 720 52 621 943 725 321 938 547 143 961 346 539 891 269 379 18 958 859 139 204 787 618 975 177 78 190 650 575 44 166 528 858 80 378 0 12 141 831 540 233 939 408 55 46 751 459 634 600 464 384 110 12 362 456 526 717 11 26 327 624 313 961 101 176 968 382 187 108 564 78 693 502 486 99 899 588 
324 289 530 45 795 767 281 307 548 279 494 671 467 676 313 821 143 777 836 147 77 537 340 94 392 413 561 506 770 577 184 445 703 678 347 514 964 749 509 751 140 173 818 425 557 871 501 209 12 0 557 532 187 372 915 296 735 629 104 260 345 466 286 23 89 598 983 541 125 303 922 663 410 485 741 102 338 578 201 236 165 109 767 704 833 34 351 567 662 454 
493 767 685 464 134 765 879 250 407 418 547 562 398 367 484 114 682 334 801 333 426 68 924 102 876 41 658 811 645 246 602 840 42 379 295 489 815 113 302 784 461 266 341 437 507 823 779 987 141 557 0 827 358 920 112 381 360 61 715 901 538 17 174 552 779 659 292 232 996 221 784 584 738 245 702 441 77 735 791 643 748 597 469 458 516 932 190 875 345 256 
256 516 990 597 555 647 440 883 746 853 826 867 926 97 309 879 285 666 426 548 937 990 696 345 125 396 807 191 370 364 158 56 466 643 849 862 840 140 253 597 653 308 168 946 888 444 735 551 831 532 827 0 127 882 625 301 433 403 311 77 986 306 297 122 241 34 366 943 826 442 677 969 436 777 565 905 586 80 188 775 306 532 30 433 765 654 733 550 408 43 
846 195 392 892 197 699 916 753 101 175 461 460 535 808 427 162 954 972 358 35 634 672 147 346 960 494 259 55 786 759 324 804 216 280 392 515 786 876 586 995 378 802 823 961 975 592 373 706 540 187 358 127 0 626 746 700 274 867 941 308 232 883 485 25 911 453 460 39 369 716 624 448 904 750 106 787 132 538 552 785 622 453 545 16 78 642 715 351 508 7 
367 342 961 861 777 217 939 904 753 60 659 888 131 660 438 181 905 396 925 605 859 346 547 378 73 310 768 113 412 289 990 465 217 944 57 454 920 826 847 770 332 736 562 500 926 914 34 787 233 372 920 882 626 0 10 91 241 495 467 504 299 278 542 668 994 518 467 249 267 572 35 398 461 938 535 82 390 431 97 819 72 164 170 931 522 531 21 763 377 839 
173 349 113 391 810 40 735 820 897 477 776 847 975 99 498 767 117 614 558 776 532 67 864 769 829 4 526 638 177 495 722 559 237 924 505 378 464 256 563 475 129 362 130 267 173 376 805 377 939 915 112 625 746 10 0 266 676 116 159 695 109 676 513 709 943 85 96 692 897 385 226 331 127 656 779 945 727 942 466 9 464 997 381 578 373 219 195 400 335 353 
669 144 487 113 426 733 174 6 194 863 23 942 741 241 989 97 632 825 930 191 329 955 317 510 157 156 51 655 86 705 575 673 569 936 641 412 417 256 20 812 170 870 719 590 741 736 238 513 408 296 381 301 700 91 266 0 446 795 29 959 504 323 395 599 14 643 983 592 973 109 247 752 406 326 45 871 334 860 219 715 789 944 285 983 343 619 336 141 766 716 
564 369 780 282 207 89 135 598 552 747 463 200 160 863 63 763 115 115 139 617 188 654 527 474 103 94 427 194 185 507 666 766 799 902 849 853 670 265 130 846 115 801 918 345 239 417 66 576 55 735 360 433 274 241 676 446 0 451 269 390 845 219 403 839 553 994 812 14 593 915 419 270 311 641 603 171 860 669 959 803 954 294 497 924 629 989 689 696 439 309 
767 992 101 250 79 966 826 638 184 121 651 998 424 542 17 509 450 347 275 374 5 16 16 573 581 199 715 151 177 63 779 51 163 22 891 592 57 444 375 46 801 567 835 696 751 801 176 22 46 629 61 403 867 495 116 795 451 0 85 635 879 487 474 784 833 637 797 777 551 567 46 213 559 1000 383 418 669 694 572 974 987 421 897 967 409 938 662 200 598 746 
397 448 63 49 299 369 220 448 673 363 139 513 534 681 852 705 268 960 921 838 814 652 41 277 515 118 117 722 889 836 883 614 738 808 884 604 561 963 62 568 359 134 638 149 123 217 424 157 751 104 715 311 941 467 159 29 269 85 0 186 477 584 659 260 768 647 408 544 549 974 589 762 884 941 496 302 609 189 225 934 527 997 830 493 758 119 506 957 717 251 
131 21 835 117 76 162 937 41 325 831 949 221 1000 592 731 622 276 381 187 629 511 616 913 481 235 923 186 811 680 254 201 642 291 77 272 452 909 668 589 652 905 405 204 378 986 275 150 797 459 260 901 77 308 504 695 959 390 635 186 0 494 545 187 505 804 306 151 563 850 700 888 790 813 771 730 308 424 690 849 649 623 375 997 805 220 754 923 725 62 991 
1000 465 302 780 606 979 830 321 615 32 159 876 540 145 29 341 716 487 499 92 634 12 469 697 302 748 412 75 987 520 251 912 114 356 572 549 511 798 935 693 487 956 782 540 610 769 373 133 634 345 538 986 232 299 109 504 845 879 477 494 0 328 556 535 866 60 690 171 562 252 20 613 139 162 425 910 243 733 333 933 933 333 907 307 330 711 878 83 986 603 
255 724 561 163 676 801 52 662 140 781 827 12 640 715 544 526 798 202 719 598 797 358 733 162 695 157 744 181 117 997 25 334 24 951 402 853 571 510 217 831 90 713 537 704 676 83 21 198 600 466 17 306 883 278 676 323 219 487 584 545 328 0 497 976 282 52 511 147 463 200 317 24 452 689 637 942 202 413 851 444 497 184 728 429 868 635 736 197 697 965 
501 768 848 206 421 214 691 321 320 916 373 983 304 866 727 744 7 449 354 788 384 985 251 455 3 562 385 461 59 339 340 399 833 753 278 907 953 209 539 111 797 11 834 609 595 987 174 177 464 286 174 297 485 542 513 395 403 474 659 187 556 497 0 632 682 567 128 658 200 531 520 346 993 719 15 368 522 55 356 464 256 769 666 51 617 201 779 46 69 765 
772 811 708 114 503 889 314 137 776 264 282 380 963 37 71 291 319 432 916 896 522 202 912 969 725 441 504 502 610 445 242 974 678 852 154 499 342 72 722 945 604 835 952 633 286 656 146 93 384 23 552 122 25 668 709 599 839 784 260 505 535 976 632 0 133 265 461 97 248 495 16 375 152 215 257 23 561 249 93 927 969 967 981 324 430 588 444 447 638 413 
478 104 132 557 486 456 60 233 701 512 856 579 213 439 215 831 874 698 740 526 414 54 616 471 810 396 933 925 847 569 868 305 952 480 941 301 992 872 196 32 416 401 608 950 234 521 801 757 110 89 779 241 911 994 943 14 553 833 768 804 866 282 682 133 0 648 768 458 716 884 942 332 345 38 580 191 53 306 342 620 563 716 532 163 808 458 131 774 438 807 
70 258 838 258 845 154 482 524 441 750 587 736 92 843 299 816 659 387 18 790 950 949 120 285 145 562 718 531 362 33 818 533 286 368 796 252 849 517 744 64 684 268 81 360 721 904 475 869 12 598 659 34 453 518 85 643 994 637 647 306 60 52 567 265 648 0 555 25 602 2 14 14 1 782 823 68 665 764 399 361 154 330 551 558 988 244 177 550 959 708 
702 990 782 85 819 126 718 259 783 272 843 337 254 682 413 867 657 233 492 995 47 970 615 704 200 783 752 384 763 568 29 375 575 166 813 981 116 367 764 111 194 92 780 419 739 718 808 823 362 983 292 366 460 467 96 983 812 797 408 151 690 511 128 461 768 555 0 64 119 165 547 892 954 705 447 330 658 800 344 24 800 125 846 867 141 962 617 502 467 947 
538 439 498 236 902 984 561 649 712 507 285 379 472 601 890 635 138 68 1 156 659 952 150 936 362 157 707 727 312 149 927 869 278 736 835 373 17 642 792 605 569 773 184 67 581 866 438 108 456 541 232 943 39 249 692 592 14 777 544 563 171 147 658 97 458 25 64 0 52 24 934 648 553 835 606 612 250 724 777 796 968 82 500 766 412 510 565 755 533 364 
755 613 277 186 478 705 381 829 285 229 419 785 825 96 812 502 283 834 769 146 409 991 720 23 649 586 227 476 743 841 327 535 713 166 912 168 900 386 96 498 734 6 63 934 793 32 646 992 526 125 996 826 369 267 897 973 593 551 549 850 562 463 200 248 716 602 119 52 0 231 730 582 371 691 198 224 157 496 628 533 781 275 85 967 232 696 217 308 824 12 
46 478 687 244 68 646 501 907 977 608 407 578 302 320 504 256 196 509 114 199 842 191 209 348 172 177 761 27 743 2 735 945 129 804 576 568 439 570 121 651 630 869 970 766 504 372 292 52 717 303 221 442 716 572 385 109 915 567 974 700 252 200 531 495 884 2 165 24 231 0 627 258 864 392 21 373 956 127 905 671 357 634 252 79 677 801 655 185 297 282 
398 798 764 907 776 61 183 494 973 245 564 786 558 331 26 599 55 808 795 908 638 180 463 85 672 409 483 363 451 176 839 813 488 591 933 722 246 571 56 239 119 611 630 314 426 186 222 237 11 922 784 677 624 35 226 247 419 46 589 888 20 317 520 16 942 14 547 934 730 627 0 69 77 556 505 44 139 201 260 798 376 623 424 985 838 815 5 210 770 131 
445 182 70 121 81 993 189 711 596 673 694 593 442 950 278 230 108 119 87 284 243 261 158 10 702 299 683 455 838 743 29 463 865 250 211 589 505 176 245 872 703 544 494 578 130 733 760 849 26 663 584 969 448 398 331 752 270 213 762 790 613 24 346 375 332 14 892 648 582 258 69 0 466 792 839 452 395 270 128 196 924 664 844 205 733 920 112 237 315 250 
732 460 764 781 807 600 930 187 677 244 986 400 656 691 90 894 451 193 817 694 579 300 557 497 491 595 134 803 530 886 442 841 550 369 706 743 612 726 987 125 716 357 430 383 506 846 42 6 327 410 738 436 904 461 127 406 311 559 884 813 139 452 993 152 345 1 954 553 371 864 77 466 0 789 926 48 517 901 823 501 738 638 858 948 759 988 765 551 179 216 
215 288 718 351 717 523 869 163 145 45 172 588 526 141 861 572 806 871 493 638 851 380 559 112 690 12 349 348 745 40 925 492 233 723 195 866 128 194 879 441 714 705 560 395 616 246 381 399 624 485 245 777 750 938 656 326 641 1000 941 771 162 689 719 215 38 782 705 835 691 392 556 792 789 0 945 448 695 492 371 359 335 927 443 255 38 31 921 639 820 199 
655 716 181 560 91 860 361 541 342 575 90 812 809 830 911 690 902 147 591 628 80 539 332 550 24 91 857 290 929 175 473 933 314 398 893 471 713 310 466 784 854 568 682 860 515 25 961 159 313 741 702 565 106 535 779 45 603 383 496 730 425 637 15 257 580 823 447 606 198 21 505 839 926 945 0 38 688 99 861 188 836 498 45 135 256 385 900 158 915 467 
364 38 842 268 270 510 808 454 669 203 359 315 242 329 416 196 870 457 350 542 102 428 898 997 1000 719 975 553 607 867 387 766 136 62 1 105 117 435 76 672 265 934 493 202 361 774 208 197 961 102 441 905 787 82 945 871 171 418 302 308 910 942 368 23 191 68 330 612 224 373 44 452 48 448 38 0 455 362 162 946 84 872 281 10 666 887 47 696 807 37 
569 353 159 606 911 273 392 136 460 330 375 314 547 678 781 569 504 240 354 918 331 839 505 356 376 469 521 854 944 832 51 965 439 694 613 625 381 932 571 190 605 596 203 610 536 428 340 979 101 338 77 586 132 390 727 334 860 669 609 424 243 202 522 561 53 665 658 250 157 956 139 395 517 695 688 455 0 867 357 75 554 455 935 94 643 784 490 777 391 874 
289 945 143 619 103 137 882 683 750 633 576 464 937 979 951 383 876 87 457 736 228 106 879 270 708 955 380 856 225 213 443 975 251 763 517 631 88 461 404 439 389 899 231 677 438 949 378 347 176 578 735 80 538 431 942 860 669 694 189 690 733 413 55 249 306 764 800 724 496 127 201 270 901 492 99 362 867 0 28 549 140 847 355 501 360 300 584 583 580 945 
848 426 28 829 69 797 190 622 915 573 741 956 690 224 978 188 158 398 475 672 889 432 553 542 855 998 526 181 539 791 198 162 214 657 546 399 189 691 455 335 228 631 94 559 918 311 1000 163 968 201 791 188 552 97 466 219 959 572 225 849 333 851 356 93 342 399 344 777 628 905 260 128 823 371 861 162 357 28 0 248 818 343 295 977 380 162 333 454 715 788 
846 998 374 139 182 788 398 145 568 587 628 116 351 301 852 972 124 535 430 591 620 385 999 316 73 359 764 474 322 849 360 823 930 898 400 242 356 460 648 379 606 170 247 775 63 638 772 356 382 236 643 775 785 819 9 715 803 974 934 649 933 444 464 927 620 361 24 796 533 671 798 196 501 359 188 946 75 549 248 0 740 808 430 523 298 558 265 523 938 165 
613 233 672 15 250 255 514 341 649 264 69 134 755 654 263 203 18 216 292 882 305 643 218 363 451 719 940 361 995 141 626 772 305 792 215 145 404 561 264 541 528 72 400 102 994 172 230 556 187 165 748 306 622 72 464 789 954 987 527 623 933 497 256 969 563 154 800 968 781 357 376 924 738 335 836 84 554 140 818 740 0 663 784 519 515 143 819 451 77 750 
340 544 713 292 202 913 420 223 321 990 639 869 87 942 461 302 839 731 275 356 667 851 828 643 82 38 184 991 183 37 151 353 607 387 841 240 3 803 108 118 689 896 435 995 777 485 778 149 108 109 597 532 453 164 997 944 294 421 997 375 333 184 769 967 716 330 125 82 275 634 623 664 638 927 498 872 455 847 343 808 663 0 395 324 568 738 618 544 117 131 
453 513 363 735 736 434 838 27 665 791 453 334 276 398 160 851 761 552 855 138 556 374 694 660 549 755 570 664 43 564 517 231 747 892 248 103 547 599 901 327 258 829 766 72 302 433 506 258 564 767 469 30 545 170 381 285 497 897 830 997 907 728 666 981 532 551 846 500 85 252 424 844 858 443 45 281 935 355 295 430 784 395 0 876 922 846 15 661 5 796 
810 779 64 907 446 953 781 94 749 438 882 593 641 461 42 716 324 187 2 268 290 314 716 708 762 565 198 768 780 900 950 927 872 72 606 659 541 436 850 887 257 225 575 414 969 115 602 261 78 704 458 433 16 931 578 983 924 967 493 805 307 429 51 324 163 558 867 766 967 79 985 205 948 255 135 10 94 501 977 523 519 324 876 0 535 654 706 151 177 643 
707 237 673 153 979 129 359 127 425 401 297 757 569 602 898 834 95 478 551 960 877 196 374 373 506 347 303 456 595 677 493 818 175 330 249 693 274 980 954 239 372 631 348 846 702 398 163 288 693 833 516 765 78 522 373 343 629 409 758 220 330 868 617 430 808 988 141 412 232 677 838 733 759 38 256 666 643 360 380 298 515 568 922 535 0 316 191 778 186 57 
625 862 828 478 897 825 572 198 561 619 580 181 251 848 657 969 877 165 765 914 440 792 909 780 730 110 448 301 219 58 590 141 335 167 104 832 363 206 815 154 387 190 896 338 475 808 310 635 502 34 932 654 642 531 219 619 989 938 119 754 711 635 201 588 458 244 962 510 696 801 815 920 988 31 385 887 784 300 162 558 143 738 846 654 316 0 272 4 507 348 
478 922 902 371 223 37 307 99 294 653 256 886 382 701 382 813 307 11 283 458 970 269 33 217 918 720 600 774 217 956 524 599 792 7 599 422 957 43 221 51 778 94 293 3 61 850 192 126 486 351 190 733 715 21 195 336 689 662 506 923 878 736 779 444 131 177 617 565 217 655 5 112 765 921 900 47 490 584 333 265 819 618 15 706 191 272 0 106 254 23 
622 606 452 786 537 569 493 724 977 147 760 308 728 816 313 597 210 944 689 577 64 202 901 846 609 792 81 1 131 183 510 935 325 231 449 897 944 245 83 436 839 432 265 191 940 167 228 863 99 567 875 550 351 763 400 141 696 200 957 725 83 197 46 447 774 550 502 755 308 185 210 237 551 639 158 696 777 583 454 523 451 544 661 151 778 4 106 0 673 991 
744 205 280 727 327 142 750 835 744 91 583 178 26 389 26 829 678 863 39 639 444 808 277 353 310 660 162 803 395 121 721 543 497 188 346 423 419 1 541 199 539 109 82 33 577 960 837 656 899 662 345 408 508 377 335 766 439 598 717 62 986 697 69 638 438 959 467 533 824 297 770 315 179 820 915 807 391 580 715 938 77 117 5 177 186 507 254 673 0 992 
875 721 964 419 522 757 526 899 966 15 395 398 267 733 233 517 574 970 203 647 136 272 73 845 784 189 716 495 457 143 758 213 529 166 482 26 869 6 635 618 137 579 930 503 183 418 967 282 588 454 256 43 7 839 353 716 309 746 251 991 603 965 765 413 807 708 947 364 12 282 131 250 216 199 467 37 874 945 788 165 750 131 796 643 57 348 23 991 992 0 
