30
0 55 24 10 25 85 37 85 91 84 11 56 55 61 33 75 15 77 27 88 32 25 94 74 62 52 52 16 31 30 
55 0 28 99 84 3 60 60 87 48 96 78 31 7 85 86 19 69 12 33 45 39 73 76 63 66 2 76 70 53 
24 28 0 91 100 82 70 50 18 24 9 29 11 56 25 40 87 83 24 24 1 44 87 85 88 25 57 16 39 75 
10 99 91 0 69 14 44 21 57 95 55 78 45 24 2 53 52 64 61 28 3 99 10 78 22 10 21 8 95 60 
25 84 100 69 0 85 3 75 23 77 43 89 72 16 97 67 22 26 63 45 27 15 96 90 27 76 44 25 85 21 
85 3 82 14 85 0 98 47 93 58 93 53 42 95 79 16 24 74 56 95 89 52 13 62 78 75 6 56 42 53 
37 60 70 44 3 98 0 98 20 28 41 45 65 14 42 11 6 99 3 10 92 97 89 8 72 62 63 67 2 67 
85 60 50 21 75 47 98 0 31 63 96 58 68 51 51 72 100 70 100 93 66 64 6 8 74 63 58 28 73 50 
91 87 18 57 23 93 20 31 0 24 13 57 96 74 71 14 75 37 96 37 32 5 56 35 55 27 34 77 78 26 
84 48 24 95 77 58 28 63 24 0 42 93 83 49 18 98 7 45 22 8 21 34 64 68 7 34 81 33 23 28 
11 96 9 55 43 93 41 96 13 42 0 69 6 33 76 40 39 2 26 15 32 51 9 24 86 57 42 83 15 86 
56 78 29 78 89 53 45 58 57 93 69 0 4 22 6 37 37 25 95 23 57 27 45 85 47 50 69 22 42 7 
55 31 11 45 72 42 65 68 96 83 6 4 0 75 67 74 6 69 82 30 6 90 23 88 57 60 43 30 18 31 
61 7 56 24 16 95 14 51 74 49 33 22 75 0 67 42 25 41 99 3 85 83 49 86 51 22 79 9 97 45 
33 85 25 2 97 79 42 51 71 18 76 6 67 67 0 82 54 66 15 83 71 5 57 11 61 17 5 90 34 36 
75 86 40 53 67 16 11 72 14 98 40 37 74 42 82 0 8 75 60 48 73 15 32 7 63 70 9 37 48 18 
15 19 87 52 22 24 6 100 75 7 39 37 6 25 54 8 0 33 45 51 38 62 66 73 84 70 29 46 82 45 
77 69 83 64 26 74 99 70 37 45 2 25 69 41 66 75 33 0 51 71 78 86 79 5 97 78 77 11 62 36 
27 12 24 61 63 56 3 100 96 22 26 95 82 99 15 60 45 51 0 26 31 44 62 30 13 46 26 64 83 39 
88 33 24 28 45 95 10 93 37 8 15 23 30 3 83 48 51 71 26 0 81 7 23 50 36 68 83 80 70 5 
32 45 1 3 27 89 92 66 32 21 32 57 6 85 71 73 38 78 31 81 0 10 55 83 14 4 13 42 14 74 
25 39 44 99 15 52 97 64 5 34 51 27 90 83 5 15 62 86 44 7 10 0 77 91 4 21 4 85 33 1 
94 73 87 10 96 13 89 6 56 64 9 45 23 49 57 32 66 79 62 23 55 77 0 63 48 84 1 28 90 23 
74 76 85 78 90 62 8 8 35 68 24 85 88 86 11 7 73 5 30 50 83 91 63 0 29 77 43 11 57 12 
62 63 88 22 27 78 72 74 55 7 86 47 57 51 61 63 84 97 13 36 14 4 48 29 0 16 18 19 50 31 
52 66 25 10 76 75 62 63 27 34 57 50 60 22 17 70 70 78 46 68 4 21 84 77 16 0 22 62 72 87 
52 2 57 21 44 6 63 58 34 81 42 69 43 79 5 9 29 77 26 83 13 4 1 43 18 22 0 35 49 78 
16 76 16 8 25 56 67 28 77 33 83 22 30 9 90 37 46 11 64 80 42 85 28 11 19 62 35 0 90 21 
31 70 39 95 85 42 2 73 78 23 15 42 18 97 34 48 82 62 83 70 14 33 90 57 50 72 49 90 0 81 
30 53 75 60 21 53 67 50 26 28 86 7 31 45 36 18 45 36 39 5 74 1 23 12 31 87 78 21 81 0 
