20
0 43 10 76 38 55 23 3 2 50 27 92 52 68 49 21 27 87 84 8 
43 0 72 14 93 88 52 30 68 81 47 33 67 78 27 28 5 64 82 27 
10 72 0 18 36 29 44 79 32 12 27 5 90 13 88 97 36 53 42 76 
76 14 18 0 5 71 43 85 18 75 3 47 54 30 51 17 64 30 87 99 
38 93 36 5 0 58 30 77 89 41 55 93 31 19 32 79 6 85 20 81 
55 88 29 71 58 0 41 43 24 77 60 50 32 58 3 61 60 72 76 89 
23 52 44 43 30 41 0 58 74 46 39 2 87 32 56 31 14 74 63 92 
3 30 79 85 77 43 58 0 80 99 64 60 91 6 83 67 17 85 98 74 
2 68 32 18 89 24 74 80 0 87 11 85 10 86 74 19 12 71 58 13 
50 81 12 75 41 77 46 99 87 0 9 89 69 40 2 94 54 45 25 52 
27 47 27 3 55 60 39 64 11 9 0 60 85 94 65 19 60 33 3 10 
92 33 5 47 93 50 2 60 85 89 60 0 58 42 20 43 3 57 16 22 
52 67 90 54 31 32 87 91 10 69 85 58 0 68 38 31 33 47 19 53 
68 78 13 30 19 58 32 6 86 40 94 42 68 0 86 72 46 91 68 71 
49 27 88 51 32 3 56 83 74 2 65 20 38 86 0 42 28 7 87 44 
21 28 97 17 79 61 31 67 19 94 19 43 31 72 42 0 77 46 77 80 
27 5 36 64 6 60 14 17 12 54 60 3 33 46 28 77 0 7 86 73 
87 64 53 30 85 72 74 85 71 45 33 57 47 91 7 46 7 0 78 28 
84 82 42 87 20 76 63 98 58 25 3 16 19 68 87 77 86 78 0 75 
8 27 76 99 81 89 92 74 13 52 10 22 53 71 44 80 73 28 75 0 
