10
0 706 405 734 800 735 820 316 436 88 
706 0 854 670 451 488 803 838 563 90 
405 854 0 611 206 961 705 912 558 830 
734 670 611 0 404 817 893 822 523 606 
800 451 206 404 0 444 580 362 529 379 
735 488 961 817 444 0 448 701 46 883 
820 803 705 893 580 448 0 788 900 552 
316 838 912 822 362 701 788 0 590 387 
436 563 558 523 529 46 900 590 0 354 
88 90 830 606 379 883 552 387 354 0 
