30
0 598 198 830 558 341 554 716 477 357 624 435 646 308 199 766 513 753 681 989 566 135 407 583 896 249 366 201 700 937 
598 0 901 665 887 98 494 444 791 399 511 267 755 134 53 752 793 251 870 657 355 902 998 921 36 404 855 932 652 572 
198 901 0 484 704 861 385 368 747 482 862 190 624 260 700 242 367 186 294 470 330 896 339 987 251 240 984 171 276 387 
830 665 484 0 25 559 390 596 42 93 456 426 461 554 260 674 743 235 933 795 477 651 332 770 121 13 666 459 351 268 
558 887 704 25 0 51 334 438 678 72 814 236 814 761 629 906 569 407 718 122 666 743 217 252 28 11 728 678 694 850 
341 98 861 559 51 0 798 706 515 609 409 134 11 94 923 688 166 736 275 331 496 903 588 64 661 306 538 326 400 754 
554 494 385 390 334 798 0 578 427 116 657 105 809 506 254 866 372 214 274 505 224 720 427 911 237 514 537 567 10 440 
716 444 368 596 438 706 578 0 154 425 100 811 962 778 211 715 707 637 830 715 741 990 221 347 208 592 560 833 449 784 
477 791 747 42 678 515 427 154 0 552 875 46 788 389 583 354 750 374 860 526 825 670 488 954 880 554 660 869 736 727 
357 399 482 93 72 609 116 425 552 0 961 77 947 307 284 890 867 469 338 2 372 565 47 160 305 629 865 406 2 76 
624 511 862 456 814 409 657 100 875 961 0 931 827 746 418 780 977 324 792 845 59 870 158 487 816 464 771 57 682 591 
435 267 190 426 236 134 105 811 46 77 931 0 747 683 962 311 82 473 967 710 338 372 64 765 302 242 510 72 373 839 
646 755 624 461 814 11 809 962 788 947 827 747 0 747 516 35 805 385 192 291 552 656 413 609 689 355 355 372 317 17 
308 134 260 554 761 94 506 778 389 307 746 683 747 0 805 789 983 514 478 354 929 243 7 170 104 430 895 942 176 410 
199 53 700 260 629 923 254 211 583 284 418 962 516 805 0 977 332 795 520 975 698 175 739 306 864 94 12 587 410 28 
766 752 242 674 906 688 866 715 354 890 780 311 35 789 977 0 391 550 362 256 380 67 185 974 426 706 429 855 600 723 
513 793 367 743 569 166 372 707 750 867 977 82 805 983 332 391 0 31 362 51 362 508 570 336 205 97 75 511 312 520 
753 251 186 235 407 736 214 637 374 469 324 473 385 514 795 550 31 0 874 250 281 254 640 830 615 247 561 682 783 886 
681 870 294 933 718 275 274 830 860 338 792 967 192 478 520 362 362 874 0 107 841 667 313 440 389 343 801 439 57 660 
989 657 470 795 122 331 505 715 526 2 845 710 291 354 975 256 51 250 107 0 360 392 865 456 818 727 119 337 600 368 
566 355 330 477 666 496 224 741 825 372 59 338 552 929 698 380 362 281 841 360 0 617 853 359 799 820 606 711 853 740 
135 902 896 651 743 903 720 990 670 565 870 372 656 243 175 67 508 254 667 392 617 0 949 311 580 615 623 20 3 966 
407 998 339 332 217 588 427 221 488 47 158 64 413 7 739 185 570 640 313 865 853 949 0 172 793 22 832 504 765 48 
583 921 987 770 252 64 911 347 954 160 487 765 609 170 306 974 336 830 440 456 359 311 172 0 960 935 774 78 623 373 
896 36 251 121 28 661 237 208 880 305 816 302 689 104 864 426 205 615 389 818 799 580 793 960 0 798 592 578 156 742 
249 404 240 13 11 306 514 592 554 629 464 242 355 430 94 706 97 247 343 727 820 615 22 935 798 0 397 761 804 249 
366 855 984 666 728 538 537 560 660 865 771 510 355 895 12 429 75 561 801 119 606 623 832 774 592 397 0 853 752 559 
201 932 171 459 678 326 567 833 869 406 57 72 372 942 587 855 511 682 439 337 711 20 504 78 578 761 853 0 432 366 
700 652 276 351 694 400 10 449 736 2 682 373 317 176 410 600 312 783 57 600 853 3 765 623 156 804 752 432 0 533 
937 572 387 268 850 754 440 784 727 76 591 839 17 410 28 723 520 886 660 368 740 966 48 373 742 249 559 366 533 0 
