30
0 352 258 75 964 724 259 921 842 48 988 63 804 838 838 721 292 99 978 859 43 482 36 382 663 815 778 136 150 797 
352 0 100 977 500 357 403 816 432 661 736 625 60 723 39 863 912 876 935 555 974 264 413 368 746 449 750 408 263 527 
258 100 0 543 764 676 995 92 527 351 494 342 135 154 77 759 213 151 798 75 62 25 9 617 999 625 29 718 370 829 
75 977 543 0 819 129 444 346 672 207 373 18 299 899 368 144 241 854 298 669 613 862 172 762 289 233 786 649 201 136 
964 500 764 819 0 273 582 854 994 410 672 123 205 369 146 412 93 163 62 344 882 205 936 736 854 604 348 68 775 461 
724 357 676 129 273 0 708 360 246 356 560 382 981 493 587 974 255 610 96 459 331 241 222 423 403 283 766 285 840 701 
259 403 995 444 582 708 0 20 45 657 719 464 783 179 171 494 776 527 406 509 507 898 95 480 152 57 928 963 387 168 
921 816 92 346 854 360 20 0 184 161 923 819 279 559 658 979 930 54 987 1000 518 122 178 688 967 305 566 372 814 424 
842 432 527 672 994 246 45 184 0 622 260 256 125 316 183 87 54 702 271 215 976 89 493 534 98 823 463 503 162 462 
48 661 351 207 410 356 657 161 622 0 20 635 991 60 601 296 625 325 461 49 946 720 304 422 388 838 509 441 539 131 
988 736 494 373 672 560 719 923 260 20 0 7 515 571 851 400 20 674 215 522 187 676 894 821 19 953 421 666 929 745 
63 625 342 18 123 382 464 819 256 635 7 0 126 329 42 845 984 464 584 173 324 25 712 806 383 578 728 234 329 747 
804 60 135 299 205 981 783 279 125 991 515 126 0 907 543 620 93 571 865 265 589 169 685 254 450 782 379 778 175 575 
838 723 154 899 369 493 179 559 316 60 571 329 907 0 114 638 159 286 313 535 349 470 917 278 197 150 607 295 408 149 
838 39 77 368 146 587 171 658 183 601 851 42 543 114 0 915 852 719 131 116 659 300 153 912 749 934 642 878 460 217 
721 863 759 144 412 974 494 979 87 296 400 845 620 638 915 0 991 450 727 277 762 261 625 232 177 903 428 679 509 75 
292 912 213 241 93 255 776 930 54 625 20 984 93 159 852 991 0 86 9 341 938 80 471 405 738 122 557 2 870 842 
99 876 151 854 163 610 527 54 702 325 674 464 571 286 719 450 86 0 643 748 302 211 90 751 937 366 864 197 343 95 
978 935 798 298 62 96 406 987 271 461 215 584 865 313 131 727 9 643 0 726 245 875 404 105 949 841 465 289 130 544 
859 555 75 669 344 459 509 1000 215 49 522 173 265 535 116 277 341 748 726 0 759 535 282 881 91 635 102 285 277 201 
43 974 62 613 882 331 507 518 976 946 187 324 589 349 659 762 938 302 245 759 0 586 488 291 688 776 8 551 325 350 
482 264 25 862 205 241 898 122 89 720 676 25 169 470 300 261 80 211 875 535 586 0 646 50 946 872 805 402 820 645 
36 413 9 172 936 222 95 178 493 304 894 712 685 917 153 625 471 90 404 282 488 646 0 867 460 775 410 570 661 43 
382 368 617 762 736 423 480 688 534 422 821 806 254 278 912 232 405 751 105 881 291 50 867 0 802 103 677 904 387 306 
663 746 999 289 854 403 152 967 98 388 19 383 450 197 749 177 738 937 949 91 688 946 460 802 0 456 972 145 98 659 
815 449 625 233 604 283 57 305 823 838 953 578 782 150 934 903 122 366 841 635 776 872 775 103 456 0 920 106 562 244 
778 750 29 786 348 766 928 566 463 509 421 728 379 607 642 428 557 864 465 102 8 805 410 677 972 920 0 807 207 645 
136 408 718 649 68 285 963 372 503 441 666 234 778 295 878 679 2 197 289 285 551 402 570 904 145 106 807 0 753 78 
150 263 370 201 775 840 387 814 162 539 929 329 175 408 460 509 870 343 130 277 325 820 661 387 98 562 207 753 0 449 
797 527 829 136 461 701 168 424 462 131 745 747 575 149 217 75 842 95 544 201 350 645 43 306 659 244 645 78 449 0 
