30
0 8 71 3 28 47 45 7 63 90 42 33 28 23 17 60 19 49 16 22 49 73 6 65 42 81 44 44 61 90 
8 0 29 79 97 99 82 77 97 78 83 59 19 24 44 46 98 12 57 68 61 25 41 61 49 46 25 90 78 21 
71 29 0 33 38 10 13 17 58 11 50 34 7 79 16 65 97 91 60 95 40 72 3 8 84 27 48 44 75 46 
3 79 33 0 68 16 23 40 100 61 1 12 29 59 22 30 44 28 8 60 45 56 2 56 2 42 27 57 1 10 
28 97 38 68 0 83 48 53 10 93 73 77 68 64 77 80 65 40 8 23 14 89 66 93 48 77 37 55 31 45 
47 99 10 16 83 0 57 24 71 13 24 33 47 71 37 8 16 61 85 83 25 13 14 89 4 21 63 17 61 80 
45 82 13 23 48 57 0 10 60 9 98 14 39 42 22 62 65 86 85 97 85 7 85 92 74 46 28 8 22 40 
7 77 17 40 53 24 10 0 21 10 96 93 24 12 5 3 21 64 11 71 78 1 12 99 62 76 37 98 24 21 
63 97 58 100 10 71 60 21 0 57 61 12 30 6 92 90 27 83 10 88 78 55 63 90 59 65 62 23 28 32 
90 78 11 61 93 13 9 10 57 0 52 28 44 50 42 71 38 39 47 58 95 7 22 77 64 13 66 42 95 27 
42 83 50 1 73 24 98 96 61 52 0 81 73 33 43 14 92 59 75 66 38 7 17 66 2 18 59 72 56 49 
33 59 34 12 77 33 14 93 12 28 81 0 70 13 44 76 34 72 91 98 89 84 93 15 64 17 100 58 30 91 
28 19 7 29 68 47 39 24 30 44 73 70 0 17 4 56 54 10 72 71 11 89 81 35 96 30 4 9 73 32 
23 24 79 59 64 71 42 12 6 50 33 13 17 0 94 96 74 44 84 58 36 50 73 4 49 31 33 91 99 88 
17 44 16 22 77 37 22 5 92 42 43 44 4 94 0 46 4 98 69 27 60 10 7 46 5 36 50 65 60 33 
60 46 65 30 80 8 62 3 90 71 14 76 56 96 46 0 11 55 6 54 90 15 41 92 88 44 92 70 28 83 
19 98 97 44 65 16 65 21 27 38 92 34 54 74 4 11 0 20 15 80 23 12 49 49 24 10 8 69 14 43 
49 12 91 28 40 61 86 64 83 39 59 72 10 44 98 55 20 0 70 31 55 2 41 61 60 46 51 26 86 94 
16 57 60 8 8 85 85 11 10 47 75 91 72 84 69 6 15 70 0 13 81 85 34 8 67 53 22 99 28 86 
22 68 95 60 23 83 97 71 88 58 66 98 71 58 27 54 80 31 13 0 99 28 61 8 35 29 73 30 51 3 
49 61 40 45 14 25 85 78 78 95 38 89 11 36 60 90 23 55 81 99 0 84 4 95 44 63 40 46 89 25 
73 25 72 56 89 13 7 1 55 7 7 84 89 50 10 15 12 2 85 28 84 0 39 53 5 24 39 64 42 43 
6 41 3 2 66 14 85 12 63 22 17 93 81 73 7 41 49 41 34 61 4 39 0 86 40 22 23 38 50 83 
65 61 8 56 93 89 92 99 90 77 66 15 35 4 46 92 49 61 8 8 95 53 86 0 45 36 63 70 17 13 
42 49 84 2 48 4 74 62 59 64 2 64 96 49 5 88 24 60 67 35 44 5 40 45 0 72 100 17 67 96 
81 46 27 42 77 21 46 76 65 13 18 17 30 31 36 44 10 46 53 29 63 24 22 36 72 0 31 58 93 71 
44 25 48 27 37 63 28 37 62 66 59 100 4 33 50 92 8 51 22 73 40 39 23 63 100 31 0 83 32 76 
44 90 44 57 55 17 8 98 23 42 72 58 9 91 65 70 69 26 99 30 46 64 38 70 17 58 83 0 39 7 
61 78 75 1 31 61 22 24 28 95 56 30 73 99 60 28 14 86 28 51 89 42 50 17 67 93 32 39 0 66 
90 21 46 10 45 80 40 21 32 27 49 91 32 88 33 83 43 94 86 3 25 43 83 13 96 71 76 7 66 0 
