30
0 73 68 44 6 10 15 85 45 69 77 72 28 41 83 62 49 13 70 25 14 57 60 10 51 72 57 87 77 91 
73 0 7 81 15 26 77 21 35 91 57 32 59 33 55 39 25 38 100 74 50 21 50 63 77 9 72 28 81 80 
68 7 0 66 9 70 24 90 85 49 66 57 36 8 65 67 18 97 21 56 21 58 55 46 59 76 95 74 52 56 
44 81 66 0 97 31 36 77 96 96 46 19 37 82 20 54 90 55 61 54 73 79 2 93 34 23 3 41 20 13 
6 15 9 97 0 68 15 86 71 70 83 2 57 11 49 52 56 20 41 90 39 94 79 45 55 85 17 33 86 61 
10 26 70 31 68 0 18 60 15 58 80 28 77 46 65 48 67 99 49 23 9 49 26 17 68 66 6 58 60 36 
15 77 24 36 15 18 0 54 66 72 70 50 58 83 67 69 49 77 100 28 53 45 93 100 11 43 100 85 52 1 
85 21 90 77 86 60 54 0 63 20 20 80 77 78 91 12 31 56 84 53 5 93 87 24 61 35 100 61 63 4 
45 35 85 96 71 15 66 63 0 57 7 4 20 49 55 56 52 55 70 71 75 50 47 4 92 11 34 48 46 38 
69 91 49 96 70 58 72 20 57 0 4 38 76 27 50 11 78 62 25 82 71 31 37 90 79 91 45 31 46 15 
77 57 66 46 83 80 70 20 7 4 0 53 72 16 100 75 7 62 60 6 7 98 10 96 73 88 97 35 18 59 
72 32 57 19 2 28 50 80 4 38 53 0 59 99 29 89 87 70 20 77 66 2 74 32 54 45 47 5 71 6 
28 59 36 37 57 77 58 77 20 76 72 59 0 66 31 11 72 80 72 19 4 60 16 39 77 74 97 27 54 38 
41 33 8 82 11 46 83 78 49 27 16 99 66 0 13 75 57 41 40 10 67 72 63 63 70 20 34 75 85 64 
83 55 65 20 49 65 67 91 55 50 100 29 31 13 0 86 9 95 57 27 98 68 42 36 96 67 85 22 72 22 
62 39 67 54 52 48 69 12 56 11 75 89 11 75 86 0 86 46 30 79 38 39 45 9 53 59 78 72 92 53 
49 25 18 90 56 67 49 31 52 78 7 87 72 57 9 86 0 57 7 90 17 1 46 43 99 14 37 86 61 55 
13 38 97 55 20 99 77 56 55 62 62 70 80 41 95 46 57 0 70 83 79 43 20 24 72 98 61 10 94 21 
70 100 21 61 41 49 100 84 70 25 60 20 72 40 57 30 7 70 0 63 5 99 86 48 3 42 55 92 58 7 
25 74 56 54 90 23 28 53 71 82 6 77 19 10 27 79 90 83 63 0 89 53 57 54 41 95 15 95 64 97 
14 50 21 73 39 9 53 5 75 71 7 66 4 67 98 38 17 79 5 89 0 73 7 68 49 30 18 61 40 11 
57 21 58 79 94 49 45 93 50 31 98 2 60 72 68 39 1 43 99 53 73 0 34 54 15 32 39 63 86 33 
60 50 55 2 79 26 93 87 47 37 10 74 16 63 42 45 46 20 86 57 7 34 0 69 77 42 27 65 46 36 
10 63 46 93 45 17 100 24 4 90 96 32 39 63 36 9 43 24 48 54 68 54 69 0 19 86 30 33 33 45 
51 77 59 34 55 68 11 61 92 79 73 54 77 70 96 53 99 72 3 41 49 15 77 19 0 81 57 3 100 5 
72 9 76 23 85 66 43 35 11 91 88 45 74 20 67 59 14 98 42 95 30 32 42 86 81 0 33 17 18 24 
57 72 95 3 17 6 100 100 34 45 97 47 97 34 85 78 37 61 55 15 18 39 27 30 57 33 0 28 51 29 
87 28 74 41 33 58 85 61 48 31 35 5 27 75 22 72 86 10 92 95 61 63 65 33 3 17 28 0 94 34 
77 81 52 20 86 60 52 63 46 46 18 71 54 85 72 92 61 94 58 64 40 86 46 33 100 18 51 94 0 19 
91 80 56 13 61 36 1 4 38 15 59 6 38 64 22 53 55 21 7 97 11 33 36 45 5 24 29 34 19 0 
