20
0 34 69 92 4 95 72 5 79 47 79 18 56 72 80 34 69 94 100 85 
34 0 83 56 20 35 92 89 95 72 8 98 90 95 31 59 38 86 5 61 
69 83 0 90 83 59 21 1 14 92 32 47 13 77 47 97 59 54 68 46 
92 56 90 0 45 57 92 68 64 89 10 10 20 20 99 57 24 59 99 7 
4 20 83 45 0 17 19 59 83 62 42 29 74 19 27 71 29 81 38 74 
95 35 59 57 17 0 77 46 66 97 10 54 6 71 25 25 70 34 48 28 
72 92 21 92 19 77 0 32 6 97 50 64 79 11 58 59 37 76 86 59 
5 89 1 68 59 46 32 0 4 66 48 30 42 94 95 38 55 100 95 25 
79 95 14 64 83 66 6 4 0 77 19 46 10 19 26 93 24 22 42 40 
47 72 92 89 62 97 97 66 77 0 52 4 97 10 92 24 95 50 79 12 
79 8 32 10 42 10 50 48 19 52 0 98 60 54 91 54 43 97 6 90 
18 98 47 10 29 54 64 30 46 4 98 0 73 34 8 19 95 78 44 87 
56 90 13 20 74 6 79 42 10 97 60 73 0 54 17 80 93 68 83 41 
72 95 77 20 19 71 11 94 19 10 54 34 54 0 29 75 16 24 76 46 
80 31 47 99 27 25 58 95 26 92 91 8 17 29 0 35 73 6 40 15 
34 59 97 57 71 25 59 38 93 24 54 19 80 75 35 0 11 35 11 16 
69 38 59 24 29 70 37 55 24 95 43 95 93 16 73 11 0 24 36 1 
94 86 54 59 81 34 76 100 22 50 97 78 68 24 6 35 24 0 83 54 
100 5 68 99 38 48 86 95 42 79 6 44 83 76 40 11 36 83 0 95 
85 61 46 7 74 28 59 25 40 12 90 87 41 46 15 16 1 54 95 0 
