10
0 64 56 91 59 31 5 72 62 34 
64 0 86 90 74 5 52 6 51 69 
56 86 0 4 86 7 96 40 50 21 
91 90 4 0 68 27 64 78 97 82 
59 74 86 68 0 66 61 37 56 71 
31 5 7 27 66 0 19 12 43 33 
5 52 96 64 61 19 0 97 80 22 
72 6 40 78 37 12 97 0 71 85 
62 51 50 97 56 43 80 71 0 73 
34 69 21 82 71 33 22 85 73 0 
