30
0 55 100 8 40 40 82 62 29 83 96 26 18 58 95 35 23 18 86 91 36 33 73 94 78 44 28 9 71 18 
55 0 67 36 72 66 95 63 57 76 76 38 58 71 63 28 81 9 14 3 26 51 93 14 36 65 59 13 60 86 
100 67 0 73 30 55 91 17 27 8 64 89 65 91 17 54 1 87 68 28 67 76 93 21 53 95 65 18 30 30 
8 36 73 0 76 94 41 13 66 23 68 8 39 94 16 54 34 32 45 50 85 45 89 52 24 7 27 68 28 31 
40 72 30 76 0 62 92 49 44 73 24 37 14 37 55 36 56 62 26 1 77 80 34 8 76 36 44 20 76 95 
40 66 55 94 62 0 95 82 73 62 61 56 23 53 4 18 77 79 55 42 67 61 77 22 22 55 22 51 86 8 
82 95 91 41 92 95 0 58 61 43 2 32 70 48 26 51 21 39 12 28 13 16 31 31 92 61 37 34 28 97 
62 63 17 13 49 82 58 0 62 49 18 68 71 68 5 78 78 65 72 31 48 41 78 73 43 50 63 54 77 76 
29 57 27 66 44 73 61 62 0 21 59 6 65 20 42 50 47 90 63 95 7 83 17 27 87 94 4 52 17 34 
83 76 8 23 73 62 43 49 21 0 99 57 63 24 100 13 38 5 41 13 78 100 70 94 19 63 43 65 52 57 
96 76 64 68 24 61 2 18 59 99 0 11 11 39 28 37 26 73 40 29 90 25 27 98 87 2 49 51 92 6 
26 38 89 8 37 56 32 68 6 57 11 0 92 4 83 91 26 76 61 88 70 25 40 26 87 50 17 14 38 42 
18 58 65 39 14 23 70 71 65 63 11 92 0 39 29 70 28 53 48 77 91 2 26 42 93 31 85 96 65 27 
58 71 91 94 37 53 48 68 20 24 39 4 39 0 21 92 87 61 61 63 52 38 49 53 54 15 90 95 53 18 
95 63 17 16 55 4 26 5 42 100 28 83 29 21 0 16 32 22 64 8 64 17 85 5 9 15 41 56 79 67 
35 28 54 54 36 18 51 78 50 13 37 91 70 92 16 0 29 70 53 89 82 15 92 20 16 44 25 30 33 72 
23 81 1 34 56 77 21 78 47 38 26 26 28 87 32 29 0 34 2 87 65 75 2 24 38 18 9 95 78 75 
18 9 87 32 62 79 39 65 90 5 73 76 53 61 22 70 34 0 35 34 54 54 62 75 6 2 9 73 93 80 
86 14 68 45 26 55 12 72 63 41 40 61 48 61 64 53 2 35 0 88 36 4 17 20 75 2 73 14 18 47 
91 3 28 50 1 42 28 31 95 13 29 88 77 63 8 89 87 34 88 0 67 41 36 37 1 30 14 76 17 47 
36 26 67 85 77 67 13 48 7 78 90 70 91 52 64 82 65 54 36 67 0 81 70 60 7 75 61 15 99 53 
33 51 76 45 80 61 16 41 83 100 25 25 2 38 17 15 75 54 4 41 81 0 94 86 40 50 54 59 76 55 
73 93 93 89 34 77 31 78 17 70 27 40 26 49 85 92 2 62 17 36 70 94 0 83 41 72 29 8 65 65 
94 14 21 52 8 22 31 73 27 94 98 26 42 53 5 20 24 75 20 37 60 86 83 0 44 65 46 9 92 62 
78 36 53 24 76 22 92 43 87 19 87 87 93 54 9 16 38 6 75 1 7 40 41 44 0 8 24 83 67 31 
44 65 95 7 36 55 61 50 94 63 2 50 31 15 15 44 18 2 2 30 75 50 72 65 8 0 10 80 97 8 
28 59 65 27 44 22 37 63 4 43 49 17 85 90 41 25 9 9 73 14 61 54 29 46 24 10 0 84 43 94 
9 13 18 68 20 51 34 54 52 65 51 14 96 95 56 30 95 73 14 76 15 59 8 9 83 80 84 0 24 92 
71 60 30 28 76 86 28 77 17 52 92 38 65 53 79 33 78 93 18 17 99 76 65 92 67 97 43 24 0 99 
18 86 30 31 95 8 97 76 34 57 6 42 27 18 67 72 75 80 47 47 53 55 65 62 31 8 94 92 99 0 
