90
0 711 617 891 773 726 514 922 902 74 723 41 881 28 800 925 440 827 563 868 476 900 218 103 582 510 612 505 610 569 496 198 631 112 441 755 190 306 676 91 731 750 131 963 777 282 887 216 108 802 435 936 701 652 38 283 162 1 787 123 921 282 672 551 746 464 657 935 769 332 377 499 81 859 461 209 493 700 424 952 501 210 887 201 862 276 835 375 277 621 
711 0 497 549 255 520 452 352 984 108 638 752 792 14 603 224 224 415 433 716 114 856 20 966 66 906 167 279 182 353 653 810 974 501 358 580 20 809 283 3 269 920 107 60 285 709 283 508 475 715 576 941 923 595 906 340 500 424 618 33 777 622 842 102 122 552 33 141 712 315 496 980 234 602 391 518 662 26 377 136 740 304 76 14 250 982 353 102 405 322 
617 497 0 134 533 943 976 634 64 527 666 557 238 980 52 570 565 653 960 434 314 985 811 801 77 466 877 442 716 210 795 817 966 468 950 499 411 277 484 826 155 150 734 745 481 785 666 398 789 625 831 454 962 641 255 390 107 131 831 174 692 977 990 657 445 291 155 207 920 991 384 74 492 118 170 972 254 835 369 43 812 552 496 125 192 102 514 650 584 696 
891 549 134 0 175 275 673 164 932 469 455 438 27 726 428 410 799 919 879 321 243 133 155 963 527 318 514 374 442 58 476 307 59 59 355 234 334 27 749 617 847 203 54 873 928 834 634 79 104 513 399 346 645 905 661 523 575 174 896 368 583 371 675 642 782 29 227 467 407 975 83 605 530 136 477 809 321 110 239 425 974 989 770 970 894 782 492 820 308 740 
773 255 533 175 0 187 890 110 861 883 243 241 109 709 999 436 791 955 965 279 431 125 599 893 364 23 218 352 145 188 597 926 679 416 233 418 603 123 880 815 357 474 408 818 183 406 253 325 361 569 603 143 693 554 387 56 576 605 408 72 144 356 998 174 772 230 944 374 704 175 540 61 648 947 878 182 705 482 507 417 50 461 559 94 14 298 150 942 254 909 
726 520 943 275 187 0 13 397 264 10 570 387 592 865 112 295 39 652 707 687 598 936 868 654 417 726 70 818 187 981 264 552 278 413 845 883 673 858 279 288 219 200 27 810 65 138 457 103 789 515 141 739 451 361 392 219 438 814 389 624 794 652 528 71 416 372 953 88 581 583 727 152 134 753 313 198 243 121 653 383 636 145 473 86 505 865 656 943 30 44 
514 452 976 673 890 13 0 918 823 695 797 245 110 521 549 549 453 131 628 604 616 380 917 814 974 389 818 357 24 314 829 461 819 45 117 113 74 160 382 896 855 531 492 316 51 40 217 503 522 844 459 138 575 727 303 549 115 472 905 139 785 85 599 955 130 715 67 555 227 801 803 433 331 294 748 381 334 964 235 855 159 693 344 734 771 646 282 886 469 538 
922 352 634 164 110 397 918 0 376 254 622 974 208 103 41 627 658 619 427 460 51 109 753 150 489 438 466 75 645 624 120 988 357 890 986 990 127 454 527 502 59 501 828 267 603 220 245 612 838 671 71 888 779 176 37 619 613 502 45 609 478 164 597 834 406 934 176 532 739 54 386 798 554 213 64 509 432 308 472 621 330 895 508 460 70 896 430 34 750 826 
902 984 64 932 861 264 823 376 0 643 227 990 591 412 747 524 587 630 262 993 15 59 546 579 474 406 362 133 230 982 814 124 841 273 193 89 54 578 838 880 220 416 221 162 179 967 685 118 948 299 110 963 709 7 893 183 765 255 667 994 588 481 117 429 753 661 869 159 238 706 38 810 473 258 971 3 576 656 120 523 306 229 485 14 236 378 548 352 984 215 
74 108 527 469 883 10 695 254 643 0 345 571 47 461 351 151 121 219 309 358 276 346 167 100 603 138 103 178 145 222 701 802 803 537 815 390 266 715 741 601 281 85 172 327 545 874 477 17 93 786 374 720 483 893 820 86 382 922 615 526 143 667 327 297 556 493 686 821 207 426 422 839 510 945 165 406 818 994 422 262 779 148 982 613 40 801 698 421 722 665 
723 638 666 455 243 570 797 622 227 345 0 298 216 331 976 513 886 468 198 59 27 976 832 865 485 776 382 243 945 375 664 207 505 811 188 117 202 340 167 622 413 831 271 628 513 246 492 751 714 42 161 92 17 992 308 853 119 689 447 63 63 111 621 919 273 160 36 827 499 202 448 911 384 719 891 248 316 382 998 381 775 158 472 143 501 780 996 619 820 442 
41 752 557 438 241 387 245 974 990 571 298 0 34 235 904 654 153 529 814 540 355 312 93 154 575 476 224 465 724 540 198 73 920 973 583 744 115 83 523 462 54 694 256 87 928 511 740 81 39 905 620 745 569 65 251 143 540 474 607 615 13 156 40 285 128 622 28 595 56 902 56 461 595 663 547 523 174 639 955 564 543 926 661 111 990 911 253 882 384 211 
881 792 238 27 109 592 110 208 591 47 216 34 0 496 749 367 887 385 846 860 412 440 916 313 848 376 259 862 275 781 35 913 735 951 807 13 963 918 2 873 522 883 608 85 731 708 451 617 92 648 477 855 88 744 167 287 471 426 148 745 558 535 9 645 837 816 657 799 85 658 23 606 893 630 690 623 690 492 591 781 140 67 636 579 810 154 217 633 931 364 
28 14 980 726 709 865 521 103 412 461 331 235 496 0 729 489 250 738 485 86 553 141 236 637 150 258 594 42 240 636 16 929 479 607 61 618 25 48 548 187 202 764 819 132 480 547 972 729 284 456 167 188 948 754 176 98 12 122 491 603 757 859 883 235 465 943 205 489 991 104 675 544 220 845 27 699 392 999 779 27 806 297 215 754 51 742 203 414 863 693 
800 603 52 428 999 112 549 41 747 351 976 904 749 729 0 368 971 551 250 558 367 192 762 208 534 217 882 77 436 727 456 486 470 454 617 496 611 913 62 716 315 804 918 80 666 963 447 989 865 696 546 232 240 659 439 773 875 672 202 663 750 657 500 219 462 116 715 72 381 128 788 47 931 57 127 949 19 573 937 884 269 482 115 860 140 905 632 366 576 185 
925 224 570 410 436 295 549 627 524 151 513 654 367 489 368 0 28 678 193 528 896 654 995 962 78 375 90 217 422 20 273 900 320 292 472 256 175 92 89 641 951 228 897 935 594 824 471 973 501 664 500 397 317 495 358 746 221 799 962 994 171 235 893 490 878 365 98 404 808 186 44 111 414 292 397 359 115 867 331 616 530 183 364 847 29 721 944 249 872 906 
440 224 565 799 791 39 453 658 587 121 886 153 887 250 971 28 0 243 42 140 135 883 17 851 980 772 11 166 815 121 579 458 517 289 572 383 619 187 265 801 550 463 829 623 406 430 846 311 24 887 802 158 769 818 361 749 941 371 266 107 843 196 564 711 484 136 93 454 674 357 255 576 819 435 550 225 216 395 887 239 633 689 749 401 858 109 501 799 831 118 
827 415 653 919 955 652 131 619 630 219 468 529 385 738 551 678 243 0 905 25 313 469 735 796 956 179 250 629 536 856 556 706 642 105 282 858 499 169 448 483 857 196 236 714 656 736 864 838 206 769 862 518 237 948 666 192 127 267 172 14 474 728 71 115 832 353 324 683 873 124 165 81 319 400 146 975 488 10 164 45 778 378 562 366 325 227 557 451 493 728 
563 433 960 879 965 707 628 427 262 309 198 814 846 485 250 193 42 905 0 816 966 807 887 433 639 591 108 673 463 231 189 543 550 941 40 876 780 49 391 824 178 768 385 543 93 964 99 895 456 179 63 774 985 949 558 975 539 665 647 353 248 836 895 149 776 286 376 555 335 766 378 512 886 114 55 330 77 505 224 885 683 638 658 20 586 567 994 124 583 641 
868 716 434 321 279 687 604 460 993 358 59 540 860 86 558 528 140 25 816 0 828 830 828 722 978 955 8 353 861 694 471 238 205 356 703 611 685 780 116 260 664 150 898 673 169 835 239 515 311 173 507 138 3 334 212 332 640 571 37 500 264 507 89 820 214 791 783 250 570 898 861 585 399 758 609 920 593 199 434 255 372 940 392 374 625 603 705 264 173 93 
476 114 314 243 431 598 616 51 15 276 27 355 412 553 367 896 135 313 966 828 0 763 436 599 851 608 164 993 390 413 915 639 274 499 37 383 460 308 327 658 741 581 29 32 973 754 656 927 811 271 100 903 33 887 854 235 494 17 580 883 782 494 521 55 344 910 789 803 217 116 813 310 48 841 693 372 947 701 299 757 971 398 11 356 284 864 942 130 881 521 
900 856 985 133 125 936 380 109 59 346 976 312 440 141 192 654 883 469 807 830 763 0 12 662 366 885 68 710 146 208 864 714 675 676 375 723 869 68 94 815 768 392 923 90 141 933 797 777 797 739 906 29 611 269 42 977 153 461 686 650 668 549 364 343 577 738 65 445 805 510 259 924 254 533 366 394 465 162 522 261 252 427 289 863 696 682 191 200 142 228 
218 20 811 155 599 868 917 753 546 167 832 93 916 236 762 995 17 735 887 828 436 12 0 850 810 128 213 152 704 950 568 148 107 77 758 382 682 642 99 428 107 261 949 719 864 376 360 78 423 41 268 622 183 847 471 992 975 35 495 678 337 414 178 795 842 287 528 524 929 627 951 387 239 251 105 102 978 464 532 400 857 799 374 39 998 196 382 972 231 228 
103 966 801 963 893 654 814 150 579 100 865 154 313 637 208 962 851 796 433 722 599 662 850 0 1 919 641 530 713 482 817 240 357 97 866 659 483 456 910 587 558 887 403 89 287 259 239 12 649 236 207 382 559 437 609 560 355 249 89 419 82 257 659 791 353 876 449 187 332 358 126 241 597 528 681 235 138 271 246 786 859 452 167 417 241 127 976 947 727 417 
582 66 77 527 364 417 974 489 474 603 485 575 848 150 534 78 980 956 639 978 851 366 810 1 0 718 160 673 728 950 378 603 399 564 286 108 689 878 704 568 910 938 705 181 535 842 39 987 360 807 579 486 135 877 212 551 594 372 575 321 673 952 276 71 516 913 531 204 791 234 772 52 524 828 232 58 670 622 396 29 429 326 867 915 203 430 465 796 153 39 
510 906 466 318 23 726 389 438 406 138 776 476 376 258 217 375 772 179 591 955 608 885 128 919 718 0 469 826 343 744 896 858 8 778 413 798 12 536 202 887 364 785 944 385 407 692 765 187 17 983 101 219 413 917 367 565 307 835 390 649 930 638 858 937 415 271 87 778 158 288 664 873 72 960 257 830 3 374 368 19 356 468 590 120 736 956 685 43 142 426 
612 167 877 514 218 70 818 466 362 103 382 224 259 594 882 90 11 250 108 8 164 68 213 641 160 469 0 691 423 63 549 359 830 171 797 959 328 84 975 201 508 934 809 689 936 182 57 306 890 876 895 9 612 202 45 6 343 471 48 117 885 948 476 714 118 624 673 798 60 999 350 567 932 158 607 219 692 663 524 933 891 771 941 854 972 986 859 667 808 258 
505 279 442 374 352 818 357 75 133 178 243 465 862 42 77 217 166 629 673 353 993 710 152 530 673 826 691 0 783 692 206 610 758 675 234 782 472 293 780 821 211 711 331 817 281 22 832 156 954 722 926 246 575 250 583 785 916 390 42 50 434 247 660 191 922 245 972 393 889 751 566 99 813 896 267 93 269 98 600 574 819 526 171 393 127 106 177 394 495 219 
610 182 716 442 145 187 24 645 230 145 945 724 275 240 436 422 815 536 463 861 390 146 704 713 728 343 423 783 0 443 928 817 454 118 738 50 89 483 938 191 400 36 3 647 303 95 915 400 695 840 571 572 10 315 698 115 492 91 962 62 885 241 230 339 711 968 388 151 802 326 342 201 713 344 199 367 439 113 119 485 304 689 408 665 3 105 780 846 547 93 
569 353 210 58 188 981 314 624 982 222 375 540 781 636 727 20 121 856 231 694 413 208 950 482 950 744 63 692 443 0 259 431 333 489 121 395 456 861 546 609 538 887 161 250 230 359 617 20 823 735 856 126 775 263 790 777 719 921 623 617 13 881 48 698 721 520 444 528 380 989 136 917 227 296 519 809 6 487 828 828 573 36 953 347 298 95 123 369 15 97 
496 653 795 476 597 264 829 120 814 701 664 198 35 16 456 273 579 556 189 471 915 864 568 817 378 896 549 206 928 259 0 985 380 330 384 429 50 256 872 930 635 213 65 904 439 713 422 247 718 908 427 546 480 462 850 178 111 944 652 479 959 749 816 690 430 551 118 831 806 989 760 441 201 177 696 992 889 469 238 958 376 664 503 207 477 705 736 588 648 387 
198 810 817 307 926 552 461 988 124 802 207 73 913 929 486 900 458 706 543 238 639 714 148 240 603 858 359 610 817 431 985 0 418 958 487 233 999 916 784 116 99 589 457 210 381 9 386 428 1000 274 896 590 232 623 253 86 181 730 142 916 669 142 303 86 99 789 671 98 57 806 565 155 746 21 716 479 382 102 906 733 727 802 322 958 424 927 396 957 8 889 
631 974 966 59 679 278 819 357 841 803 505 920 735 479 470 320 517 642 550 205 274 675 107 357 399 8 830 758 454 333 380 418 0 872 676 30 526 113 129 315 783 578 723 940 494 229 686 515 944 164 248 45 69 980 772 222 302 81 998 228 828 954 587 717 825 262 746 351 726 226 17 509 155 91 800 649 319 485 515 614 648 762 11 69 741 782 642 394 214 639 
112 501 468 59 416 413 45 890 273 537 811 973 951 607 454 292 289 105 941 356 499 676 77 97 564 778 171 675 118 489 330 958 872 0 973 42 592 559 110 769 820 207 471 546 785 839 406 939 929 205 587 599 42 453 212 41 214 222 109 307 355 751 700 569 389 673 962 333 231 423 101 403 629 923 300 413 761 57 704 689 613 290 287 654 743 850 695 308 72 155 
441 358 950 355 233 845 117 986 193 815 188 583 807 61 617 472 572 282 40 703 37 375 758 866 286 413 797 234 738 121 384 487 676 973 0 614 426 257 314 346 998 338 659 330 920 81 782 322 710 704 973 474 464 29 177 504 994 819 142 647 913 991 693 572 62 848 186 840 456 851 537 453 188 196 782 459 276 915 781 337 970 105 163 433 486 691 288 479 509 429 
755 580 499 234 418 883 113 990 89 390 117 744 13 618 496 256 383 858 876 611 383 723 382 659 108 798 959 782 50 395 429 233 30 42 614 0 477 773 420 170 345 833 369 530 24 824 732 561 277 271 756 410 729 383 677 861 72 646 966 234 431 451 924 718 929 785 499 405 557 918 926 901 102 646 782 478 822 865 38 98 135 145 859 864 879 535 76 950 181 41 
190 20 411 334 603 673 74 127 54 266 202 115 963 25 611 175 619 499 780 685 460 869 682 483 689 12 328 472 89 456 50 999 526 592 426 477 0 183 611 843 459 680 771 243 178 528 799 447 805 52 901 451 185 378 272 50 415 721 536 911 931 751 789 818 827 91 998 219 273 960 62 731 991 184 325 169 63 124 967 868 527 867 670 63 244 293 464 10 13 1000 
306 809 277 27 123 858 160 454 578 715 340 83 918 48 913 92 187 169 49 780 308 68 642 456 878 536 84 293 483 861 256 916 113 559 257 773 183 0 272 295 102 61 112 280 151 461 499 775 772 560 858 763 95 182 283 158 657 249 25 183 116 46 246 711 338 709 721 702 60 992 996 162 404 460 793 906 920 291 33 692 202 890 806 297 423 88 806 80 336 830 
676 283 484 749 880 279 382 527 838 741 167 523 2 548 62 89 265 448 391 116 327 94 99 910 704 202 975 780 938 546 872 784 129 110 314 420 611 272 0 614 803 875 211 514 564 920 586 265 331 929 260 844 333 71 637 590 991 927 974 34 481 863 839 129 638 926 934 717 613 115 682 416 341 893 929 904 164 514 168 494 794 779 338 478 850 326 68 192 604 41 
91 3 826 617 815 288 896 502 880 601 622 462 873 187 716 641 801 483 824 260 658 815 428 587 568 887 201 821 191 609 930 116 315 769 346 170 843 295 614 0 225 84 256 415 212 893 340 145 961 304 259 642 719 951 886 999 854 49 864 21 543 658 152 232 135 1 557 202 192 160 595 768 596 202 182 807 446 873 304 406 176 914 399 895 865 285 893 718 685 109 
731 269 155 847 357 219 855 59 220 281 413 54 522 202 315 951 550 857 178 664 741 768 107 558 910 364 508 211 400 538 635 99 783 820 998 345 459 102 803 225 0 91 227 766 242 810 900 594 366 454 785 878 48 904 473 601 85 631 46 957 934 803 484 200 553 730 64 189 975 133 874 83 223 452 848 816 262 747 409 979 200 545 208 599 448 680 199 532 663 244 
750 920 150 203 474 200 531 501 416 85 831 694 883 764 804 228 463 196 768 150 581 392 261 887 938 785 934 711 36 887 213 589 578 207 338 833 680 61 875 84 91 0 840 596 398 676 147 951 405 562 139 379 695 12 813 269 464 660 437 77 759 845 55 958 390 263 909 837 294 107 721 956 703 912 904 100 939 402 50 344 964 541 74 658 552 887 278 367 898 714 
131 107 734 54 408 27 492 828 221 172 271 256 608 819 918 897 829 236 385 898 29 923 949 403 705 944 809 331 3 161 65 457 723 471 659 369 771 112 211 256 227 840 0 443 656 911 850 966 300 464 874 488 109 332 560 65 386 824 320 486 762 721 887 105 684 427 531 693 331 417 323 49 666 388 844 322 298 693 287 597 508 160 437 616 843 996 32 229 171 703 
963 60 745 873 818 810 316 267 162 327 628 87 85 132 80 935 623 714 543 673 32 90 719 89 181 385 689 817 647 250 904 210 940 546 330 530 243 280 514 415 766 596 443 0 66 933 424 952 389 459 731 919 504 413 687 178 461 353 565 304 674 863 348 312 459 855 471 247 471 665 243 854 893 765 557 958 697 980 262 86 790 344 356 645 108 43 822 568 395 387 
777 285 481 928 183 65 51 603 179 545 513 928 731 480 666 594 406 656 93 169 973 141 864 287 535 407 936 281 303 230 439 381 494 785 920 24 178 151 564 212 242 398 656 66 0 224 420 249 571 731 59 778 553 306 248 569 900 101 462 664 9 771 361 340 384 798 130 79 153 774 186 547 948 754 941 334 329 712 934 899 794 992 676 698 297 275 267 548 728 728 
282 709 785 834 406 138 40 220 967 874 246 511 708 547 963 824 430 736 964 835 754 933 376 259 842 692 182 22 95 359 713 9 229 839 81 824 528 461 920 893 810 676 911 933 224 0 212 736 850 924 76 234 73 557 312 225 682 850 772 629 603 64 314 931 128 247 181 921 591 209 619 239 835 885 787 562 964 350 650 165 273 77 398 345 985 62 921 666 911 692 
887 283 666 634 253 457 217 245 685 477 492 740 451 972 447 471 846 864 99 239 656 797 360 239 39 765 57 832 915 617 422 386 686 406 782 732 799 499 586 340 900 147 850 424 420 212 0 647 865 108 960 147 235 559 679 507 149 887 125 387 722 361 525 635 324 874 636 841 146 712 590 842 696 651 763 714 913 806 360 129 265 671 627 499 581 306 6 729 192 482 
216 508 398 79 325 103 503 612 118 17 751 81 617 729 989 973 311 838 895 515 927 777 78 12 987 187 306 156 400 20 247 428 515 939 322 561 447 775 265 145 594 951 966 952 249 736 647 0 468 265 843 992 900 518 866 887 358 363 599 948 557 646 950 671 711 215 828 70 695 93 93 322 943 673 627 948 754 170 782 573 435 976 564 686 845 781 572 203 496 522 
108 475 789 104 361 789 522 838 948 93 714 39 92 284 865 501 24 206 456 311 811 797 423 649 360 17 890 954 695 823 718 1000 944 929 710 277 805 772 331 961 366 405 300 389 571 850 865 468 0 502 52 520 803 74 230 369 901 652 416 345 744 737 288 768 715 587 521 884 368 93 318 695 9 355 540 141 279 94 636 800 947 39 671 749 464 901 470 365 904 885 
802 715 625 513 569 515 844 671 299 786 42 905 648 456 696 664 887 769 179 173 271 739 41 236 807 983 876 722 840 735 908 274 164 205 704 271 52 560 929 304 454 562 464 459 731 924 108 265 502 0 709 647 973 348 414 687 935 287 570 654 731 240 349 739 594 888 880 872 981 867 24 927 906 694 27 721 946 848 85 849 732 146 847 704 493 613 390 779 899 312 
435 576 831 399 603 141 459 71 110 374 161 620 477 167 546 500 802 862 63 507 100 906 268 207 579 101 895 926 571 856 427 896 248 587 973 756 901 858 260 259 785 139 874 731 59 76 960 843 52 709 0 433 629 551 781 720 496 20 599 720 1000 817 743 278 74 788 656 795 734 504 231 582 235 376 429 291 221 41 32 999 291 343 783 271 893 563 990 389 934 940 
936 941 454 346 143 739 138 888 963 720 92 745 855 188 232 397 158 518 774 138 903 29 622 382 486 219 9 246 572 126 546 590 45 599 474 410 451 763 844 642 878 379 488 919 778 234 147 992 520 647 433 0 460 285 757 202 562 830 989 570 976 722 73 207 656 307 582 436 949 802 828 981 153 118 323 935 388 568 850 378 308 783 317 767 68 425 968 981 607 308 
701 923 962 645 693 451 575 779 709 483 17 569 88 948 240 317 769 237 985 3 33 611 183 559 135 413 612 575 10 775 480 232 69 42 464 729 185 95 333 719 48 695 109 504 553 73 235 900 803 973 629 460 0 550 582 382 622 788 37 281 722 824 581 875 651 561 27 768 236 962 155 803 163 884 110 945 553 876 364 977 195 697 583 502 598 517 235 572 304 271 
652 595 641 905 554 361 727 176 7 893 992 65 744 754 659 495 818 948 949 334 887 269 847 437 877 917 202 250 315 263 462 623 980 453 29 383 378 182 71 951 904 12 332 413 306 557 559 518 74 348 551 285 550 0 204 25 446 784 900 96 697 278 863 932 591 370 734 753 605 843 50 157 70 765 486 616 461 420 117 59 936 704 630 240 974 185 616 772 968 867 
38 906 255 661 387 392 303 37 893 820 308 251 167 176 439 358 361 666 558 212 854 42 471 609 212 367 45 583 698 790 850 253 772 212 177 677 272 283 637 886 473 813 560 687 248 312 679 866 230 414 781 757 582 204 0 867 664 145 82 595 735 451 680 840 55 522 889 564 943 5 49 558 466 468 27 876 404 730 857 995 55 41 962 826 360 829 693 24 325 774 
283 340 390 523 56 219 549 619 183 86 853 143 287 98 773 746 749 192 975 332 235 977 992 560 551 565 6 785 115 777 178 86 222 41 504 861 50 158 590 999 601 269 65 178 569 225 507 887 369 687 720 202 382 25 867 0 970 411 576 650 602 982 523 842 545 818 847 593 375 312 61 401 539 816 482 395 810 537 787 771 362 146 951 406 521 627 531 843 38 458 
162 500 107 575 576 438 115 613 765 382 119 540 471 12 875 221 941 127 539 640 494 153 975 355 594 307 343 916 492 719 111 181 302 214 994 72 415 657 991 854 85 464 386 461 900 682 149 358 901 935 496 562 622 446 664 970 0 492 639 440 366 833 984 183 679 929 910 990 341 310 880 156 144 274 317 680 412 87 393 909 390 151 430 16 681 272 405 491 115 396 
1 424 131 174 605 814 472 502 255 922 689 474 426 122 672 799 371 267 665 571 17 461 35 249 372 835 471 390 91 921 944 730 81 222 819 646 721 249 927 49 631 660 824 353 101 850 887 363 652 287 20 830 788 784 145 411 492 0 930 480 228 265 15 906 545 924 247 885 585 478 40 728 103 356 759 514 795 152 422 536 654 203 903 334 474 660 176 940 407 105 
787 618 831 896 408 389 905 45 667 615 447 607 148 491 202 962 266 172 647 37 580 686 495 89 575 390 48 42 962 623 652 142 998 109 142 966 536 25 974 864 46 437 320 565 462 772 125 599 416 570 599 989 37 900 82 576 639 930 0 772 986 722 786 891 266 61 489 503 645 966 542 725 68 250 483 933 396 986 354 283 639 557 185 325 382 196 500 674 602 957 
123 33 174 368 72 624 139 609 994 526 63 615 745 603 663 994 107 14 353 500 883 650 678 419 321 649 117 50 62 617 479 916 228 307 647 234 911 183 34 21 957 77 486 304 664 629 387 948 345 654 720 570 281 96 595 650 440 480 772 0 445 587 30 582 829 295 642 669 149 638 634 691 714 53 292 549 337 39 534 691 321 525 599 857 201 332 53 700 5 654 
921 777 692 583 144 794 785 478 588 143 63 13 558 757 750 171 843 474 248 264 782 668 337 82 673 930 885 434 885 13 959 669 828 355 913 431 931 116 481 543 934 759 762 674 9 603 722 557 744 731 1000 976 722 697 735 602 366 228 986 445 0 8 449 593 37 382 421 684 23 90 832 13 75 874 726 480 517 274 816 907 160 858 227 36 808 436 236 140 840 287 
282 622 977 371 356 652 85 164 481 667 111 156 535 859 657 235 196 728 836 507 494 549 414 257 952 638 948 247 241 881 749 142 954 751 991 451 751 46 863 658 803 845 721 863 771 64 361 646 737 240 817 722 824 278 451 982 833 265 722 587 8 0 496 845 295 297 437 683 678 210 366 53 299 550 65 725 423 142 204 292 768 372 198 279 229 777 314 37 212 549 
672 842 990 675 998 528 599 597 117 327 621 40 9 883 500 893 564 71 895 89 521 364 178 659 276 858 476 660 230 48 816 303 587 700 693 924 789 246 839 152 484 55 887 348 361 314 525 950 288 349 743 73 581 863 680 523 984 15 786 30 449 496 0 528 403 835 23 247 481 319 684 164 349 893 881 401 543 782 817 267 557 958 823 848 725 194 45 355 774 173 
551 102 657 642 174 71 955 834 429 297 919 285 645 235 219 490 711 115 149 820 55 343 795 791 71 937 714 191 339 698 690 86 717 569 572 718 818 711 129 232 200 958 105 312 340 931 635 671 768 739 278 207 875 932 840 842 183 906 891 582 593 845 528 0 668 162 384 216 41 138 403 416 385 235 734 420 398 434 312 631 834 206 412 650 824 968 960 646 167 36 
746 122 445 782 772 416 130 406 753 556 273 128 837 465 462 878 484 832 776 214 344 577 842 353 516 415 118 922 711 721 430 99 825 389 62 929 827 338 638 135 553 390 684 459 384 128 324 711 715 594 74 656 651 591 55 545 679 545 266 829 37 295 403 668 0 191 212 391 317 736 58 478 472 626 519 609 380 934 993 614 19 412 364 805 75 994 638 280 757 640 
464 552 291 29 230 372 715 934 661 493 160 622 816 943 116 365 136 353 286 791 910 738 287 876 913 271 624 245 968 520 551 789 262 673 848 785 91 709 926 1 730 263 427 855 798 247 874 215 587 888 788 307 561 370 522 818 929 924 61 295 382 297 835 162 191 0 104 725 599 101 891 634 644 454 24 960 190 434 437 13 59 307 621 438 592 614 403 963 377 766 
657 33 155 227 944 953 67 176 869 686 36 28 657 205 715 98 93 324 376 783 789 65 528 449 531 87 673 972 388 444 118 671 746 962 186 499 998 721 934 557 64 909 531 471 130 181 636 828 521 880 656 582 27 734 889 847 910 247 489 642 421 437 23 384 212 104 0 767 452 759 404 83 516 395 538 592 993 639 834 979 282 640 354 241 181 787 29 193 197 688 
935 141 207 467 374 88 555 532 159 821 827 595 799 489 72 404 454 683 555 250 803 445 524 187 204 778 798 393 151 528 831 98 351 333 840 405 219 702 717 202 189 837 693 247 79 921 841 70 884 872 795 436 768 753 564 593 990 885 503 669 684 683 247 216 391 725 767 0 813 986 279 778 389 241 507 154 7 958 265 763 392 132 509 930 75 854 920 908 832 553 
769 712 920 407 704 581 227 739 238 207 499 56 85 991 381 808 674 873 335 570 217 805 929 332 791 158 60 889 802 380 806 57 726 231 456 557 273 60 613 192 975 294 331 471 153 591 146 695 368 981 734 949 236 605 943 375 341 585 645 149 23 678 481 41 317 599 452 813 0 899 537 145 79 676 173 623 872 212 436 210 491 565 950 83 71 455 442 380 719 556 
332 315 991 975 175 583 801 54 706 426 202 902 658 104 128 186 357 124 766 898 116 510 627 358 234 288 999 751 326 989 989 806 226 423 851 918 960 992 115 160 133 107 417 665 774 209 712 93 93 867 504 802 962 843 5 312 310 478 966 638 90 210 319 138 736 101 759 986 899 0 772 202 64 53 276 917 972 536 100 524 434 989 20 513 664 544 135 887 756 922 
377 496 384 83 540 727 803 386 38 422 448 56 23 675 788 44 255 165 378 861 813 259 951 126 772 664 350 566 342 136 760 565 17 101 537 926 62 996 682 595 874 721 323 243 186 619 590 93 318 24 231 828 155 50 49 61 880 40 542 634 832 366 684 403 58 891 404 279 537 772 0 96 246 839 45 680 909 500 121 641 570 28 412 772 92 816 399 360 787 934 
499 980 74 605 61 152 433 798 810 839 911 461 606 544 47 111 576 81 512 585 310 924 387 241 52 873 567 99 201 917 441 155 509 403 453 901 731 162 416 768 83 956 49 854 547 239 842 322 695 927 582 981 803 157 558 401 156 728 725 691 13 53 164 416 478 634 83 778 145 202 96 0 812 662 368 800 681 232 463 224 718 349 979 992 797 576 830 193 608 90 
81 234 492 530 648 134 331 554 473 510 384 595 893 220 931 414 819 319 886 399 48 254 239 597 524 72 932 813 713 227 201 746 155 629 188 102 991 404 341 596 223 703 666 893 948 835 696 943 9 906 235 153 163 70 466 539 144 103 68 714 75 299 349 385 472 644 516 389 79 64 246 812 0 44 728 730 966 108 493 89 199 308 487 910 446 421 721 107 140 872 
859 602 118 136 947 753 294 213 258 945 719 663 630 845 57 292 435 400 114 758 841 533 251 528 828 960 158 896 344 296 177 21 91 923 196 646 184 460 893 202 452 912 388 765 754 885 651 673 355 694 376 118 884 765 468 816 274 356 250 53 874 550 893 235 626 454 395 241 676 53 839 662 44 0 139 371 334 363 88 35 693 431 183 621 260 727 228 350 771 307 
461 391 170 477 878 313 748 64 971 165 891 547 690 27 127 397 550 146 55 609 693 366 105 681 232 257 607 267 199 519 696 716 800 300 782 782 325 793 929 182 848 904 844 557 941 787 763 627 540 27 429 323 110 486 27 482 317 759 483 292 726 65 881 734 519 24 538 507 173 276 45 368 728 139 0 431 88 414 924 176 964 583 662 226 29 82 298 135 221 170 
209 518 972 809 182 198 381 509 3 406 248 523 623 699 949 359 225 975 330 920 372 394 102 235 58 830 219 93 367 809 992 479 649 413 459 478 169 906 904 807 816 100 322 958 334 562 714 948 141 721 291 935 945 616 876 395 680 514 933 549 480 725 401 420 609 960 592 154 623 917 680 800 730 371 431 0 274 943 503 988 383 889 32 813 71 4 425 798 583 126 
493 662 254 321 705 243 334 432 576 818 316 174 690 392 19 115 216 488 77 593 947 465 978 138 670 3 692 269 439 6 889 382 319 761 276 822 63 920 164 446 262 939 298 697 329 964 913 754 279 946 221 388 553 461 404 810 412 795 396 337 517 423 543 398 380 190 993 7 872 972 909 681 966 334 88 274 0 920 890 556 7 655 831 182 971 414 195 196 442 277 
700 26 835 110 482 121 964 308 656 994 382 639 492 999 573 867 395 10 505 199 701 162 464 271 622 374 663 98 113 487 469 102 485 57 915 865 124 291 514 873 747 402 693 980 712 350 806 170 94 848 41 568 876 420 730 537 87 152 986 39 274 142 782 434 934 434 639 958 212 536 500 232 108 363 414 943 920 0 493 928 849 14 553 144 517 540 526 757 924 690 
424 377 369 239 507 653 235 472 120 422 998 955 591 779 937 331 887 164 224 434 299 522 532 246 396 368 524 600 119 828 238 906 515 704 781 38 967 33 168 304 409 50 287 262 934 650 360 782 636 85 32 850 364 117 857 787 393 422 354 534 816 204 817 312 993 437 834 265 436 100 121 463 493 88 924 503 890 493 0 180 927 114 329 510 239 600 751 795 606 757 
952 136 43 425 417 383 855 621 523 262 381 564 781 27 884 616 239 45 885 255 757 261 400 786 29 19 933 574 485 828 958 733 614 689 337 98 868 692 494 406 979 344 597 86 899 165 129 573 800 849 999 378 977 59 995 771 909 536 283 691 907 292 267 631 614 13 979 763 210 524 641 224 89 35 176 988 556 928 180 0 977 139 727 390 685 274 831 961 119 759 
501 740 812 974 50 636 159 330 306 779 775 543 140 806 269 530 633 778 683 372 971 252 857 859 429 356 891 819 304 573 376 727 648 613 970 135 527 202 794 176 200 964 508 790 794 273 265 435 947 732 291 308 195 936 55 362 390 654 639 321 160 768 557 834 19 59 282 392 491 434 570 718 199 693 964 383 7 849 927 977 0 162 132 311 305 1000 203 182 757 478 
210 304 552 989 461 145 693 895 229 148 158 926 67 297 482 183 689 378 638 940 398 427 799 452 326 468 771 526 689 36 664 802 762 290 105 145 867 890 779 914 545 541 160 344 992 77 671 976 39 146 343 783 697 704 41 146 151 203 557 525 858 372 958 206 412 307 640 132 565 989 28 349 308 431 583 889 655 14 114 139 162 0 871 288 756 985 616 617 575 215 
887 76 496 770 559 473 344 508 485 982 472 661 636 215 115 364 749 562 658 392 11 289 374 167 867 590 941 171 408 953 503 322 11 287 163 859 670 806 338 399 208 74 437 356 676 398 627 564 671 847 783 317 583 630 962 951 430 903 185 599 227 198 823 412 364 621 354 509 950 20 412 979 487 183 662 32 831 553 329 727 132 871 0 367 721 172 476 698 662 202 
201 14 125 970 94 86 734 460 14 613 143 111 579 754 860 847 401 366 20 374 356 863 39 417 915 120 854 393 665 347 207 958 69 654 433 864 63 297 478 895 599 658 616 645 698 345 499 686 749 704 271 767 502 240 826 406 16 334 325 857 36 279 848 650 805 438 241 930 83 513 772 992 910 621 226 813 182 144 510 390 311 288 367 0 87 346 828 270 659 946 
862 250 192 894 14 505 771 70 236 40 501 990 810 51 140 29 858 325 586 625 284 696 998 241 203 736 972 127 3 298 477 424 741 743 486 879 244 423 850 865 448 552 843 108 297 985 581 845 464 493 893 68 598 974 360 521 681 474 382 201 808 229 725 824 75 592 181 75 71 664 92 797 446 260 29 71 971 517 239 685 305 756 721 87 0 380 820 429 42 476 
276 982 102 782 298 865 646 896 378 801 780 911 154 742 905 721 109 227 567 603 864 682 196 127 430 956 986 106 105 95 705 927 782 850 691 535 293 88 326 285 680 887 996 43 275 62 306 781 901 613 563 425 517 185 829 627 272 660 196 332 436 777 194 968 994 614 787 854 455 544 816 576 421 727 82 4 414 540 600 274 1000 985 172 346 380 0 429 244 9 537 
835 353 514 492 150 656 282 430 548 698 996 253 217 203 632 944 501 557 994 705 942 191 382 976 465 685 859 177 780 123 736 396 642 695 288 76 464 806 68 893 199 278 32 822 267 921 6 572 470 390 990 968 235 616 693 531 405 176 500 53 236 314 45 960 638 403 29 920 442 135 399 830 721 228 298 425 195 526 751 831 203 616 476 828 820 429 0 73 879 824 
375 102 650 820 942 943 886 34 352 421 619 882 633 414 366 249 799 451 124 264 130 200 972 947 796 43 667 394 846 369 588 957 394 308 479 950 10 80 192 718 532 367 229 568 548 666 729 203 365 779 389 981 572 772 24 843 491 940 674 700 140 37 355 646 280 963 193 908 380 887 360 193 107 350 135 798 196 757 795 961 182 617 698 270 429 244 73 0 829 215 
277 405 584 308 254 30 469 750 984 722 820 384 931 863 576 872 831 493 583 173 881 142 231 727 153 142 808 495 547 15 648 8 214 72 509 181 13 336 604 685 663 898 171 395 728 911 192 496 904 899 934 607 304 968 325 38 115 407 602 5 840 212 774 167 757 377 197 832 719 756 787 608 140 771 221 583 442 924 606 119 757 575 662 659 42 9 879 829 0 439 
621 322 696 740 909 44 538 826 215 665 442 211 364 693 185 906 118 728 641 93 521 228 228 417 39 426 258 219 93 97 387 889 639 155 429 41 1000 830 41 109 244 714 703 387 728 692 482 522 885 312 940 308 271 867 774 458 396 105 957 654 287 549 173 36 640 766 688 553 556 922 934 90 872 307 170 126 277 690 757 759 478 215 202 946 476 537 824 215 439 0 
