90
0 31 861 702 99 779 819 285 169 516 203 110 698 457 250 608 729 143 234 687 725 734 847 287 697 541 919 370 144 682 586 399 712 798 452 163 576 622 447 744 137 1 205 186 809 807 145 538 301 730 576 25 464 422 664 512 314 582 233 457 263 818 207 327 615 658 841 542 631 287 638 768 639 842 305 447 1000 802 336 300 531 911 677 994 684 340 858 997 273 90 
31 0 806 888 260 12 566 874 22 406 768 652 692 405 771 682 598 76 128 598 229 464 249 759 726 925 753 762 616 962 758 889 51 915 128 310 927 693 536 948 98 303 951 141 59 722 822 656 149 301 605 377 764 854 135 842 130 239 603 98 200 712 338 251 627 465 912 553 509 447 852 606 101 802 98 159 875 271 815 23 571 771 399 687 976 534 528 106 124 482 
861 806 0 555 324 193 892 926 819 356 189 723 864 636 926 821 88 80 270 247 954 540 413 329 110 183 727 148 159 612 675 616 88 156 522 763 701 413 688 871 120 876 594 335 863 871 507 951 302 776 549 256 315 961 584 776 495 662 924 5 626 950 972 713 106 493 475 806 905 514 676 376 741 621 710 604 844 216 906 145 991 454 752 657 766 687 433 260 349 708 
702 888 555 0 265 974 657 236 38 114 729 512 919 985 25 947 361 117 919 422 720 762 638 977 259 980 782 10 989 547 697 773 807 45 480 423 370 136 10 759 250 90 270 520 75 646 818 787 762 737 208 834 850 197 162 108 529 944 118 517 842 814 289 1000 210 120 422 931 255 784 689 856 873 310 728 947 307 545 85 420 633 293 605 835 489 767 294 369 62 763 
99 260 324 265 0 885 903 576 525 255 137 644 28 419 251 811 107 106 684 768 185 630 74 82 715 494 66 359 98 900 199 216 194 568 277 956 804 532 884 329 138 372 972 165 791 222 976 249 680 659 17 864 640 90 945 706 935 11 64 385 262 615 600 455 182 229 763 985 112 998 313 249 721 637 765 511 858 740 760 537 750 128 401 390 569 697 447 504 707 863 
779 12 193 974 885 0 888 969 477 839 775 10 67 889 994 530 238 659 778 959 295 543 469 504 634 580 41 384 59 793 125 628 489 571 131 548 433 370 868 261 208 994 270 275 883 616 804 120 626 934 430 272 828 251 775 461 182 167 196 241 311 672 868 800 243 350 699 27 719 566 640 926 911 909 552 793 876 708 265 501 993 46 124 820 296 899 632 478 417 180 
819 566 892 657 903 888 0 718 728 851 937 879 445 286 577 824 356 494 463 281 404 723 185 549 599 244 165 451 236 210 575 55 506 825 38 983 241 217 52 320 68 988 198 864 273 126 687 628 619 149 260 375 872 796 275 822 39 791 624 274 1000 198 680 857 374 70 191 967 286 242 286 705 229 484 569 853 961 255 832 932 756 444 306 979 239 932 800 630 722 423 
285 874 926 236 576 969 718 0 903 73 973 935 930 698 4 120 664 641 362 950 346 942 785 266 147 745 872 330 676 627 125 333 605 716 264 756 345 985 531 599 58 503 533 339 200 536 458 864 529 171 165 226 465 949 491 963 693 714 292 369 341 769 701 297 484 317 53 828 653 935 426 710 437 311 48 988 198 858 203 726 28 719 951 844 667 793 806 712 507 450 
169 22 819 38 525 477 728 903 0 432 199 218 484 847 701 800 251 528 453 185 305 514 973 615 914 961 813 771 515 890 150 234 841 346 900 985 151 963 491 600 394 41 817 878 888 869 677 138 748 481 323 53 995 295 19 260 607 183 382 122 73 531 707 265 228 958 249 379 921 92 330 314 132 499 543 19 367 572 157 115 52 831 167 398 125 537 657 732 720 38 
516 406 356 114 255 839 851 73 432 0 205 144 921 911 408 148 868 8 526 140 99 208 806 583 706 348 601 72 919 109 186 323 939 704 720 64 593 377 147 312 766 703 807 686 613 566 186 832 573 63 324 24 270 129 606 975 828 206 399 747 315 584 69 253 640 140 668 232 868 814 895 634 868 701 671 832 266 856 664 190 919 339 213 188 467 818 515 294 376 913 
203 768 189 729 137 775 937 973 199 205 0 392 42 496 812 646 487 304 314 718 171 479 964 804 347 664 475 178 281 682 193 471 600 883 35 788 349 205 302 995 580 214 738 973 61 902 618 900 205 283 617 375 114 933 531 812 596 5 341 877 686 886 699 638 768 733 777 469 937 78 815 868 643 552 192 55 453 810 954 657 444 923 384 909 855 914 720 802 270 61 
110 652 723 512 644 10 879 935 218 144 392 0 30 307 298 728 944 65 813 720 885 101 149 699 969 143 251 512 198 55 321 503 64 117 425 447 25 631 360 97 433 981 509 462 287 806 542 231 222 706 302 107 806 451 805 126 593 407 638 142 462 310 645 525 426 421 323 803 52 682 899 836 14 407 649 300 212 542 882 785 247 184 891 53 986 696 530 578 102 167 
698 692 864 919 28 67 445 930 484 921 42 30 0 72 915 829 68 439 254 488 761 408 891 794 306 78 159 64 727 459 627 620 340 412 867 875 654 271 860 349 800 790 803 319 213 717 147 280 508 752 119 620 160 10 766 817 439 924 233 517 734 859 137 426 622 3 300 276 625 512 976 776 653 130 94 865 847 592 144 706 344 262 677 855 623 794 23 62 70 255 
457 405 636 985 419 889 286 698 847 911 496 307 72 0 578 803 466 66 228 87 68 880 714 44 391 690 820 395 819 265 259 17 857 754 74 200 367 103 406 342 896 428 755 965 35 332 120 500 398 347 938 817 578 4 213 320 45 32 714 215 296 324 584 504 77 657 55 796 759 460 137 7 240 891 323 274 574 442 125 323 789 62 492 366 65 704 686 109 735 751 
250 771 926 25 251 994 577 4 701 408 812 298 915 578 0 324 382 75 907 886 503 915 292 298 26 752 786 32 991 28 706 616 954 148 740 276 936 801 767 653 218 822 690 678 556 441 353 290 515 611 527 369 878 818 19 903 921 804 286 911 184 991 878 489 138 617 116 425 770 235 430 987 56 119 16 964 559 369 253 425 331 131 794 208 948 812 462 221 967 747 
608 682 821 947 811 530 824 120 800 148 646 728 829 803 324 0 483 502 90 361 990 579 977 106 4 746 340 433 84 395 903 100 710 814 820 962 590 150 444 735 358 744 898 819 964 865 918 446 718 359 806 60 937 783 517 292 880 208 76 964 954 979 63 664 144 882 977 733 383 421 468 92 164 365 263 479 581 180 276 299 890 82 710 826 216 226 118 95 433 545 
729 598 88 361 107 238 356 664 251 868 487 944 68 466 382 483 0 58 386 523 472 49 666 705 26 399 88 798 218 179 313 582 441 791 163 972 66 813 861 499 522 687 66 747 156 161 531 700 570 916 575 394 317 592 98 694 342 185 491 559 716 803 141 508 945 303 480 362 467 692 213 988 730 278 86 885 790 616 937 360 883 511 753 199 454 202 892 796 739 734 
143 76 80 117 106 659 494 641 528 8 304 65 439 66 75 502 58 0 354 454 888 494 961 184 148 792 546 614 484 110 953 213 387 38 450 177 5 386 888 888 248 640 438 701 193 682 848 931 415 202 384 303 695 697 486 195 488 383 808 323 492 761 888 231 150 337 407 155 74 294 42 673 285 479 725 477 160 573 408 927 774 143 581 820 839 66 14 679 801 174 
234 128 270 919 684 778 463 362 453 526 314 813 254 228 907 90 386 354 0 353 644 286 240 874 435 576 280 589 649 925 630 321 561 461 46 38 972 970 797 898 743 939 478 562 130 896 928 160 48 101 512 691 386 752 565 820 679 196 409 680 121 390 352 33 202 749 70 526 718 218 423 460 509 253 374 990 500 301 149 547 401 12 237 138 763 153 957 794 349 717 
687 598 247 422 768 959 281 950 185 140 718 720 488 87 886 361 523 454 353 0 473 821 459 824 853 12 573 275 537 290 492 312 750 352 916 475 341 415 775 489 313 527 853 901 664 615 54 972 760 402 41 232 222 851 56 426 862 980 700 751 269 192 62 370 895 329 844 236 743 618 76 407 144 928 307 159 895 360 483 654 113 523 886 334 373 293 760 586 272 811 
725 229 954 720 185 295 404 346 305 99 171 885 761 68 503 990 472 888 644 473 0 336 892 2 749 262 897 77 105 484 171 75 559 577 570 839 884 81 733 595 563 738 708 85 623 393 809 267 504 394 890 315 730 782 668 478 43 564 907 499 399 77 925 958 654 495 148 889 575 880 483 137 617 542 573 592 935 381 858 438 774 100 752 855 881 420 685 275 335 591 
734 464 540 762 630 543 723 942 514 208 479 101 408 880 915 579 49 494 286 821 336 0 125 86 667 50 395 672 896 542 912 470 421 747 958 389 288 882 980 222 262 190 12 387 289 115 242 521 886 278 795 573 868 919 658 886 320 52 558 215 593 821 684 13 567 993 753 855 874 733 428 487 274 791 874 562 906 467 434 143 744 228 715 611 498 372 496 818 423 405 
847 249 413 638 74 469 185 785 973 806 964 149 891 714 292 977 666 961 240 459 892 125 0 32 367 226 68 731 144 412 484 998 638 216 778 124 489 568 997 402 825 815 835 968 558 414 682 520 911 406 368 80 180 772 464 547 349 883 277 493 646 760 842 283 327 971 407 167 891 755 568 67 570 754 34 479 167 68 999 430 825 366 861 4 489 676 550 838 558 827 
287 759 329 977 82 504 549 266 615 583 804 699 794 44 298 106 705 184 874 824 2 86 32 0 682 204 938 875 838 617 198 596 783 88 351 703 154 272 456 540 750 975 959 748 756 783 465 968 786 954 644 688 143 553 514 176 108 803 50 946 419 247 541 202 686 243 256 192 514 711 731 616 37 41 715 792 823 180 760 960 485 755 647 627 307 512 802 415 315 203 
697 726 110 259 715 634 599 147 914 706 347 969 306 391 26 4 26 148 435 853 749 667 367 682 0 360 85 450 252 638 487 495 893 678 360 604 760 975 992 152 42 136 326 573 247 286 57 1 284 683 307 796 836 73 462 38 784 546 839 36 184 326 882 76 355 241 31 467 568 375 618 961 510 944 533 756 581 589 108 864 623 766 11 458 839 472 495 622 18 334 
541 925 183 980 494 580 244 745 961 348 664 143 78 690 752 746 399 792 576 12 262 50 226 204 360 0 657 553 11 890 628 717 131 11 183 698 385 153 10 894 448 542 1 380 482 108 243 456 873 254 913 63 77 759 685 446 444 693 998 806 583 978 523 65 988 57 114 724 561 123 617 8 664 969 739 497 428 334 952 652 939 216 715 15 326 751 461 770 443 458 
919 753 727 782 66 41 165 872 813 601 475 251 159 820 786 340 88 546 280 573 897 395 68 938 85 657 0 927 377 435 801 441 774 858 554 497 770 28 465 130 691 433 868 187 212 201 490 864 139 705 930 154 31 680 966 152 122 423 78 851 210 879 643 983 88 197 832 857 576 296 986 267 81 206 805 292 406 295 507 897 999 436 402 381 115 367 532 589 141 610 
370 762 148 10 359 384 451 330 771 72 178 512 64 395 32 433 798 614 589 275 77 672 731 875 450 553 927 0 791 350 840 433 685 279 981 516 487 557 163 473 823 243 30 979 887 435 625 745 331 976 181 732 356 647 450 888 587 591 849 377 292 40 810 976 318 790 843 804 346 6 628 520 600 657 851 838 444 475 583 126 450 763 210 806 761 659 45 348 249 245 
144 616 159 989 98 59 236 676 515 919 281 198 727 819 991 84 218 484 649 537 105 896 144 838 252 11 377 791 0 724 541 284 533 868 953 675 63 756 372 68 736 892 19 744 742 857 187 568 439 665 18 553 874 175 313 884 571 660 133 815 736 25 450 620 244 402 294 306 509 666 725 596 909 744 340 2 600 878 569 390 542 938 942 767 112 606 651 34 618 783 
682 962 612 547 900 793 210 627 890 109 682 55 459 265 28 395 179 110 925 290 484 542 412 617 638 890 435 350 724 0 200 353 159 649 972 754 50 618 412 911 635 136 506 543 231 197 544 182 75 464 571 616 402 864 383 865 470 385 899 87 167 98 791 677 99 114 782 500 731 193 410 365 329 268 259 911 464 154 93 538 618 663 506 19 879 240 883 348 624 133 
586 758 675 697 199 125 575 125 150 186 193 321 627 259 706 903 313 953 630 492 171 912 484 198 487 628 801 840 541 200 0 786 142 231 928 170 681 41 303 180 772 496 590 488 176 857 747 86 672 900 178 562 869 193 419 887 71 10 122 770 985 254 907 126 836 834 647 516 226 949 696 997 796 637 837 323 845 935 409 516 834 938 429 703 482 847 941 552 856 62 
399 889 616 773 216 628 55 333 234 323 471 503 620 17 616 100 582 213 321 312 75 470 998 596 495 717 441 433 284 353 786 0 673 840 668 931 317 503 116 315 19 342 616 66 338 411 702 526 734 546 460 494 413 646 431 842 700 913 688 640 816 896 54 841 735 721 771 52 223 887 718 593 228 333 10 917 744 63 443 829 960 902 322 373 547 104 566 246 368 605 
712 51 88 807 194 489 506 605 841 939 600 64 340 857 954 710 441 387 561 750 559 421 638 783 893 131 774 685 533 159 142 673 0 238 184 500 291 376 587 363 146 990 937 384 707 530 963 40 891 880 783 954 674 963 913 927 284 637 826 387 202 423 107 807 660 290 658 302 665 244 664 162 233 601 546 940 482 860 331 724 739 113 677 764 75 942 691 710 578 516 
798 915 156 45 568 571 825 716 346 704 883 117 412 754 148 814 791 38 461 352 577 747 216 88 678 11 858 279 868 649 231 840 238 0 448 132 290 554 938 950 195 947 603 211 543 619 373 775 571 270 66 52 129 396 775 220 860 804 983 286 745 25 995 322 892 795 453 182 700 742 483 895 41 85 105 583 703 829 357 273 450 775 676 931 522 803 150 382 606 484 
452 128 522 480 277 131 38 264 900 720 35 425 867 74 740 820 163 450 46 916 570 958 778 351 360 183 554 981 953 972 928 668 184 448 0 667 350 509 14 23 400 160 828 581 859 569 415 105 609 500 210 191 554 390 900 179 192 26 854 122 547 8 623 928 613 106 947 314 966 312 689 718 823 516 650 681 436 65 786 45 916 347 587 469 88 838 647 279 863 853 
163 310 763 423 956 548 983 756 985 64 788 447 875 200 276 962 972 177 38 475 839 389 124 703 604 698 497 516 675 754 170 931 500 132 667 0 400 410 860 22 689 825 480 635 490 797 298 178 866 120 693 516 153 129 932 290 525 847 636 463 667 75 301 314 354 163 518 753 924 729 127 613 905 958 599 395 106 897 924 972 368 969 487 872 97 770 161 973 616 148 
576 927 701 370 804 433 241 345 151 593 349 25 654 367 936 590 66 5 972 341 884 288 489 154 760 385 770 487 63 50 681 317 291 290 350 400 0 435 282 223 87 947 576 250 816 680 173 545 158 137 801 467 736 195 573 984 471 544 703 439 382 575 887 151 735 859 118 883 645 399 457 732 346 32 333 513 63 857 57 573 994 858 39 729 404 611 64 874 506 766 
622 693 413 136 532 370 217 985 963 377 205 631 271 103 801 150 813 386 970 415 81 882 568 272 975 153 28 557 756 618 41 503 376 554 509 410 435 0 664 239 340 550 389 75 408 858 309 53 257 117 136 954 148 468 466 562 324 875 134 317 84 173 397 839 135 460 65 641 578 728 879 917 278 620 343 37 477 3 441 85 119 576 390 618 43 856 180 367 82 665 
447 536 688 10 884 868 52 531 491 147 302 360 860 406 767 444 861 888 797 775 733 980 997 456 992 10 465 163 372 412 303 116 587 938 14 860 282 664 0 35 165 189 784 355 324 595 419 316 172 147 546 441 776 517 783 812 346 138 253 430 256 828 820 226 223 27 757 589 108 421 975 624 610 758 978 285 353 749 600 876 247 497 316 22 14 451 833 359 588 85 
744 948 871 759 329 261 320 599 600 312 995 97 349 342 653 735 499 888 898 489 595 222 402 540 152 894 130 473 68 911 180 315 363 950 23 22 223 239 35 0 140 195 265 959 420 487 337 528 427 796 949 401 419 910 511 749 194 215 849 145 442 95 641 758 116 6 560 948 364 499 385 856 693 649 166 465 135 503 992 913 298 292 665 69 201 175 169 746 741 17 
137 98 120 250 138 208 68 58 394 766 580 433 800 896 218 358 522 248 743 313 563 262 825 750 42 448 691 823 736 635 772 19 146 195 400 689 87 340 165 140 0 890 183 111 883 292 226 888 851 525 604 349 909 459 41 909 624 857 395 478 201 307 776 492 972 196 693 498 364 790 239 380 680 773 490 914 64 715 801 914 591 756 262 852 566 654 760 190 511 507 
1 303 876 90 372 994 988 503 41 703 214 981 790 428 822 744 687 640 939 527 738 190 815 975 136 542 433 243 892 136 496 342 990 947 160 825 947 550 189 195 890 0 19 63 165 794 554 136 989 598 986 352 388 224 83 67 996 572 980 59 638 132 324 229 240 585 80 805 590 191 346 452 49 365 514 214 158 68 701 499 17 686 202 404 261 285 822 256 208 153 
205 951 594 270 972 270 198 533 817 807 738 509 803 755 690 898 66 438 478 853 708 12 835 959 326 1 868 30 19 506 590 616 937 603 828 480 576 389 784 265 183 19 0 666 846 637 341 426 876 925 857 680 867 399 26 318 448 390 832 661 899 251 361 749 267 47 303 671 659 939 844 915 146 997 932 343 633 625 120 508 901 976 187 767 727 564 85 174 953 268 
186 141 335 520 165 275 864 339 878 686 973 462 319 965 678 819 747 701 562 901 85 387 968 748 573 380 187 979 744 543 488 66 384 211 581 635 250 75 355 959 111 63 666 0 186 204 518 898 952 136 944 606 158 955 544 2 869 690 350 152 384 982 128 504 841 29 831 379 795 557 943 231 82 247 498 619 802 367 517 754 855 812 359 12 766 255 365 986 296 714 
809 59 863 75 791 883 273 200 888 613 61 287 213 35 556 964 156 193 130 664 623 289 558 756 247 482 212 887 742 231 176 338 707 543 859 490 816 408 324 420 883 165 846 186 0 490 679 47 617 534 887 645 717 266 440 625 560 22 59 158 520 677 960 238 193 65 92 5 775 456 770 29 820 756 324 534 245 355 580 861 888 819 506 956 436 297 581 347 318 639 
807 722 871 646 222 616 126 536 869 566 902 806 717 332 441 865 161 682 896 615 393 115 414 783 286 108 201 435 857 197 857 411 530 619 569 797 680 858 595 487 292 794 637 204 490 0 504 189 315 463 779 508 879 870 512 654 677 633 682 497 388 6 382 984 360 313 197 599 131 702 555 918 350 135 264 19 125 768 208 439 582 986 298 461 207 161 114 884 794 147 
145 822 507 818 976 804 687 458 677 186 618 542 147 120 353 918 531 848 928 54 809 242 682 465 57 243 490 625 187 544 747 702 963 373 415 298 173 309 419 337 226 554 341 518 679 504 0 732 533 152 113 517 863 425 713 462 908 766 16 825 467 502 89 485 626 208 44 416 141 381 66 953 940 226 418 175 371 565 906 904 68 370 772 931 146 836 744 53 953 111 
538 656 951 787 249 120 628 864 138 832 900 231 280 500 290 446 700 931 160 972 267 521 520 968 1 456 864 745 568 182 86 526 40 775 105 178 545 53 316 528 888 136 426 898 47 189 732 0 230 419 612 670 255 589 229 651 356 369 31 421 674 322 647 91 496 17 7 401 272 75 770 43 357 916 230 100 320 182 210 549 952 173 570 207 113 798 857 468 167 239 
301 149 302 762 680 626 619 529 748 573 205 222 508 398 515 718 570 415 48 760 504 886 911 786 284 873 139 331 439 75 672 734 891 571 609 866 158 257 172 427 851 989 876 952 617 315 533 230 0 241 840 561 887 282 408 255 289 809 879 363 930 921 719 197 503 170 869 684 379 769 988 903 339 194 15 136 402 834 654 992 74 493 904 312 127 312 567 415 472 445 
730 301 776 737 659 934 149 171 481 63 283 706 752 347 611 359 916 202 101 402 394 278 406 954 683 254 705 976 665 464 900 546 880 270 500 120 137 117 147 796 525 598 925 136 534 463 152 419 241 0 129 753 717 199 950 219 368 818 255 98 586 242 1000 276 787 366 412 540 199 65 531 273 910 787 584 36 98 502 802 921 946 282 673 15 480 622 585 199 791 839 
576 605 549 208 17 430 260 165 323 324 617 302 119 938 527 806 575 384 512 41 890 795 368 644 307 913 930 181 18 571 178 460 783 66 210 693 801 136 546 949 604 986 857 944 887 779 113 612 840 129 0 648 729 432 999 4 218 364 767 757 562 832 640 186 741 778 770 128 875 271 929 147 569 210 819 935 41 793 519 591 583 358 238 663 141 588 19 359 951 785 
25 377 256 834 864 272 375 226 53 24 375 107 620 817 369 60 394 303 691 232 315 573 80 688 796 63 154 732 553 616 562 494 954 52 191 516 467 954 441 401 349 352 680 606 645 508 517 670 561 753 648 0 467 864 616 458 50 708 235 171 835 461 793 763 607 713 324 778 647 716 570 166 306 504 875 895 167 15 482 537 725 784 321 544 1000 289 1 401 996 588 
464 764 315 850 640 828 872 465 995 270 114 806 160 578 878 937 317 695 386 222 730 868 180 143 836 77 31 356 874 402 869 413 674 129 554 153 736 148 776 419 909 388 867 158 717 879 863 255 887 717 729 467 0 571 831 400 715 945 359 428 621 136 74 688 705 591 994 208 465 240 726 832 74 262 556 209 583 451 208 223 804 608 218 391 530 400 142 597 697 852 
422 854 961 197 90 251 796 949 295 129 933 451 10 4 818 783 592 697 752 851 782 919 772 553 73 759 680 647 175 864 193 646 963 396 390 129 195 468 517 910 459 224 399 955 266 870 425 589 282 199 432 864 571 0 24 669 987 449 356 43 40 701 603 856 941 328 39 366 590 595 574 524 45 134 98 200 93 315 590 623 67 84 571 115 935 594 783 274 394 138 
664 135 584 162 945 775 275 491 19 606 531 805 766 213 19 517 98 486 565 56 668 658 464 514 462 685 966 450 313 383 419 431 913 775 900 932 573 466 783 511 41 83 26 544 440 512 713 229 408 950 999 616 831 24 0 316 433 839 270 641 131 598 679 496 539 625 421 414 22 554 511 221 647 177 163 621 595 246 191 709 532 136 491 157 529 629 473 314 819 742 
512 842 776 108 706 461 822 963 260 975 812 126 817 320 903 292 694 195 820 426 478 886 547 176 38 446 152 888 884 865 887 842 927 220 179 290 984 562 812 749 909 67 318 2 625 654 462 651 255 219 4 458 400 669 316 0 306 949 691 984 796 581 961 216 994 982 122 856 554 120 33 716 92 627 313 634 688 197 769 178 353 649 806 177 314 976 271 619 924 961 
314 130 495 529 935 182 39 693 607 828 596 593 439 45 921 880 342 488 679 862 43 320 349 108 784 444 122 587 571 470 71 700 284 860 192 525 471 324 346 194 624 996 448 869 560 677 908 356 289 368 218 50 715 987 433 306 0 955 719 894 915 287 887 248 760 743 801 879 127 869 970 105 181 955 792 377 75 322 82 723 479 258 37 455 528 655 378 841 961 449 
582 239 662 944 11 167 791 714 183 206 5 407 924 32 804 208 185 383 196 980 564 52 883 803 546 693 423 591 660 385 10 913 637 804 26 847 544 875 138 215 857 572 390 690 22 633 766 369 809 818 364 708 945 449 839 949 955 0 734 875 87 972 122 846 66 275 724 544 143 45 649 323 351 792 52 425 113 133 147 592 742 535 398 622 542 775 462 502 575 547 
233 603 924 118 64 196 624 292 382 399 341 638 233 714 286 76 491 808 409 700 907 558 277 50 839 998 78 849 133 899 122 688 826 983 854 636 703 134 253 849 395 980 832 350 59 682 16 31 879 255 767 235 359 356 270 691 719 734 0 377 13 518 850 858 584 124 933 127 266 329 127 941 679 271 344 103 383 828 602 326 569 136 723 190 677 850 3 179 776 549 
457 98 5 517 385 241 274 369 122 747 877 142 517 215 911 964 559 323 680 751 499 215 493 946 36 806 851 377 815 87 770 640 387 286 122 463 439 317 430 145 478 59 661 152 158 497 825 421 363 98 757 171 428 43 641 984 894 875 377 0 907 789 67 108 998 2 584 931 480 201 611 607 493 290 229 836 744 963 663 345 641 584 481 363 773 509 564 128 39 692 
263 200 626 842 262 311 1000 341 73 315 686 462 734 296 184 954 716 492 121 269 399 593 646 419 184 583 210 292 736 167 985 816 202 745 547 667 382 84 256 442 201 638 899 384 520 388 467 674 930 586 562 835 621 40 131 796 915 87 13 907 0 676 297 832 94 405 829 95 340 111 927 540 722 885 385 11 113 220 754 75 235 99 715 818 931 430 942 439 345 69 
818 712 950 814 615 672 198 769 531 584 886 310 859 324 991 979 803 761 390 192 77 821 760 247 326 978 879 40 25 98 254 896 423 25 8 75 575 173 828 95 307 132 251 982 677 6 502 322 921 242 832 461 136 701 598 581 287 972 518 789 676 0 478 36 97 126 867 190 530 48 637 221 158 563 113 879 447 497 889 911 716 995 985 302 445 52 471 375 833 765 
207 338 972 289 600 868 680 701 707 69 699 645 137 584 878 63 141 888 352 62 925 684 842 541 882 523 643 810 450 791 907 54 107 995 623 301 887 397 820 641 776 324 361 128 960 382 89 647 719 1000 640 793 74 603 679 961 887 122 850 67 297 478 0 165 177 833 994 565 281 120 783 471 1 830 107 222 988 21 334 866 819 830 107 729 897 101 65 551 897 116 
327 251 713 1000 455 800 857 297 265 253 638 525 426 504 489 664 508 231 33 370 958 13 283 202 76 65 983 976 620 677 126 841 807 322 928 314 151 839 226 758 492 229 749 504 238 984 485 91 197 276 186 763 688 856 496 216 248 846 858 108 832 36 165 0 21 623 948 785 787 477 970 133 41 250 252 823 72 604 653 530 825 640 550 510 857 368 691 963 448 588 
615 627 106 210 182 243 374 484 228 640 768 426 622 77 138 144 945 150 202 895 654 567 327 686 355 988 88 318 244 99 836 735 660 892 613 354 735 135 223 116 972 240 267 841 193 360 626 496 503 787 741 607 705 941 539 994 760 66 584 998 94 97 177 21 0 415 513 490 311 628 510 933 928 647 72 404 968 204 796 569 455 618 641 58 622 170 235 613 72 744 
658 465 493 120 229 350 70 317 958 140 733 421 3 657 617 882 303 337 749 329 495 993 971 243 241 57 197 790 402 114 834 721 290 795 106 163 859 460 27 6 196 585 47 29 65 313 208 17 170 366 778 713 591 328 625 982 743 275 124 2 405 126 833 623 415 0 470 439 787 784 239 374 199 751 215 509 730 724 794 9 722 865 764 689 68 559 258 874 529 898 
841 912 475 422 763 699 191 53 249 668 777 323 300 55 116 977 480 407 70 844 148 753 407 256 31 114 832 843 294 782 647 771 658 453 947 518 118 65 757 560 693 80 303 831 92 197 44 7 869 412 770 324 994 39 421 122 801 724 933 584 829 867 994 948 513 470 0 283 150 419 869 115 490 965 584 281 751 719 519 476 917 621 690 778 350 413 571 359 487 787 
542 553 806 931 985 27 967 828 379 232 469 803 276 796 425 733 362 155 526 236 889 855 167 192 467 724 857 804 306 500 516 52 302 182 314 753 883 641 589 948 498 805 671 379 5 599 416 401 684 540 128 778 208 366 414 856 879 544 127 931 95 190 565 785 490 439 283 0 122 175 206 33 784 431 561 33 65 62 452 934 528 293 898 111 925 648 830 443 475 98 
631 509 905 255 112 719 286 653 921 868 937 52 625 759 770 383 467 74 718 743 575 874 891 514 568 561 576 346 509 731 226 223 665 700 966 924 645 578 108 364 364 590 659 795 775 131 141 272 379 199 875 647 465 590 22 554 127 143 266 480 340 530 281 787 311 787 150 122 0 415 164 875 765 928 797 475 414 935 948 941 140 980 724 922 892 757 987 954 560 272 
287 447 514 784 998 566 242 935 92 814 78 682 512 460 235 421 692 294 218 618 880 733 755 711 375 123 296 6 666 193 949 887 244 742 312 729 399 728 421 499 790 191 939 557 456 702 381 75 769 65 271 716 240 595 554 120 869 45 329 201 111 48 120 477 628 784 419 175 415 0 481 204 169 944 129 168 125 923 642 574 338 805 801 102 732 597 928 498 884 875 
638 852 676 689 313 640 286 426 330 895 815 899 976 137 430 468 213 42 423 76 483 428 568 731 618 617 986 628 725 410 696 718 664 483 689 127 457 879 975 385 239 346 844 943 770 555 66 770 988 531 929 570 726 574 511 33 970 649 127 611 927 637 783 970 510 239 869 206 164 481 0 438 375 855 513 297 746 269 635 51 180 906 884 384 74 179 512 593 655 434 
768 606 376 856 249 926 705 710 314 634 868 836 776 7 987 92 988 673 460 407 137 487 67 616 961 8 267 520 596 365 997 593 162 895 718 613 732 917 624 856 380 452 915 231 29 918 953 43 903 273 147 166 832 524 221 716 105 323 941 607 540 221 471 133 933 374 115 33 875 204 438 0 234 228 771 390 28 224 473 977 151 970 860 26 759 234 232 272 882 329 
639 101 741 873 721 911 229 437 132 868 643 14 653 240 56 164 730 285 509 144 617 274 570 37 510 664 81 600 909 329 796 228 233 41 823 905 346 278 610 693 680 49 146 82 820 350 940 357 339 910 569 306 74 45 647 92 181 351 679 493 722 158 1 41 928 199 490 784 765 169 375 234 0 892 516 380 72 421 615 807 846 793 670 790 799 455 23 26 226 764 
842 802 621 310 637 909 484 311 499 701 552 407 130 891 119 365 278 479 253 928 542 791 754 41 944 969 206 657 744 268 637 333 601 85 516 958 32 620 758 649 773 365 997 247 756 135 226 916 194 787 210 504 262 134 177 627 955 792 271 290 885 563 830 250 647 751 965 431 928 944 855 228 892 0 54 801 237 382 304 558 241 681 317 826 912 588 60 240 831 575 
305 98 710 728 765 552 569 48 543 671 192 649 94 323 16 263 86 725 374 307 573 874 34 715 533 739 805 851 340 259 837 10 546 105 650 599 333 343 978 166 490 514 932 498 324 264 418 230 15 584 819 875 556 98 163 313 792 52 344 229 385 113 107 252 72 215 584 561 797 129 513 771 516 54 0 971 254 348 937 60 545 729 729 335 527 184 709 905 761 473 
447 159 604 947 511 793 853 988 19 832 55 300 865 274 964 479 885 477 990 159 592 562 479 792 756 497 292 838 2 911 323 917 940 583 681 395 513 37 285 465 914 214 343 619 534 19 175 100 136 36 935 895 209 200 621 634 377 425 103 836 11 879 222 823 404 509 281 33 475 168 297 390 380 801 971 0 310 913 61 691 216 970 283 896 286 108 159 225 167 751 
1000 875 844 307 858 876 961 198 367 266 453 212 847 574 559 581 790 160 500 895 935 906 167 823 581 428 406 444 600 464 845 744 482 703 436 106 63 477 353 135 64 158 633 802 245 125 371 320 402 98 41 167 583 93 595 688 75 113 383 744 113 447 988 72 968 730 751 65 414 125 746 28 72 237 254 310 0 56 94 73 309 793 10 721 337 738 449 23 617 984 
802 271 216 545 740 708 255 858 572 856 810 542 592 442 369 180 616 573 301 360 381 467 68 180 589 334 295 475 878 154 935 63 860 829 65 897 857 3 749 503 715 68 625 367 355 768 565 182 834 502 793 15 451 315 246 197 322 133 828 963 220 497 21 604 204 724 719 62 935 923 269 224 421 382 348 913 56 0 732 873 96 556 182 9 616 872 576 585 506 472 
336 815 906 85 760 265 832 203 157 664 954 882 144 125 253 276 937 408 149 483 858 434 999 760 108 952 507 583 569 93 409 443 331 357 786 924 57 441 600 992 801 701 120 517 580 208 906 210 654 802 519 482 208 590 191 769 82 147 602 663 754 889 334 653 796 794 519 452 948 642 635 473 615 304 937 61 94 732 0 223 613 982 799 132 732 854 577 805 515 369 
300 23 145 420 537 501 932 726 115 190 657 785 706 323 425 299 360 927 547 654 438 143 430 960 864 652 897 126 390 538 516 829 724 273 45 972 573 85 876 913 914 499 508 754 861 439 904 549 992 921 591 537 223 623 709 178 723 592 326 345 75 911 866 530 569 9 476 934 941 574 51 977 807 558 60 691 73 873 223 0 166 587 57 903 35 80 871 371 811 95 
531 571 991 633 750 993 756 28 52 919 444 247 344 789 331 890 883 774 401 113 774 744 825 485 623 939 999 450 542 618 834 960 739 450 916 368 994 119 247 298 591 17 901 855 888 582 68 952 74 946 583 725 804 67 532 353 479 742 569 641 235 716 819 825 455 722 917 528 140 338 180 151 846 241 545 216 309 96 613 166 0 466 366 276 474 333 499 402 269 4 
911 771 454 293 128 46 444 719 831 339 923 184 262 62 131 82 511 143 12 523 100 228 366 755 766 216 436 763 938 663 938 902 113 775 347 969 858 576 497 292 756 686 976 812 819 986 370 173 493 282 358 784 608 84 136 649 258 535 136 584 99 995 830 640 618 865 621 293 980 805 906 970 793 681 729 970 793 556 982 587 466 0 873 491 969 206 290 452 290 495 
677 399 752 605 401 124 306 951 167 213 384 891 677 492 794 710 753 581 237 886 752 715 861 647 11 715 402 210 942 506 429 322 677 676 587 487 39 390 316 665 262 202 187 359 506 298 772 570 904 673 238 321 218 571 491 806 37 398 723 481 715 985 107 550 641 764 690 898 724 801 884 860 670 317 729 283 10 182 799 57 366 873 0 28 446 361 748 611 947 804 
994 687 657 835 390 820 979 844 398 188 909 53 855 366 208 826 199 820 138 334 855 611 4 627 458 15 381 806 767 19 703 373 764 931 469 872 729 618 22 69 852 404 767 12 956 461 931 207 312 15 663 544 391 115 157 177 455 622 190 363 818 302 729 510 58 689 778 111 922 102 384 26 790 826 335 896 721 9 132 903 276 491 28 0 865 334 883 88 704 693 
684 976 766 489 569 296 239 667 125 467 855 986 623 65 948 216 454 839 763 373 881 498 489 307 839 326 115 761 112 879 482 547 75 522 88 97 404 43 14 201 566 261 727 766 436 207 146 113 127 480 141 1000 530 935 529 314 528 542 677 773 931 445 897 857 622 68 350 925 892 732 74 759 799 912 527 286 337 616 732 35 474 969 446 865 0 182 521 410 458 347 
340 534 687 767 697 899 932 793 537 818 914 696 794 704 812 226 202 66 153 293 420 372 676 512 472 751 367 659 606 240 847 104 942 803 838 770 611 856 451 175 654 285 564 255 297 161 836 798 312 622 588 289 400 594 629 976 655 775 850 509 430 52 101 368 170 559 413 648 757 597 179 234 455 588 184 108 738 872 854 80 333 206 361 334 182 0 742 308 748 363 
858 528 433 294 447 632 800 806 657 515 720 530 23 686 462 118 892 14 957 760 685 496 550 802 495 461 532 45 651 883 941 566 691 150 647 161 64 180 833 169 760 822 85 365 581 114 744 857 567 585 19 1 142 783 473 271 378 462 3 564 942 471 65 691 235 258 571 830 987 928 512 232 23 60 709 159 449 576 577 871 499 290 748 883 521 742 0 664 972 853 
997 106 260 369 504 478 630 712 732 294 802 578 62 109 221 95 796 679 794 586 275 818 838 415 622 770 589 348 34 348 552 246 710 382 279 973 874 367 359 746 190 256 174 986 347 884 53 468 415 199 359 401 597 274 314 619 841 502 179 128 439 375 551 963 613 874 359 443 954 498 593 272 26 240 905 225 23 585 805 371 402 452 611 88 410 308 664 0 632 177 
273 124 349 62 707 417 722 507 720 376 270 102 70 735 967 433 739 801 349 272 335 423 558 315 18 443 141 249 618 624 856 368 578 606 863 616 506 82 588 741 511 208 953 296 318 794 953 167 472 791 951 996 697 394 819 924 961 575 776 39 345 833 897 448 72 529 487 475 560 884 655 882 226 831 761 167 617 506 515 811 269 290 947 704 458 748 972 632 0 494 
90 482 708 763 863 180 423 450 38 913 61 167 255 751 747 545 734 174 717 811 591 405 827 203 334 458 610 245 783 133 62 605 516 484 853 148 766 665 85 17 507 153 268 714 639 147 111 239 445 839 785 588 852 138 742 961 449 547 549 692 69 765 116 588 744 898 787 98 272 875 434 329 764 575 473 751 984 472 369 95 4 495 804 693 347 363 853 177 494 0 
