10
0 281 988 857 591 342 971 353 666 512 
281 0 70 518 362 84 352 113 301 507 
988 70 0 639 668 365 490 33 155 105 
857 518 639 0 876 680 142 413 539 970 
591 362 668 876 0 637 171 957 845 761 
342 84 365 680 637 0 650 815 466 315 
971 352 490 142 171 650 0 327 887 184 
353 113 33 413 957 815 327 0 40 970 
666 301 155 539 845 466 887 40 0 536 
512 507 105 970 761 315 184 970 536 0 
