20
0 84 89 30 57 40 83 23 95 13 66 22 10 83 63 47 52 1 2 41 
84 0 69 63 47 44 37 76 30 4 4 81 87 19 16 27 100 73 66 82 
89 69 0 47 61 95 64 82 56 46 44 54 97 96 55 90 64 69 36 59 
30 63 47 0 57 11 88 60 66 68 47 84 84 73 35 8 39 16 54 51 
57 47 61 57 0 10 17 84 65 62 79 70 11 75 25 100 90 45 35 49 
40 44 95 11 10 0 2 97 36 61 62 56 59 97 91 32 31 98 22 98 
83 37 64 88 17 2 0 51 24 60 19 7 76 32 85 46 42 11 70 41 
23 76 82 60 84 97 51 0 1 66 27 1 67 75 36 28 88 43 38 84 
95 30 56 66 65 36 24 1 0 33 69 66 30 42 64 32 65 23 50 71 
13 4 46 68 62 61 60 66 33 0 50 82 8 95 23 18 16 16 18 82 
66 4 44 47 79 62 19 27 69 50 0 94 18 48 69 6 27 56 48 65 
22 81 54 84 70 56 7 1 66 82 94 0 92 33 85 57 62 79 72 46 
10 87 97 84 11 59 76 67 30 8 18 92 0 43 46 95 66 96 28 73 
83 19 96 73 75 97 32 75 42 95 48 33 43 0 90 3 90 6 18 60 
63 16 55 35 25 91 85 36 64 23 69 85 46 90 0 87 11 29 86 31 
47 27 90 8 100 32 46 28 32 18 6 57 95 3 87 0 86 65 87 86 
52 100 64 39 90 31 42 88 65 16 27 62 66 90 11 86 0 81 78 18 
1 73 69 16 45 98 11 43 23 16 56 79 96 6 29 65 81 0 65 86 
2 66 36 54 35 22 70 38 50 18 48 72 28 18 86 87 78 65 0 31 
41 82 59 51 49 98 41 84 71 82 65 46 73 60 31 86 18 86 31 0 
