70
0 293 227 501 787 117 38 396 477 774 408 806 553 12 640 558 69 418 735 667 856 999 580 865 456 550 575 793 732 891 397 620 536 975 472 322 91 862 70 568 635 477 725 188 488 716 745 557 133 831 575 341 181 506 557 636 55 131 781 138 373 529 109 908 503 581 582 946 442 651 
293 0 513 428 127 589 615 967 304 712 523 789 894 449 481 75 954 37 710 8 519 842 497 243 370 606 151 873 538 84 818 979 734 682 406 212 622 373 178 277 436 52 417 329 500 897 403 453 285 465 812 803 306 309 46 676 914 548 900 451 983 69 781 716 102 538 279 723 262 809 
227 513 0 999 697 860 416 26 712 664 428 164 949 244 328 103 550 636 500 577 901 47 476 703 29 544 835 96 645 372 727 719 986 535 69 682 394 836 707 105 500 487 621 448 82 948 550 631 935 50 207 187 448 34 889 829 577 723 924 573 446 650 643 431 184 712 113 930 547 171 
501 428 999 0 386 46 9 358 845 91 657 747 73 591 796 280 777 595 665 17 423 242 91 699 166 537 700 161 967 236 872 431 165 770 954 902 168 962 260 12 404 916 758 477 859 905 108 987 500 772 4 274 365 94 972 883 982 672 43 949 259 914 731 775 35 684 676 202 998 935 
787 127 697 386 0 214 401 203 323 229 61 228 336 47 79 460 402 352 824 848 676 706 829 699 748 129 957 13 860 731 48 543 758 601 892 693 166 293 247 489 521 307 68 209 705 498 668 459 849 491 306 876 549 134 574 296 615 882 661 474 612 60 368 370 660 260 414 178 904 12 
117 589 860 46 214 0 666 424 318 85 632 374 582 651 832 782 142 489 658 690 975 583 337 589 465 349 62 428 760 781 149 420 40 562 949 943 925 614 719 242 50 702 968 631 353 151 764 846 640 773 887 614 356 575 202 172 924 615 599 683 395 748 454 787 661 402 729 586 367 447 
38 615 416 9 401 666 0 179 416 149 498 398 853 649 514 698 640 286 584 605 641 158 158 812 433 772 763 116 518 862 921 304 522 675 33 459 41 831 990 809 331 487 558 535 487 71 232 126 709 167 82 701 325 239 865 109 362 627 576 880 488 497 183 361 171 567 172 563 750 161 
396 967 26 358 203 424 179 0 371 80 647 281 615 486 703 198 611 411 365 45 112 41 283 976 149 645 954 725 876 441 573 58 153 743 977 324 657 726 484 28 157 483 660 123 968 362 321 930 773 37 974 236 77 609 563 577 253 516 653 128 308 225 537 460 319 513 784 976 590 619 
477 304 712 845 323 318 416 371 0 3 747 101 14 221 420 375 541 350 499 929 675 734 5 283 648 934 887 163 586 366 470 811 903 282 129 767 417 104 709 35 458 807 488 823 27 907 198 920 608 696 848 283 782 205 917 429 138 804 944 723 169 765 885 423 46 366 542 462 821 602 
774 712 664 91 229 85 149 80 3 0 849 631 408 688 453 786 594 650 705 554 698 905 836 831 109 104 611 598 907 906 672 428 671 557 202 716 274 743 530 94 696 730 724 103 417 529 889 362 530 945 915 227 849 102 409 309 206 372 906 464 277 578 891 947 486 445 15 759 187 896 
408 523 428 657 61 632 498 647 747 849 0 204 883 625 928 337 393 456 577 754 985 522 21 564 722 474 324 31 31 695 936 495 972 865 737 270 702 181 636 460 720 531 664 954 507 943 642 899 750 219 5 86 740 377 1 813 850 325 843 233 371 131 727 694 995 815 964 697 348 599 
806 789 164 747 228 374 398 281 101 631 204 0 508 67 482 523 372 988 817 13 239 918 583 595 4 674 323 4 487 524 680 329 756 51 459 834 96 806 649 411 854 348 362 713 766 843 236 137 182 404 501 772 322 84 718 325 757 40 680 243 564 712 572 671 114 382 505 209 187 505 
553 894 949 73 336 582 853 615 14 408 883 508 0 620 392 852 981 105 617 823 692 105 356 95 605 128 768 40 845 444 797 237 124 39 152 835 962 822 948 696 678 508 234 182 127 626 385 107 82 353 281 773 809 989 219 414 116 339 453 312 782 601 548 905 992 699 91 305 873 390 
12 449 244 591 47 651 649 486 221 688 625 67 620 0 1000 550 898 586 84 376 211 820 835 644 525 467 768 333 455 338 98 922 676 551 234 458 503 133 714 494 184 157 799 56 898 150 957 795 735 392 523 297 212 357 940 736 823 59 420 630 397 518 551 72 420 784 529 922 269 595 
640 481 328 796 79 832 514 703 420 453 928 482 392 1000 0 768 452 751 566 859 648 67 167 795 154 559 317 450 122 25 742 209 199 800 628 828 196 145 379 268 564 514 148 838 134 742 605 937 492 522 795 492 588 314 286 741 872 954 543 345 330 284 553 528 435 532 356 631 29 86 
558 75 103 280 460 782 698 198 375 786 337 523 852 550 768 0 250 944 951 397 781 85 491 385 21 334 258 168 825 846 481 462 938 704 767 832 48 96 467 952 624 902 835 331 532 863 768 133 807 718 881 939 154 371 324 527 57 933 694 881 130 526 695 68 229 461 251 628 909 718 
69 954 550 777 402 142 640 611 541 594 393 372 981 898 452 250 0 579 884 619 413 214 502 628 333 634 434 402 514 372 556 237 47 434 293 332 479 525 461 4 219 880 584 32 131 211 292 848 141 175 466 553 740 319 532 72 952 317 825 817 41 380 53 439 165 345 770 643 870 231 
418 37 636 595 352 489 286 411 350 650 456 988 105 586 751 944 579 0 646 440 110 229 823 240 439 114 439 931 640 904 836 379 574 367 802 877 684 627 694 724 358 98 162 523 795 932 165 664 162 163 455 623 391 630 863 182 743 301 112 735 557 947 113 482 666 915 359 349 893 52 
735 710 500 665 824 658 584 365 499 705 577 817 617 84 566 951 884 646 0 72 250 149 585 772 943 868 937 958 381 99 765 4 841 394 218 374 488 518 486 574 426 784 687 908 449 953 266 149 845 669 220 446 169 157 218 464 24 506 773 405 956 889 760 148 634 977 522 122 846 359 
667 8 577 17 848 690 605 45 929 554 754 13 823 376 859 397 619 440 72 0 47 624 142 733 531 943 37 148 91 233 168 663 679 336 819 896 151 194 753 924 950 708 812 709 855 446 37 728 919 883 86 965 858 580 50 740 522 438 887 612 671 406 626 349 93 796 244 244 990 996 
856 519 901 423 676 975 641 112 675 698 985 239 692 211 648 781 413 110 250 47 0 519 291 55 682 352 261 127 388 989 397 622 74 714 479 653 115 218 526 552 456 490 222 861 115 570 954 911 165 549 252 512 67 542 566 748 245 179 227 633 167 975 606 240 40 85 245 154 654 770 
999 842 47 242 706 583 158 41 734 905 522 918 105 820 67 85 214 229 149 624 519 0 58 462 259 279 322 374 201 627 636 365 527 887 229 593 780 146 693 25 324 271 9 490 245 614 82 637 50 326 142 56 447 199 517 706 830 190 431 30 817 418 746 343 656 974 288 435 120 332 
580 497 476 91 829 337 158 283 5 836 21 583 356 835 167 491 502 823 585 142 291 58 0 811 443 602 171 285 198 137 366 834 186 43 976 241 489 526 109 546 355 299 328 384 115 745 482 809 400 455 448 187 926 779 349 721 732 520 5 930 8 722 115 193 764 442 786 604 968 894 
865 243 703 699 699 589 812 976 283 831 564 595 95 644 795 385 628 240 772 733 55 462 811 0 502 322 192 829 58 658 926 539 819 677 345 618 863 271 397 564 991 128 435 347 409 442 68 524 986 831 965 771 786 932 17 287 606 560 116 15 570 393 553 740 69 249 357 284 519 753 
456 370 29 166 748 465 433 149 648 109 722 4 605 525 154 21 333 439 943 531 682 259 443 502 0 847 861 233 633 559 641 74 626 164 411 808 481 182 594 764 550 232 369 461 699 383 30 91 287 769 160 536 126 443 406 230 641 619 462 273 177 455 698 155 970 108 962 450 641 907 
550 606 544 537 129 349 772 645 934 104 474 674 128 467 559 334 634 114 868 943 352 279 602 322 847 0 214 542 139 582 3 189 317 32 280 955 801 791 490 278 233 248 507 225 218 321 497 394 127 546 900 96 5 214 546 646 120 759 187 610 692 541 799 8 573 430 963 725 220 804 
575 151 835 700 957 62 763 954 887 611 324 323 768 768 317 258 434 439 937 37 261 322 171 192 861 214 0 354 452 403 212 28 620 532 876 366 658 421 265 754 425 478 651 422 950 409 961 911 452 501 709 812 425 138 126 149 709 929 502 160 684 714 539 303 597 414 20 607 834 285 
793 873 96 161 13 428 116 725 163 598 31 4 40 333 450 168 402 931 958 148 127 374 285 829 233 542 354 0 712 611 114 362 384 415 122 344 326 573 197 34 384 621 524 509 122 232 790 623 744 825 688 282 127 637 48 499 243 233 783 306 843 248 667 579 663 788 922 988 712 470 
732 538 645 967 860 760 518 876 586 907 31 487 845 455 122 825 514 640 381 91 388 201 198 58 633 139 452 712 0 373 448 91 248 308 564 832 97 538 927 273 226 560 752 214 607 250 456 840 32 761 34 631 779 612 293 918 886 632 629 355 5 76 797 252 384 360 435 832 898 361 
891 84 372 236 731 781 862 441 366 906 695 524 444 338 25 846 372 904 99 233 989 627 137 658 559 582 403 611 373 0 105 475 921 856 688 879 105 495 718 488 607 752 118 385 715 763 302 600 394 282 955 750 358 103 2 93 815 788 924 712 149 28 538 421 235 577 651 691 71 369 
397 818 727 872 48 149 921 573 470 672 936 680 797 98 742 481 556 836 765 168 397 636 366 926 641 3 212 114 448 105 0 178 677 472 648 413 186 762 66 138 155 347 444 905 704 546 258 796 712 397 72 775 897 451 312 317 686 888 320 728 958 688 906 986 511 905 750 48 18 815 
620 979 719 431 543 420 304 58 811 428 495 329 237 922 209 462 237 379 4 663 622 365 834 539 74 189 28 362 91 475 178 0 537 172 162 980 428 217 878 37 365 589 434 436 364 330 238 675 999 923 915 318 651 224 357 908 210 219 164 311 618 181 126 155 704 639 134 484 855 363 
536 734 986 165 758 40 522 153 903 671 972 756 124 676 199 938 47 574 841 679 74 527 186 819 626 317 620 384 248 921 677 537 0 872 571 952 657 358 667 987 596 693 337 870 607 6 872 831 714 131 392 284 646 702 901 178 827 55 882 817 541 717 672 903 588 594 206 245 952 872 
975 682 535 770 601 562 675 743 282 557 865 51 39 551 800 704 434 367 394 336 714 887 43 677 164 32 532 415 308 856 472 172 872 0 583 547 917 271 768 523 628 640 705 341 770 96 624 416 150 876 593 328 931 826 145 823 894 816 77 482 761 283 78 712 506 12 610 422 634 378 
472 406 69 954 892 949 33 977 129 202 737 459 152 234 628 767 293 802 218 819 479 229 976 345 411 280 876 122 564 688 648 162 571 583 0 297 261 369 1 953 138 449 576 905 598 451 850 925 733 27 69 555 921 236 632 754 997 266 183 60 771 546 670 545 179 47 841 439 415 841 
322 212 682 902 693 943 459 324 767 716 270 834 835 458 828 832 332 877 374 896 653 593 241 618 808 955 366 344 832 879 413 980 952 547 297 0 391 904 641 318 161 238 120 362 163 853 388 583 759 660 819 742 765 167 7 947 226 130 492 895 26 670 293 866 460 59 58 850 315 699 
91 622 394 168 166 925 41 657 417 274 702 96 962 503 196 48 479 684 488 151 115 780 489 863 481 801 658 326 97 105 186 428 657 917 261 391 0 519 475 288 639 188 450 491 575 385 249 587 555 991 351 721 349 650 298 478 493 545 503 163 837 720 974 248 130 824 562 180 342 388 
862 373 836 962 293 614 831 726 104 743 181 806 822 133 145 96 525 627 518 194 218 146 526 271 182 791 421 573 538 495 762 217 358 271 369 904 519 0 467 332 575 917 822 501 653 423 439 207 765 790 927 113 439 576 943 283 120 797 445 309 869 771 556 998 946 469 177 287 208 643 
70 178 707 260 247 719 990 484 709 530 636 649 948 714 379 467 461 694 486 753 526 693 109 397 594 490 265 197 927 718 66 878 667 768 1 641 475 467 0 971 134 911 792 634 563 566 425 769 330 214 47 795 4 623 89 286 742 237 83 402 105 853 309 102 798 777 630 436 336 273 
568 277 105 12 489 242 809 28 35 94 460 411 696 494 268 952 4 724 574 924 552 25 546 564 764 278 754 34 273 488 138 37 987 523 953 318 288 332 971 0 406 469 183 550 455 98 467 879 218 149 444 265 943 799 887 383 84 980 619 518 382 724 722 690 177 519 819 807 307 506 
635 436 500 404 521 50 331 157 458 696 720 854 678 184 564 624 219 358 426 950 456 324 355 991 550 233 425 384 226 607 155 365 596 628 138 161 639 575 134 406 0 79 64 975 613 965 781 62 432 11 280 580 454 544 874 252 782 256 687 113 226 557 846 949 278 536 478 149 706 284 
477 52 487 916 307 702 487 483 807 730 531 348 508 157 514 902 880 98 784 708 490 271 299 128 232 248 478 621 560 752 347 589 693 640 449 238 188 917 911 469 79 0 455 211 714 870 537 326 835 317 740 266 679 19 845 484 562 70 735 695 325 774 807 550 330 653 851 607 540 328 
725 417 621 758 68 968 558 660 488 724 664 362 234 799 148 835 584 162 687 812 222 9 328 435 369 507 651 524 752 118 444 434 337 705 576 120 450 822 792 183 64 455 0 755 597 963 561 807 676 783 696 353 617 364 92 234 43 110 430 526 23 499 613 717 175 386 876 76 67 528 
188 329 448 477 209 631 535 123 823 103 954 713 182 56 838 331 32 523 908 709 861 490 384 347 461 225 422 509 214 385 905 436 870 341 905 362 491 501 634 550 975 211 755 0 926 25 419 605 132 15 567 692 173 242 826 868 947 442 232 38 675 626 148 456 151 522 954 763 239 128 
488 500 82 859 705 353 487 968 27 417 507 766 127 898 134 532 131 795 449 855 115 245 115 409 699 218 950 122 607 715 704 364 607 770 598 163 575 653 563 455 613 714 597 926 0 500 466 204 566 345 481 591 763 438 722 129 4 765 301 598 591 521 544 384 752 933 411 377 432 866 
716 897 948 905 498 151 71 362 907 529 943 843 626 150 742 863 211 932 953 446 570 614 745 442 383 321 409 232 250 763 546 330 6 96 451 853 385 423 566 98 965 870 963 25 500 0 879 954 172 642 544 299 493 9 854 59 353 687 1 467 124 74 595 127 838 247 76 780 767 971 
745 403 550 108 668 764 232 321 198 889 642 236 385 957 605 768 292 165 266 37 954 82 482 68 30 497 961 790 456 302 258 238 872 624 850 388 249 439 425 467 781 537 561 419 466 879 0 164 870 904 926 246 335 791 477 640 962 118 183 613 610 543 818 20 895 504 20 713 627 93 
557 453 631 987 459 846 126 930 920 362 899 137 107 795 937 133 848 664 149 728 911 637 809 524 91 394 911 623 840 600 796 675 831 416 925 583 587 207 769 879 62 326 807 605 204 954 164 0 659 106 283 906 181 62 24 152 577 894 407 502 491 93 645 967 733 606 436 915 570 398 
133 285 935 500 849 640 709 773 608 530 750 182 82 735 492 807 141 162 845 919 165 50 400 986 287 127 452 744 32 394 712 999 714 150 733 759 555 765 330 218 432 835 676 132 566 172 870 659 0 458 388 769 704 891 789 769 518 233 427 623 867 684 155 281 60 658 857 953 64 711 
831 465 50 772 491 773 167 37 696 945 219 404 353 392 522 718 175 163 669 883 549 326 455 831 769 546 501 825 761 282 397 923 131 876 27 660 991 790 214 149 11 317 783 15 345 642 904 106 458 0 795 509 355 114 241 960 901 507 882 298 964 269 67 20 511 207 788 380 791 566 
575 812 207 4 306 887 82 974 848 915 5 501 281 523 795 881 466 455 220 86 252 142 448 965 160 900 709 688 34 955 72 915 392 593 69 819 351 927 47 444 280 740 696 567 481 544 926 283 388 795 0 354 10 250 509 290 309 166 146 613 582 208 759 90 562 872 682 874 773 188 
341 803 187 274 876 614 701 236 283 227 86 772 773 297 492 939 553 623 446 965 512 56 187 771 536 96 812 282 631 750 775 318 284 328 555 742 721 113 795 265 580 266 353 692 591 299 246 906 769 509 354 0 755 422 152 375 840 523 885 398 662 265 189 227 970 198 828 478 487 488 
181 306 448 365 549 356 325 77 782 849 740 322 809 212 588 154 740 391 169 858 67 447 926 786 126 5 425 127 779 358 897 651 646 931 921 765 349 439 4 943 454 679 617 173 763 493 335 181 704 355 10 755 0 996 984 452 929 192 211 370 105 434 51 978 558 238 732 332 741 458 
506 309 34 94 134 575 239 609 205 102 377 84 989 357 314 371 319 630 157 580 542 199 779 932 443 214 138 637 612 103 451 224 702 826 236 167 650 576 623 799 544 19 364 242 438 9 791 62 891 114 250 422 996 0 171 263 343 569 276 959 109 503 928 306 682 758 144 170 105 479 
557 46 889 972 574 202 865 563 917 409 1 718 219 940 286 324 532 863 218 50 566 517 349 17 406 546 126 48 293 2 312 357 901 145 632 7 298 943 89 887 874 845 92 826 722 854 477 24 789 241 509 152 984 171 0 621 385 22 183 754 127 969 804 104 526 393 188 857 134 997 
636 676 829 883 296 172 109 577 429 309 813 325 414 736 741 527 72 182 464 740 748 706 721 287 230 646 149 499 918 93 317 908 178 823 754 947 478 283 286 383 252 484 234 868 129 59 640 152 769 960 290 375 452 263 621 0 380 748 339 948 376 649 56 878 929 713 911 38 856 80 
55 914 577 982 615 924 362 253 138 206 850 757 116 823 872 57 952 743 24 522 245 830 732 606 641 120 709 243 886 815 686 210 827 894 997 226 493 120 742 84 782 562 43 947 4 353 962 577 518 901 309 840 929 343 385 380 0 494 686 53 878 708 587 631 186 555 786 641 433 178 
131 548 723 672 882 615 627 516 804 372 325 40 339 59 954 933 317 301 506 438 179 190 520 560 619 759 929 233 632 788 888 219 55 816 266 130 545 797 237 980 256 70 110 442 765 687 118 894 233 507 166 523 192 569 22 748 494 0 180 289 663 177 20 763 867 967 138 516 374 367 
781 900 924 43 661 599 576 653 944 906 843 680 453 420 543 694 825 112 773 887 227 431 5 116 462 187 502 783 629 924 320 164 882 77 183 492 503 445 83 619 687 735 430 232 301 1 183 407 427 882 146 885 211 276 183 339 686 180 0 796 86 277 833 293 709 326 331 761 555 390 
138 451 573 949 474 683 880 128 723 464 233 243 312 630 345 881 817 735 405 612 633 30 930 15 273 610 160 306 355 712 728 311 817 482 60 895 163 309 402 518 113 695 526 38 598 467 613 502 623 298 613 398 370 959 754 948 53 289 796 0 347 185 575 254 322 215 686 851 747 326 
373 983 446 259 612 395 488 308 169 277 371 564 782 397 330 130 41 557 956 671 167 817 8 570 177 692 684 843 5 149 958 618 541 761 771 26 837 869 105 382 226 325 23 675 591 124 610 491 867 964 582 662 105 109 127 376 878 663 86 347 0 866 923 346 628 789 664 117 656 38 
529 69 650 914 60 748 497 225 765 578 131 712 601 518 284 526 380 947 889 406 975 418 722 393 455 541 714 248 76 28 688 181 717 283 546 670 720 771 853 724 557 774 499 626 521 74 543 93 684 269 208 265 434 503 969 649 708 177 277 185 866 0 483 451 475 111 635 120 819 312 
109 781 643 731 368 454 183 537 885 891 727 572 548 551 553 695 53 113 760 626 606 746 115 553 698 799 539 667 797 538 906 126 672 78 670 293 974 556 309 722 846 807 613 148 544 595 818 645 155 67 759 189 51 928 804 56 587 20 833 575 923 483 0 450 931 866 839 630 402 765 
908 716 431 775 370 787 361 460 423 947 694 671 905 72 528 68 439 482 148 349 240 343 193 740 155 8 303 579 252 421 986 155 903 712 545 866 248 998 102 690 949 550 717 456 384 127 20 967 281 20 90 227 978 306 104 878 631 763 293 254 346 451 450 0 883 723 331 568 926 77 
503 102 184 35 660 661 171 319 46 486 995 114 992 420 435 229 165 666 634 93 40 656 764 69 970 573 597 663 384 235 511 704 588 506 179 460 130 946 798 177 278 330 175 151 752 838 895 733 60 511 562 970 558 682 526 929 186 867 709 322 628 475 931 883 0 245 791 999 590 418 
581 538 712 684 260 402 567 513 366 445 815 382 699 784 532 461 345 915 977 796 85 974 442 249 108 430 414 788 360 577 905 639 594 12 47 59 824 469 777 519 536 653 386 522 933 247 504 606 658 207 872 198 238 758 393 713 555 967 326 215 789 111 866 723 245 0 140 254 886 795 
582 279 113 676 414 729 172 784 542 15 964 505 91 529 356 251 770 359 522 244 245 288 786 357 962 963 20 922 435 651 750 134 206 610 841 58 562 177 630 819 478 851 876 954 411 76 20 436 857 788 682 828 732 144 188 911 786 138 331 686 664 635 839 331 791 140 0 643 368 598 
946 723 930 202 178 586 563 976 462 759 697 209 305 922 631 628 643 349 122 244 154 435 604 284 450 725 607 988 832 691 48 484 245 422 439 850 180 287 436 807 149 607 76 763 377 780 713 915 953 380 874 478 332 170 857 38 641 516 761 851 117 120 630 568 999 254 643 0 469 830 
442 262 547 998 904 367 750 590 821 187 348 187 873 269 29 909 870 893 846 990 654 120 968 519 641 220 834 712 898 71 18 855 952 634 415 315 342 208 336 307 706 540 67 239 432 767 627 570 64 791 773 487 741 105 134 856 433 374 555 747 656 819 402 926 590 886 368 469 0 584 
651 809 171 935 12 447 161 619 602 896 599 505 390 595 86 718 231 52 359 996 770 332 894 753 907 804 285 470 361 369 815 363 872 378 841 699 388 643 273 506 284 328 528 128 866 971 93 398 711 566 188 488 458 479 997 80 178 367 390 326 38 312 765 77 418 795 598 830 584 0 
