60
0 777 194 134 671 981 727 591 6 151 886 961 966 229 946 375 385 645 369 628 814 694 752 680 393 850 867 526 88 767 887 744 895 81 229 565 413 955 155 770 457 392 82 422 973 27 796 357 671 516 337 484 561 88 515 305 937 734 182 24 
777 0 500 68 119 394 148 347 958 560 653 464 330 109 855 411 530 827 790 677 536 460 192 872 296 752 959 810 408 247 543 589 623 394 657 741 787 804 88 96 716 92 911 397 201 766 159 730 944 948 759 831 408 950 54 703 54 364 864 461 
194 500 0 611 759 50 233 152 706 325 291 861 764 386 576 856 297 324 56 414 483 137 709 430 895 540 837 197 593 891 250 309 755 62 919 513 111 503 16 168 827 306 29 591 692 956 798 340 280 205 753 762 341 461 543 588 352 732 784 297 
134 68 611 0 622 385 605 728 446 875 592 909 377 608 76 555 913 456 497 956 764 294 647 395 498 751 156 191 564 50 778 915 781 913 563 403 649 167 482 94 41 74 2 769 681 430 324 945 885 820 253 1000 114 899 394 963 650 901 153 213 
671 119 759 622 0 951 282 479 731 546 42 485 194 208 967 288 601 40 641 369 72 70 692 368 307 864 620 658 977 519 52 291 520 952 444 732 902 77 210 985 623 251 469 816 811 787 455 763 178 96 131 601 517 175 969 175 38 588 833 366 
981 394 50 385 951 0 458 884 656 977 187 451 60 89 528 270 425 150 872 245 317 682 32 772 796 561 867 927 162 735 453 482 262 842 421 94 559 879 329 566 207 515 17 267 955 896 888 379 397 759 976 713 793 359 484 588 919 702 866 432 
727 148 233 605 282 458 0 789 318 913 50 511 334 495 69 564 823 635 770 689 3 36 644 898 923 374 646 34 349 358 826 707 194 765 978 247 631 409 387 300 674 436 811 359 930 231 922 104 217 691 793 219 79 788 468 353 161 113 386 862 
591 347 152 728 479 884 789 0 823 563 920 16 328 897 614 958 658 1 609 331 788 419 689 718 2 962 173 218 652 965 789 82 104 256 435 265 369 172 478 191 735 397 558 62 294 523 371 303 523 979 633 311 750 673 380 751 634 552 320 637 
6 958 706 446 731 656 318 823 0 869 108 719 972 364 505 588 84 676 65 626 762 462 535 823 107 57 545 409 932 524 393 242 273 65 973 375 50 876 694 686 744 154 404 68 517 260 655 952 288 720 577 49 533 463 224 991 519 768 751 450 
151 560 325 875 546 977 913 563 869 0 643 495 43 267 559 15 993 608 243 39 645 986 192 401 53 60 660 60 11 947 131 939 348 15 401 923 357 271 690 107 721 685 601 115 951 511 482 944 470 724 982 114 61 525 514 114 584 526 525 946 
886 653 291 592 42 187 50 920 108 643 0 824 655 884 171 669 636 93 25 906 135 483 978 171 435 93 121 945 574 416 414 297 749 879 709 273 393 822 208 270 698 153 93 352 388 264 372 375 708 748 281 194 230 610 364 664 702 837 960 627 
961 464 861 909 485 451 511 16 719 495 824 0 252 725 275 353 604 984 977 348 157 185 617 855 337 61 558 77 324 930 451 384 29 83 577 611 693 293 274 746 129 586 373 732 310 999 436 265 334 413 964 491 597 932 697 285 993 254 713 668 
966 330 764 377 194 60 334 328 972 43 655 252 0 535 164 51 916 598 980 526 290 624 151 36 752 736 760 835 398 110 623 14 444 35 978 286 983 261 982 619 253 587 684 921 474 847 323 741 444 654 266 86 277 416 473 380 152 584 567 901 
229 109 386 608 208 89 495 897 364 267 884 725 535 0 693 189 914 488 575 243 773 557 504 106 527 108 45 210 28 870 408 703 610 204 356 875 289 985 290 113 716 793 696 282 45 740 470 959 228 396 553 1000 952 56 458 831 164 502 40 543 
946 855 576 76 967 528 69 614 505 559 171 275 164 693 0 371 800 597 980 3 953 206 643 289 847 755 4 992 450 286 36 189 107 346 768 503 899 120 806 306 577 988 469 430 28 364 800 179 960 131 181 264 336 823 904 534 929 908 525 730 
375 411 856 555 288 270 564 958 588 15 669 353 51 189 371 0 545 561 270 3 258 38 857 156 157 663 814 85 650 634 514 29 997 665 207 309 795 739 572 482 913 828 15 841 735 892 922 631 452 192 633 61 581 490 217 89 504 30 173 505 
385 530 297 913 601 425 823 658 84 993 636 604 916 914 800 545 0 663 686 534 12 350 92 320 496 183 243 329 95 70 695 288 156 586 209 786 389 752 419 450 332 260 18 420 763 399 592 619 413 629 504 424 330 948 95 825 130 690 505 224 
645 827 324 456 40 150 635 1 676 608 93 984 598 488 597 561 663 0 759 200 511 267 785 72 52 526 823 822 975 507 433 344 926 547 742 870 166 154 498 669 930 180 616 24 356 745 713 861 321 824 60 183 90 196 254 493 721 429 315 47 
369 790 56 497 641 872 770 609 65 243 25 977 980 575 980 270 686 759 0 935 99 390 860 646 131 81 811 285 931 831 566 110 447 589 465 543 654 325 863 477 736 398 566 932 651 58 4 431 724 51 365 823 440 577 468 571 657 630 207 587 
628 677 414 956 369 245 689 331 626 39 906 348 526 243 3 3 534 200 935 0 460 772 696 258 712 513 801 365 189 15 841 925 412 758 208 415 168 211 845 891 261 562 65 701 138 884 623 794 513 181 733 325 952 780 582 663 292 734 380 481 
814 536 483 764 72 317 3 788 762 645 135 157 290 773 953 258 12 511 99 460 0 749 220 757 512 978 964 278 145 526 475 387 787 36 804 839 525 687 813 670 200 993 402 876 296 534 457 310 177 191 689 9 291 261 765 154 238 80 784 734 
694 460 137 294 70 682 36 419 462 986 483 185 624 557 206 38 350 267 390 772 749 0 606 258 472 744 645 275 934 521 962 746 190 513 90 944 388 385 477 196 46 653 386 735 662 28 995 778 534 584 210 317 669 815 574 492 910 570 767 843 
752 192 709 647 692 32 644 689 535 192 978 617 151 504 643 857 92 785 860 696 220 606 0 90 80 940 631 944 29 574 683 765 402 878 810 407 616 544 420 643 890 197 528 825 406 844 493 572 769 985 481 338 103 675 779 182 614 410 477 994 
680 872 430 395 368 772 898 718 823 401 171 855 36 106 289 156 320 72 646 258 757 258 90 0 335 159 758 89 36 568 495 651 463 914 646 353 462 173 529 220 17 22 143 785 358 976 475 812 650 605 345 616 366 821 609 701 979 367 789 14 
393 296 895 498 307 796 923 2 107 53 435 337 752 527 847 157 496 52 131 712 512 472 80 335 0 934 635 17 748 900 662 452 361 834 981 932 202 354 75 339 63 50 165 874 51 769 218 666 135 38 275 187 16 993 327 29 278 961 397 25 
850 752 540 751 864 561 374 962 57 60 93 61 736 108 755 663 183 526 81 513 978 744 940 159 934 0 212 58 477 572 244 809 856 797 162 282 135 224 683 651 449 733 772 666 751 258 703 377 444 70 369 122 450 998 434 847 22 645 904 850 
867 959 837 156 620 867 646 173 545 660 121 558 760 45 4 814 243 823 811 801 964 645 631 758 635 212 0 568 499 10 423 296 171 56 782 746 738 785 194 471 556 859 221 813 913 597 608 982 317 729 784 314 514 630 687 158 885 537 77 384 
526 810 197 191 658 927 34 218 409 60 945 77 835 210 992 85 329 822 285 365 278 275 944 89 17 58 568 0 546 500 31 69 907 812 166 645 596 360 115 503 570 687 315 835 635 274 168 951 354 951 616 867 932 302 376 817 190 453 552 88 
88 408 593 564 977 162 349 652 932 11 574 324 398 28 450 650 95 975 931 189 145 934 29 36 748 477 499 546 0 304 582 156 210 745 321 854 693 32 320 195 954 358 862 140 992 135 307 294 841 610 909 707 541 211 435 709 400 887 260 487 
767 247 891 50 519 735 358 965 524 947 416 930 110 870 286 634 70 507 831 15 526 521 574 568 900 572 10 500 304 0 542 841 642 751 586 315 957 630 698 628 824 3 986 37 142 977 172 449 271 364 410 179 70 950 389 856 659 789 94 270 
887 543 250 778 52 453 826 789 393 131 414 451 623 408 36 514 695 433 566 841 475 962 683 495 662 244 423 31 582 542 0 627 635 111 621 738 48 935 46 677 984 673 852 987 658 889 480 635 412 280 257 775 689 435 196 991 176 52 1 316 
744 589 309 915 291 482 707 82 242 939 297 384 14 703 189 29 288 344 110 925 387 746 765 651 452 809 296 69 156 841 627 0 497 270 942 132 380 562 221 779 848 266 807 184 290 11 522 948 899 1 934 662 281 190 436 321 976 631 311 503 
895 623 755 781 520 262 194 104 273 348 749 29 444 610 107 997 156 926 447 412 787 190 402 463 361 856 171 907 210 642 635 497 0 34 311 818 531 581 112 14 312 673 586 443 873 203 249 56 492 259 577 791 509 929 724 170 561 265 957 882 
81 394 62 913 952 842 765 256 65 15 879 83 35 204 346 665 586 547 589 758 36 513 878 914 834 797 56 812 745 751 111 270 34 0 593 940 544 95 973 855 265 855 787 376 220 450 400 157 892 272 359 493 679 851 103 255 641 612 536 717 
229 657 919 563 444 421 978 435 973 401 709 577 978 356 768 207 209 742 465 208 804 90 810 646 981 162 782 166 321 586 621 942 311 593 0 133 96 981 90 329 925 29 873 20 353 79 284 560 217 659 131 666 410 288 910 682 646 402 360 848 
565 741 513 403 732 94 247 265 375 923 273 611 286 875 503 309 786 870 543 415 839 944 407 353 932 282 746 645 854 315 738 132 818 940 133 0 504 967 841 467 502 909 952 949 241 41 278 166 421 150 185 125 580 820 684 796 830 815 461 239 
413 787 111 649 902 559 631 369 50 357 393 693 983 289 899 795 389 166 654 168 525 388 616 462 202 135 738 596 693 957 48 380 531 544 96 504 0 454 722 272 99 123 632 299 979 950 139 797 451 47 748 399 639 140 676 804 912 177 340 37 
955 804 503 167 77 879 409 172 876 271 822 293 261 985 120 739 752 154 325 211 687 385 544 173 354 224 785 360 32 630 935 562 581 95 981 967 454 0 756 159 72 551 340 238 364 579 691 85 850 142 560 833 440 890 782 930 686 584 328 786 
155 88 16 482 210 329 387 478 694 690 208 274 982 290 806 572 419 498 863 845 813 477 420 529 75 683 194 115 320 698 46 221 112 973 90 841 722 756 0 983 966 277 10 770 189 539 109 577 294 620 648 197 959 886 912 537 928 996 739 69 
770 96 168 94 985 566 300 191 686 107 270 746 619 113 306 482 450 669 477 891 670 196 643 220 339 651 471 503 195 628 677 779 14 855 329 467 272 159 983 0 907 923 508 796 705 437 834 288 764 971 622 82 247 984 851 787 522 311 363 815 
457 716 827 41 623 207 674 735 744 721 698 129 253 716 577 913 332 930 736 261 200 46 890 17 63 449 556 570 954 824 984 848 312 265 925 502 99 72 966 907 0 930 363 363 241 600 274 129 527 622 867 596 880 790 103 28 846 892 861 133 
392 92 306 74 251 515 436 397 154 685 153 586 587 793 988 828 260 180 398 562 993 653 197 22 50 733 859 687 358 3 673 266 673 855 29 909 123 551 277 923 930 0 7 183 107 88 429 90 290 568 611 953 930 777 234 292 140 474 891 765 
82 911 29 2 469 17 811 558 404 601 93 373 684 696 469 15 18 616 566 65 402 386 528 143 165 772 221 315 862 986 852 807 586 787 873 952 632 340 10 508 363 7 0 603 418 738 821 365 618 962 467 645 807 710 857 292 717 39 750 156 
422 397 591 769 816 267 359 62 68 115 352 732 921 282 430 841 420 24 932 701 876 735 825 785 874 666 813 835 140 37 987 184 443 376 20 949 299 238 770 796 363 183 603 0 819 839 798 386 801 750 668 577 983 959 68 457 202 185 411 971 
973 201 692 681 811 955 930 294 517 951 388 310 474 45 28 735 763 356 651 138 296 662 406 358 51 751 913 635 992 142 658 290 873 220 353 241 979 364 189 705 241 107 418 819 0 922 583 335 891 545 153 887 703 215 743 346 931 133 95 438 
27 766 956 430 787 896 231 523 260 511 264 999 847 740 364 892 399 745 58 884 534 28 844 976 769 258 597 274 135 977 889 11 203 450 79 41 950 579 539 437 600 88 738 839 922 0 952 285 235 689 85 336 356 14 319 667 81 127 868 265 
796 159 798 324 455 888 922 371 655 482 372 436 323 470 800 922 592 713 4 623 457 995 493 475 218 703 608 168 307 172 480 522 249 400 284 278 139 691 109 834 274 429 821 798 583 952 0 889 190 539 471 876 429 367 28 668 70 242 410 767 
357 730 340 945 763 379 104 303 952 944 375 265 741 959 179 631 619 861 431 794 310 778 572 812 666 377 982 951 294 449 635 948 56 157 560 166 797 85 577 288 129 90 365 386 335 285 889 0 524 895 862 314 198 146 900 886 583 236 242 596 
671 944 280 885 178 397 217 523 288 470 708 334 444 228 960 452 413 321 724 513 177 534 769 650 135 444 317 354 841 271 412 899 492 892 217 421 451 850 294 764 527 290 618 801 891 235 190 524 0 906 260 28 32 479 645 272 668 183 742 543 
516 948 205 820 96 759 691 979 720 724 748 413 654 396 131 192 629 824 51 181 191 584 985 605 38 70 729 951 610 364 280 1 259 272 659 150 47 142 620 971 622 568 962 750 545 689 539 895 906 0 963 109 922 630 530 516 392 296 391 638 
337 759 753 253 131 976 793 633 577 982 281 964 266 553 181 633 504 60 365 733 689 210 481 345 275 369 784 616 909 410 257 934 577 359 131 185 748 560 648 622 867 611 467 668 153 85 471 862 260 963 0 509 704 835 655 604 720 589 191 313 
484 831 762 1000 601 713 219 311 49 114 194 491 86 1000 264 61 424 183 823 325 9 317 338 616 187 122 314 867 707 179 775 662 791 493 666 125 399 833 197 82 596 953 645 577 887 336 876 314 28 109 509 0 184 96 924 211 479 402 207 750 
561 408 341 114 517 793 79 750 533 61 230 597 277 952 336 581 330 90 440 952 291 669 103 366 16 450 514 932 541 70 689 281 509 679 410 580 639 440 959 247 880 930 807 983 703 356 429 198 32 922 704 184 0 421 389 491 315 704 951 237 
88 950 461 899 175 359 788 673 463 525 610 932 416 56 823 490 948 196 577 780 261 815 675 821 993 998 630 302 211 950 435 190 929 851 288 820 140 890 886 984 790 777 710 959 215 14 367 146 479 630 835 96 421 0 685 480 104 76 128 846 
515 54 543 394 969 484 468 380 224 514 364 697 473 458 904 217 95 254 468 582 765 574 779 609 327 434 687 376 435 389 196 436 724 103 910 684 676 782 912 851 103 234 857 68 743 319 28 900 645 530 655 924 389 685 0 65 636 902 899 642 
305 703 588 963 175 588 353 751 991 114 664 285 380 831 534 89 825 493 571 663 154 492 182 701 29 847 158 817 709 856 991 321 170 255 682 796 804 930 537 787 28 292 292 457 346 667 668 886 272 516 604 211 491 480 65 0 857 971 230 47 
937 54 352 650 38 919 161 634 519 584 702 993 152 164 929 504 130 721 657 292 238 910 614 979 278 22 885 190 400 659 176 976 561 641 646 830 912 686 928 522 846 140 717 202 931 81 70 583 668 392 720 479 315 104 636 857 0 635 765 142 
734 364 732 901 588 702 113 552 768 526 837 254 584 502 908 30 690 429 630 734 80 570 410 367 961 645 537 453 887 789 52 631 265 612 402 815 177 584 996 311 892 474 39 185 133 127 242 236 183 296 589 402 704 76 902 971 635 0 559 328 
182 864 784 153 833 866 386 320 751 525 960 713 567 40 525 173 505 315 207 380 784 767 477 789 397 904 77 552 260 94 1 311 957 536 360 461 340 328 739 363 861 891 750 411 95 868 410 242 742 391 191 207 951 128 899 230 765 559 0 620 
24 461 297 213 366 432 862 637 450 946 627 668 901 543 730 505 224 47 587 481 734 843 994 14 25 850 384 88 487 270 316 503 882 717 848 239 37 786 69 815 133 765 156 971 438 265 767 596 543 638 313 750 237 846 642 47 142 328 620 0 
