10
0 845 470 239 552 977 384 20 134 344 
845 0 305 957 982 476 667 12 968 913 
470 305 0 193 730 903 869 132 3 175 
239 957 193 0 208 719 217 184 378 488 
552 982 730 208 0 473 574 958 63 126 
977 476 903 719 473 0 934 798 497 419 
384 667 869 217 574 934 0 142 154 727 
20 12 132 184 958 798 142 0 475 981 
134 968 3 378 63 497 154 475 0 394 
344 913 175 488 126 419 727 981 394 0 
