10
0 99 26 82 17 17 3 32 40 97 
99 0 5 39 81 19 22 71 63 13 
26 5 0 80 78 86 37 5 77 84 
82 39 80 0 8 60 58 45 100 12 
17 81 78 8 0 28 51 37 61 19 
17 19 86 60 28 0 6 64 50 45 
3 22 37 58 51 6 0 12 6 35 
32 71 5 45 37 64 12 0 92 76 
40 63 77 100 61 50 6 92 0 56 
97 13 84 12 19 45 35 76 56 0 
