30
0 75 53 82 37 1 17 37 28 58 12 57 87 6 19 43 69 34 12 87 84 42 8 97 65 47 32 13 24 21 
75 0 33 56 47 38 89 35 38 57 24 17 67 35 25 53 92 44 95 60 77 6 47 12 99 6 9 63 52 92 
53 33 0 28 27 12 12 35 11 49 23 45 38 32 68 55 98 54 31 50 45 74 96 5 3 53 3 66 51 8 
82 56 28 0 74 65 12 17 92 38 81 56 24 91 4 99 35 94 30 55 100 27 60 30 76 5 56 23 61 58 
37 47 27 74 0 75 63 75 77 70 1 41 33 17 85 23 97 40 46 87 95 44 74 40 73 80 39 51 39 69 
1 38 12 65 75 0 78 43 76 100 55 85 74 17 59 50 39 59 43 71 76 79 45 24 70 91 11 64 86 36 
17 89 12 12 63 78 0 56 11 15 94 61 5 14 39 100 89 38 54 73 64 71 84 65 61 42 7 83 69 37 
37 35 35 17 75 43 56 0 28 93 6 70 55 22 55 90 77 17 56 70 78 60 36 68 59 24 57 13 49 20 
28 38 11 92 77 76 11 28 0 35 32 37 47 73 95 29 94 32 8 86 37 77 40 10 84 29 86 100 36 8 
58 57 49 38 70 100 15 93 35 0 29 95 43 96 54 18 5 18 66 76 4 49 12 50 74 7 78 67 38 86 
12 24 23 81 1 55 94 6 32 29 0 4 26 14 43 36 97 23 73 49 58 32 29 52 74 25 57 44 81 26 
57 17 45 56 41 85 61 70 37 95 4 0 61 56 29 10 68 78 35 74 56 1 63 93 4 88 58 98 75 55 
87 67 38 24 33 74 5 55 47 43 26 61 0 20 48 55 29 79 83 32 5 59 41 100 39 66 60 47 95 21 
6 35 32 91 17 17 14 22 73 96 14 56 20 0 14 72 55 39 79 7 53 71 62 40 29 59 67 35 30 66 
19 25 68 4 85 59 39 55 95 54 43 29 48 14 0 41 10 44 23 42 100 34 82 51 24 47 11 70 41 83 
43 53 55 99 23 50 100 90 29 18 36 10 55 72 41 0 83 65 90 73 43 96 25 66 10 17 46 68 83 32 
69 92 98 35 97 39 89 77 94 5 97 68 29 55 10 83 0 50 48 72 59 43 46 52 95 79 33 45 3 32 
34 44 54 94 40 59 38 17 32 18 23 78 79 39 44 65 50 0 7 72 24 42 7 88 31 31 31 78 56 96 
12 95 31 30 46 43 54 56 8 66 73 35 83 79 23 90 48 7 0 87 24 93 7 6 24 8 5 95 66 47 
87 60 50 55 87 71 73 70 86 76 49 74 32 7 42 73 72 72 87 0 92 70 41 71 2 38 25 85 44 96 
84 77 45 100 95 76 64 78 37 4 58 56 5 53 100 43 59 24 24 92 0 9 85 54 96 67 85 78 45 92 
42 6 74 27 44 79 71 60 77 49 32 1 59 71 34 96 43 42 93 70 9 0 25 83 15 17 41 72 40 48 
8 47 96 60 74 45 84 36 40 12 29 63 41 62 82 25 46 7 7 41 85 25 0 76 86 66 22 78 35 15 
97 12 5 30 40 24 65 68 10 50 52 93 100 40 51 66 52 88 6 71 54 83 76 0 100 88 52 24 73 47 
65 99 3 76 73 70 61 59 84 74 74 4 39 29 24 10 95 31 24 2 96 15 86 100 0 71 33 32 25 28 
47 6 53 5 80 91 42 24 29 7 25 88 66 59 47 17 79 31 8 38 67 17 66 88 71 0 50 61 6 94 
32 9 3 56 39 11 7 57 86 78 57 58 60 67 11 46 33 31 5 25 85 41 22 52 33 50 0 52 82 77 
13 63 66 23 51 64 83 13 100 67 44 98 47 35 70 68 45 78 95 85 78 72 78 24 32 61 52 0 18 99 
24 52 51 61 39 86 69 49 36 38 81 75 95 30 41 83 3 56 66 44 45 40 35 73 25 6 82 18 0 69 
21 92 8 58 69 36 37 20 8 86 26 55 21 66 83 32 32 96 47 96 92 48 15 47 28 94 77 99 69 0 
