50
0 728 28 169 694 175 98 198 196 377 613 70 312 568 132 803 233 528 437 824 438 338 647 456 923 929 803 643 808 799 577 899 878 957 68 571 483 517 120 678 245 733 99 908 652 231 62 884 110 498 
728 0 707 547 188 705 354 110 633 509 753 792 659 681 691 536 637 110 106 119 626 578 149 222 310 247 129 961 829 190 196 290 40 254 189 227 958 542 336 942 50 440 733 708 473 775 595 109 884 701 
28 707 0 580 861 630 80 82 939 326 210 251 507 752 446 796 791 699 984 17 8 878 704 949 279 496 33 339 968 808 933 428 691 985 359 904 614 438 985 552 116 547 802 974 650 599 769 440 649 105 
169 547 580 0 808 656 334 511 956 612 358 989 950 677 148 883 457 838 867 815 93 481 253 78 384 720 976 538 693 625 488 813 416 137 917 223 144 602 85 452 566 443 792 515 471 939 749 927 128 968 
694 188 861 808 0 742 221 800 346 650 183 65 625 72 757 601 560 569 368 48 838 590 191 439 26 994 4 820 785 871 291 723 619 217 851 938 310 71 737 655 720 272 719 696 343 475 648 902 396 15 
175 705 630 656 742 0 949 233 604 492 23 981 485 379 801 270 249 91 344 219 659 194 509 969 264 245 623 335 516 342 30 859 168 29 112 915 43 413 499 998 904 522 979 740 252 779 9 852 221 353 
98 354 80 334 221 949 0 422 879 898 930 847 514 175 470 848 42 163 230 252 682 258 364 597 301 776 95 650 31 968 628 770 219 758 131 70 978 835 492 857 732 421 55 245 947 524 445 341 38 26 
198 110 82 511 800 233 422 0 592 72 283 955 668 935 82 114 937 112 82 564 234 652 674 364 722 651 198 565 859 281 337 914 526 284 789 322 624 179 347 567 250 981 522 269 268 955 382 204 67 815 
196 633 939 956 346 604 879 592 0 119 300 467 792 663 188 443 212 104 653 492 440 918 369 75 59 690 50 237 388 617 838 721 490 106 988 444 487 543 510 302 661 161 120 453 175 307 247 386 410 251 
377 509 326 612 650 492 898 72 119 0 230 201 169 598 276 227 640 677 815 379 293 4 99 782 109 438 226 947 980 87 600 641 248 719 445 422 25 691 160 786 293 389 339 461 338 614 39 329 290 205 
613 753 210 358 183 23 930 283 300 230 0 708 935 208 806 716 316 244 293 615 223 380 214 215 979 933 659 752 309 701 263 447 994 3 785 806 341 750 197 669 391 401 376 325 961 534 393 628 777 37 
70 792 251 989 65 981 847 955 467 201 708 0 242 351 768 456 918 746 388 576 850 696 629 112 142 974 467 278 131 807 27 327 827 418 80 555 94 40 440 486 667 216 523 261 918 290 716 835 388 103 
312 659 507 950 625 485 514 668 792 169 935 242 0 763 589 150 743 700 644 68 166 921 198 324 948 877 503 365 308 409 458 699 848 296 717 415 170 977 332 811 692 519 550 146 633 138 296 375 190 939 
568 681 752 677 72 379 175 935 663 598 208 351 763 0 794 707 859 343 31 806 219 885 522 878 293 332 576 140 979 293 554 148 269 237 310 313 107 860 458 739 997 753 465 538 43 258 245 902 953 627 
132 691 446 148 757 801 470 82 188 276 806 768 589 794 0 59 171 511 933 401 155 616 976 294 594 620 199 93 889 787 402 553 894 613 10 984 962 115 801 499 157 410 743 410 362 369 821 885 231 753 
803 536 796 883 601 270 848 114 443 227 716 456 150 707 59 0 285 385 720 260 30 665 880 580 757 120 367 510 24 612 123 33 947 84 147 747 582 656 157 677 65 518 397 237 402 628 341 38 12 60 
233 637 791 457 560 249 42 937 212 640 316 918 743 859 171 285 0 298 394 724 529 973 832 1000 691 342 23 302 816 407 249 251 906 347 184 561 503 860 977 373 257 214 126 884 554 164 247 614 813 992 
528 110 699 838 569 91 163 112 104 677 244 746 700 343 511 385 298 0 689 693 965 521 692 655 214 66 309 29 824 909 279 729 255 462 289 110 674 618 834 930 831 959 165 736 122 763 701 286 755 390 
437 106 984 867 368 344 230 82 653 815 293 388 644 31 933 720 394 689 0 978 71 262 21 77 475 438 737 503 262 645 133 990 252 946 631 361 619 600 546 548 430 504 64 165 978 827 866 263 933 607 
824 119 17 815 48 219 252 564 492 379 615 576 68 806 401 260 724 693 978 0 593 355 868 613 431 342 51 168 196 664 164 680 5 415 625 635 127 244 586 672 143 15 528 207 532 505 385 749 119 317 
438 626 8 93 838 659 682 234 440 293 223 850 166 219 155 30 529 965 71 593 0 355 711 671 574 676 453 267 78 972 462 741 136 141 745 902 765 732 29 360 317 52 503 684 579 709 215 435 93 315 
338 578 878 481 590 194 258 652 918 4 380 696 921 885 616 665 973 521 262 355 355 0 906 761 21 616 783 594 643 235 860 720 207 673 812 694 813 557 595 929 288 623 289 604 27 791 287 605 851 853 
647 149 704 253 191 509 364 674 369 99 214 629 198 522 976 880 832 692 21 868 711 906 0 392 943 519 297 703 539 264 485 132 907 71 343 978 629 15 790 322 179 346 917 108 985 891 748 940 917 538 
456 222 949 78 439 969 597 364 75 782 215 112 324 878 294 580 1000 655 77 613 671 761 392 0 579 522 388 431 913 682 302 209 736 840 824 572 324 730 642 666 708 271 681 849 592 211 194 860 318 530 
923 310 279 384 26 264 301 722 59 109 979 142 948 293 594 757 691 214 475 431 574 21 943 579 0 751 65 469 667 954 47 540 693 830 804 374 131 364 109 970 188 680 645 917 674 311 976 296 343 824 
929 247 496 720 994 245 776 651 690 438 933 974 877 332 620 120 342 66 438 342 676 616 519 522 751 0 887 553 369 99 223 898 849 639 367 515 593 765 407 637 594 210 11 76 574 471 398 113 503 42 
803 129 33 976 4 623 95 198 50 226 659 467 503 576 199 367 23 309 737 51 453 783 297 388 65 887 0 29 176 704 357 471 46 532 709 951 901 807 525 150 7 163 868 522 107 633 280 744 578 489 
643 961 339 538 820 335 650 565 237 947 752 278 365 140 93 510 302 29 503 168 267 594 703 431 469 553 29 0 106 6 414 576 403 526 430 796 907 605 500 263 427 897 146 488 199 46 294 723 548 301 
808 829 968 693 785 516 31 859 388 980 309 131 308 979 889 24 816 824 262 196 78 643 539 913 667 369 176 106 0 238 415 174 696 399 453 439 329 293 896 334 707 824 88 232 253 883 138 210 734 752 
799 190 808 625 871 342 968 281 617 87 701 807 409 293 787 612 407 909 645 664 972 235 264 682 954 99 704 6 238 0 636 983 898 123 181 295 769 256 194 421 493 961 946 188 359 750 979 39 42 226 
577 196 933 488 291 30 628 337 838 600 263 27 458 554 402 123 249 279 133 164 462 860 485 302 47 223 357 414 415 636 0 724 100 49 163 684 654 398 821 863 131 925 850 113 174 325 646 468 445 901 
899 290 428 813 723 859 770 914 721 641 447 327 699 148 553 33 251 729 990 680 741 720 132 209 540 898 471 576 174 983 724 0 14 865 745 974 162 284 684 911 614 723 304 840 798 404 240 961 87 893 
878 40 691 416 619 168 219 526 490 248 994 827 848 269 894 947 906 255 252 5 136 207 907 736 693 849 46 403 696 898 100 14 0 358 259 107 840 535 309 305 708 633 950 528 77 202 541 293 946 514 
957 254 985 137 217 29 758 284 106 719 3 418 296 237 613 84 347 462 946 415 141 673 71 840 830 639 532 526 399 123 49 865 358 0 454 229 549 716 195 623 19 34 421 774 625 733 212 870 90 471 
68 189 359 917 851 112 131 789 988 445 785 80 717 310 10 147 184 289 631 625 745 812 343 824 804 367 709 430 453 181 163 745 259 454 0 976 281 357 636 585 417 268 886 944 344 87 836 988 32 701 
571 227 904 223 938 915 70 322 444 422 806 555 415 313 984 747 561 110 361 635 902 694 978 572 374 515 951 796 439 295 684 974 107 229 976 0 441 613 249 156 807 872 527 192 644 300 168 376 512 37 
483 958 614 144 310 43 978 624 487 25 341 94 170 107 962 582 503 674 619 127 765 813 629 324 131 593 901 907 329 769 654 162 840 549 281 441 0 465 334 365 97 42 1000 682 458 268 919 401 963 6 
517 542 438 602 71 413 835 179 543 691 750 40 977 860 115 656 860 618 600 244 732 557 15 730 364 765 807 605 293 256 398 284 535 716 357 613 465 0 588 951 389 288 743 353 889 251 159 760 777 702 
120 336 985 85 737 499 492 347 510 160 197 440 332 458 801 157 977 834 546 586 29 595 790 642 109 407 525 500 896 194 821 684 309 195 636 249 334 588 0 403 428 870 130 939 258 946 624 622 42 666 
678 942 552 452 655 998 857 567 302 786 669 486 811 739 499 677 373 930 548 672 360 929 322 666 970 637 150 263 334 421 863 911 305 623 585 156 365 951 403 0 622 75 123 241 994 876 555 999 815 857 
245 50 116 566 720 904 732 250 661 293 391 667 692 997 157 65 257 831 430 143 317 288 179 708 188 594 7 427 707 493 131 614 708 19 417 807 97 389 428 622 0 739 103 600 92 343 202 602 454 978 
733 440 547 443 272 522 421 981 161 389 401 216 519 753 410 518 214 959 504 15 52 623 346 271 680 210 163 897 824 961 925 723 633 34 268 872 42 288 870 75 739 0 304 208 757 525 337 696 782 282 
99 733 802 792 719 979 55 522 120 339 376 523 550 465 743 397 126 165 64 528 503 289 917 681 645 11 868 146 88 946 850 304 950 421 886 527 1000 743 130 123 103 304 0 671 756 323 688 377 750 811 
908 708 974 515 696 740 245 269 453 461 325 261 146 538 410 237 884 736 165 207 684 604 108 849 917 76 522 488 232 188 113 840 528 774 944 192 682 353 939 241 600 208 671 0 969 743 38 523 93 852 
652 473 650 471 343 252 947 268 175 338 961 918 633 43 362 402 554 122 978 532 579 27 985 592 674 574 107 199 253 359 174 798 77 625 344 644 458 889 258 994 92 757 756 969 0 732 831 306 683 922 
231 775 599 939 475 779 524 955 307 614 534 290 138 258 369 628 164 763 827 505 709 791 891 211 311 471 633 46 883 750 325 404 202 733 87 300 268 251 946 876 343 525 323 743 732 0 648 884 876 453 
62 595 769 749 648 9 445 382 247 39 393 716 296 245 821 341 247 701 866 385 215 287 748 194 976 398 280 294 138 979 646 240 541 212 836 168 919 159 624 555 202 337 688 38 831 648 0 213 531 660 
884 109 440 927 902 852 341 204 386 329 628 835 375 902 885 38 614 286 263 749 435 605 940 860 296 113 744 723 210 39 468 961 293 870 988 376 401 760 622 999 602 696 377 523 306 884 213 0 969 55 
110 884 649 128 396 221 38 67 410 290 777 388 190 953 231 12 813 755 933 119 93 851 917 318 343 503 578 548 734 42 445 87 946 90 32 512 963 777 42 815 454 782 750 93 683 876 531 969 0 996 
498 701 105 968 15 353 26 815 251 205 37 103 939 627 753 60 992 390 607 317 315 853 538 530 824 42 489 301 752 226 901 893 514 471 701 37 6 702 666 857 978 282 811 852 922 453 660 55 996 0 
