20
0 799 324 716 618 698 62 706 197 565 254 673 763 206 603 651 998 86 226 519 
799 0 549 407 663 578 479 464 940 117 253 758 346 562 556 21 278 525 718 691 
324 549 0 583 915 256 188 939 18 393 893 20 742 978 597 260 526 3 274 456 
716 407 583 0 833 737 395 950 341 505 295 903 60 315 532 937 384 222 871 298 
618 663 915 833 0 829 58 588 198 802 481 569 895 458 165 154 336 520 427 791 
698 578 256 737 829 0 352 516 537 653 208 41 947 462 453 613 345 389 997 919 
62 479 188 395 58 352 0 611 646 747 20 234 297 821 66 865 67 523 30 220 
706 464 939 950 588 516 611 0 210 549 998 352 252 865 889 905 73 929 203 886 
197 940 18 341 198 537 646 210 0 733 816 231 473 164 149 83 161 247 102 746 
565 117 393 505 802 653 747 549 733 0 543 274 811 408 340 686 437 911 895 337 
254 253 893 295 481 208 20 998 816 543 0 261 247 940 125 487 844 549 767 399 
673 758 20 903 569 41 234 352 231 274 261 0 435 500 214 17 972 729 165 407 
763 346 742 60 895 947 297 252 473 811 247 435 0 889 411 508 635 306 134 445 
206 562 978 315 458 462 821 865 164 408 940 500 889 0 713 473 482 501 736 377 
603 556 597 532 165 453 66 889 149 340 125 214 411 713 0 189 996 975 128 472 
651 21 260 937 154 613 865 905 83 686 487 17 508 473 189 0 461 324 21 227 
998 278 526 384 336 345 67 73 161 437 844 972 635 482 996 461 0 74 807 726 
86 525 3 222 520 389 523 929 247 911 549 729 306 501 975 324 74 0 287 823 
226 718 274 871 427 997 30 203 102 895 767 165 134 736 128 21 807 287 0 50 
519 691 456 298 791 919 220 886 746 337 399 407 445 377 472 227 726 823 50 0 
