60
0 18 685 239 888 740 707 254 21 458 825 711 411 84 676 683 499 687 22 492 78 746 354 684 338 235 774 953 750 457 223 183 826 259 422 714 998 480 319 370 937 143 433 700 579 460 734 77 146 755 920 576 852 625 259 189 860 384 493 961 
18 0 192 715 144 17 973 917 82 322 396 401 44 684 895 828 735 473 287 468 901 784 574 821 359 425 445 969 613 656 352 458 617 543 524 112 912 849 28 993 522 775 393 565 810 288 744 545 112 30 12 365 166 586 537 524 362 333 493 975 
685 192 0 989 196 784 957 739 307 68 650 155 447 994 677 221 387 593 30 26 337 926 489 718 290 853 235 875 389 759 236 722 603 562 62 798 345 18 888 4 85 889 158 531 883 186 103 621 131 484 646 819 410 134 888 699 339 123 925 727 
239 715 989 0 881 512 800 835 426 861 632 122 878 872 125 962 760 635 844 994 172 298 614 302 782 611 120 543 97 8 593 435 130 517 513 362 380 313 196 805 173 179 927 51 402 403 364 162 389 560 507 561 209 473 862 342 435 334 884 531 
888 144 196 881 0 693 476 317 822 344 830 535 724 494 82 528 18 612 806 420 14 209 136 527 597 695 385 157 255 857 371 597 292 704 480 174 396 308 491 569 651 672 455 374 517 888 254 534 851 59 954 864 619 89 742 216 135 127 724 389 
740 17 784 512 693 0 335 446 985 626 501 817 800 248 124 642 168 126 665 974 852 181 861 105 714 712 515 667 927 134 107 669 701 241 147 776 982 481 222 966 107 722 134 258 970 609 899 489 735 563 463 938 95 323 42 808 386 556 827 313 
707 973 957 800 476 335 0 41 933 981 741 526 479 517 507 959 738 824 417 811 958 674 132 566 924 621 652 486 83 589 580 757 982 740 143 890 566 807 930 850 139 671 375 617 539 233 575 628 57 992 438 14 665 922 931 589 894 935 426 328 
254 917 739 835 317 446 41 0 523 358 84 505 97 578 394 14 384 675 215 522 697 590 138 235 174 65 862 230 408 652 595 72 925 878 12 818 812 790 145 686 147 580 190 595 510 935 960 245 962 174 767 658 115 256 893 289 672 106 518 79 
21 82 307 426 822 985 933 523 0 109 465 503 385 342 866 554 153 655 50 838 153 630 380 99 491 666 58 735 979 232 853 637 346 109 881 986 132 338 856 211 799 320 713 183 13 578 737 517 585 786 706 89 767 437 188 257 103 245 992 81 
458 322 68 861 344 626 981 358 109 0 828 844 69 526 304 949 863 788 287 718 998 85 37 62 619 401 991 355 917 927 493 623 16 259 59 203 868 513 799 859 946 979 54 14 504 710 315 366 497 601 84 846 37 472 907 7 225 249 714 141 
825 396 650 632 830 501 741 84 465 828 0 176 206 115 191 816 174 745 683 38 543 893 983 521 299 349 376 8 663 742 856 615 177 701 3 1000 959 9 576 207 722 717 382 927 183 924 95 708 668 777 746 211 670 80 83 968 428 459 327 442 
711 401 155 122 535 817 526 505 503 844 176 0 552 182 56 728 234 58 79 192 419 655 398 140 723 132 419 905 407 513 613 75 289 710 637 310 789 719 629 569 529 955 10 80 488 418 159 721 475 590 912 245 244 662 385 318 145 155 222 903 
411 44 447 878 724 800 479 97 385 69 206 552 0 667 186 329 307 895 965 969 684 36 597 252 564 904 613 996 391 30 154 464 857 743 727 101 338 740 837 7 884 991 229 139 9 766 467 316 661 432 636 696 819 232 299 734 487 911 81 878 
84 684 994 872 494 248 517 578 342 526 115 182 667 0 293 235 693 149 329 419 249 19 159 86 25 394 428 605 532 437 723 351 752 383 134 387 430 952 970 80 37 457 342 118 686 634 704 378 782 384 148 383 402 658 820 779 404 247 735 287 
676 895 677 125 82 124 507 394 866 304 191 56 186 293 0 683 457 637 786 191 770 524 620 721 846 699 110 654 41 579 339 26 282 68 160 665 215 542 419 225 713 197 628 311 283 914 994 740 551 131 930 320 7 902 393 852 952 854 505 344 
683 828 221 962 528 642 959 14 554 949 816 728 329 235 683 0 432 195 370 713 262 529 729 828 422 147 404 134 695 31 796 978 945 789 69 847 272 998 166 630 251 910 833 203 763 337 546 194 883 267 258 496 147 987 675 568 485 79 53 180 
499 735 387 760 18 168 738 384 153 863 174 234 307 693 457 432 0 109 849 509 405 989 577 251 612 926 769 241 177 30 73 731 145 761 276 690 643 895 948 490 41 286 165 609 770 595 13 301 703 213 809 460 554 737 62 165 663 182 406 191 
687 473 593 635 612 126 824 675 655 788 745 58 895 149 637 195 109 0 212 830 921 708 943 548 397 937 442 344 427 483 629 591 443 751 537 455 51 239 20 212 50 573 948 464 737 962 645 494 152 208 676 72 915 618 620 664 554 61 7 980 
22 287 30 844 806 665 417 215 50 287 683 79 965 329 786 370 849 212 0 895 988 922 337 738 458 144 140 49 163 351 450 87 299 913 823 260 910 669 764 117 344 835 384 961 806 47 866 219 405 846 113 744 119 802 833 929 945 973 977 459 
492 468 26 994 420 974 811 522 838 718 38 192 969 419 191 713 509 830 895 0 675 426 897 973 691 71 585 600 739 700 68 434 886 451 746 692 849 612 262 606 809 726 349 927 527 182 855 823 506 183 633 180 961 529 505 651 600 89 602 338 
78 901 337 172 14 852 958 697 153 998 543 419 684 249 770 262 405 921 988 675 0 788 669 124 25 120 869 716 320 832 329 925 640 55 274 919 581 807 125 404 312 660 36 843 620 917 347 622 516 787 575 205 926 243 328 951 714 549 666 34 
746 784 926 298 209 181 674 590 630 85 893 655 36 19 524 529 989 708 922 426 788 0 380 995 310 372 49 583 290 981 741 766 736 404 425 772 247 396 40 593 369 555 380 943 759 305 186 439 255 251 339 273 284 718 619 946 441 667 528 82 
354 574 489 614 136 861 132 138 380 37 983 398 597 159 620 729 577 943 337 897 669 380 0 999 621 848 735 24 624 858 270 20 897 863 740 451 242 683 561 898 220 351 153 822 689 425 458 759 43 403 199 61 930 281 411 902 480 145 926 103 
684 821 718 302 527 105 566 235 99 62 521 140 252 86 721 828 251 548 738 973 124 995 999 0 2 195 474 250 409 566 52 650 248 613 900 819 315 52 640 4 828 97 762 222 499 312 634 781 944 44 34 423 189 959 878 542 506 351 144 914 
338 359 290 782 597 714 924 174 491 619 299 723 564 25 846 422 612 397 458 691 25 310 621 2 0 916 195 916 515 159 815 685 474 218 677 829 45 125 942 618 624 253 251 756 197 646 141 619 186 100 496 728 605 199 223 518 466 417 433 981 
235 425 853 611 695 712 621 65 666 401 349 132 904 394 699 147 926 937 144 71 120 372 848 195 916 0 576 599 17 401 816 693 229 212 818 170 829 793 774 79 900 970 725 40 941 910 139 788 989 95 338 563 965 804 980 749 136 907 348 152 
774 445 235 120 385 515 652 862 58 991 376 419 613 428 110 404 769 442 140 585 869 49 735 474 195 576 0 307 515 845 887 727 14 408 555 806 181 986 705 503 62 96 795 323 587 934 664 681 272 226 997 427 557 746 914 463 445 65 121 959 
953 969 875 543 157 667 486 230 735 355 8 905 996 605 654 134 241 344 49 600 716 583 24 250 916 599 307 0 261 7 685 274 766 592 431 299 577 135 153 990 231 299 664 169 232 327 849 855 905 846 633 461 943 546 924 387 611 44 345 223 
750 613 389 97 255 927 83 408 979 917 663 407 391 532 41 695 177 427 163 739 320 290 624 409 515 17 515 261 0 403 30 849 520 621 279 818 549 766 322 538 996 620 201 164 204 880 364 58 784 561 43 244 503 588 519 889 550 915 234 773 
457 656 759 8 857 134 589 652 232 927 742 513 30 437 579 31 30 483 351 700 832 981 858 566 159 401 845 7 403 0 669 615 621 188 587 251 358 135 16 679 24 363 651 576 878 854 807 242 911 590 802 953 186 657 893 704 545 442 970 130 
223 352 236 593 371 107 580 595 853 493 856 613 154 723 339 796 73 629 450 68 329 741 270 52 815 816 887 685 30 669 0 566 638 744 538 178 330 789 535 816 804 565 191 167 215 119 44 68 925 637 331 867 791 635 52 447 527 107 343 321 
183 458 722 435 597 669 757 72 637 623 615 75 464 351 26 978 731 591 87 434 925 766 20 650 685 693 727 274 849 615 566 0 77 473 238 714 216 776 243 898 916 777 65 719 694 256 237 908 374 281 328 298 269 658 516 59 644 567 505 523 
826 617 603 130 292 701 982 925 346 16 177 289 857 752 282 945 145 443 299 886 640 736 897 248 474 229 14 766 520 621 638 77 0 26 848 843 102 672 80 167 239 207 410 136 122 538 553 841 231 808 429 491 533 61 818 182 330 827 698 388 
259 543 562 517 704 241 740 878 109 259 701 710 743 383 68 789 761 751 913 451 55 404 863 613 218 212 408 592 621 188 744 473 26 0 822 616 245 344 641 444 186 742 115 618 261 353 176 670 841 298 559 745 490 790 904 918 280 436 979 449 
422 524 62 513 480 147 143 12 881 59 3 637 727 134 160 69 276 537 823 746 274 425 740 900 677 818 555 431 279 587 538 238 848 822 0 969 660 275 666 47 96 282 643 792 922 86 329 16 552 298 276 257 474 297 449 771 855 193 612 996 
714 112 798 362 174 776 890 818 986 203 1000 310 101 387 665 847 690 455 260 692 919 772 451 819 829 170 806 299 818 251 178 714 843 616 969 0 96 529 275 531 859 723 499 518 349 517 917 797 150 559 940 71 645 268 438 548 566 65 804 39 
998 912 345 380 396 982 566 812 132 868 959 789 338 430 215 272 643 51 910 849 581 247 242 315 45 829 181 577 549 358 330 216 102 245 660 96 0 713 252 161 568 444 772 563 539 652 190 421 511 264 272 380 965 140 296 113 289 207 52 711 
480 849 18 313 308 481 807 790 338 513 9 719 740 952 542 998 895 239 669 612 807 396 683 52 125 793 986 135 766 135 789 776 672 344 275 529 713 0 203 319 149 750 884 565 554 274 278 805 434 197 601 205 759 491 857 300 912 719 916 535 
319 28 888 196 491 222 930 145 856 799 576 629 837 970 419 166 948 20 764 262 125 40 561 640 942 774 705 153 322 16 535 243 80 641 666 275 252 203 0 98 880 26 746 992 314 952 395 24 154 713 524 255 949 89 808 574 718 965 8 914 
370 993 4 805 569 966 850 686 211 859 207 569 7 80 225 630 490 212 117 606 404 593 898 4 618 79 503 990 538 679 816 898 167 444 47 531 161 319 98 0 565 564 24 55 420 324 318 490 591 204 940 470 229 685 813 542 988 559 918 493 
937 522 85 173 651 107 139 147 799 946 722 529 884 37 713 251 41 50 344 809 312 369 220 828 624 900 62 231 996 24 804 916 239 186 96 859 568 149 880 565 0 623 793 747 923 233 555 497 950 871 856 863 435 419 887 841 191 562 159 680 
143 775 889 179 672 722 671 580 320 979 717 955 991 457 197 910 286 573 835 726 660 555 351 97 253 970 96 299 620 363 565 777 207 742 282 723 444 750 26 564 623 0 152 714 619 973 943 303 137 836 642 695 753 134 317 898 881 592 130 787 
433 393 158 927 455 134 375 190 713 54 382 10 229 342 628 833 165 948 384 349 36 380 153 762 251 725 795 664 201 651 191 65 410 115 643 499 772 884 746 24 793 152 0 88 80 657 943 942 443 361 180 283 551 93 793 583 596 507 201 920 
700 565 531 51 374 258 617 595 183 14 927 80 139 118 311 203 609 464 961 927 843 943 822 222 756 40 323 169 164 576 167 719 136 618 792 518 563 565 992 55 747 714 88 0 801 856 56 636 497 102 741 631 771 638 863 362 767 649 449 846 
579 810 883 402 517 970 539 510 13 504 183 488 9 686 283 763 770 737 806 527 620 759 689 499 197 941 587 232 204 878 215 694 122 261 922 349 539 554 314 420 923 619 80 801 0 657 743 140 99 455 671 733 6 116 526 588 711 384 140 983 
460 288 186 403 888 609 233 935 578 710 924 418 766 634 914 337 595 962 47 182 917 305 425 312 646 910 934 327 880 854 119 256 538 353 86 517 652 274 952 324 233 973 657 856 657 0 184 995 38 819 844 492 911 826 262 548 688 975 667 688 
734 744 103 364 254 899 575 960 737 315 95 159 467 704 994 546 13 645 866 855 347 186 458 634 141 139 664 849 364 807 44 237 553 176 329 917 190 278 395 318 555 943 943 56 743 184 0 775 864 696 517 355 794 971 26 526 328 493 403 267 
77 545 621 162 534 489 628 245 517 366 708 721 316 378 740 194 301 494 219 823 622 439 759 781 619 788 681 855 58 242 68 908 841 670 16 797 421 805 24 490 497 303 942 636 140 995 775 0 203 786 407 185 969 753 575 140 948 418 50 773 
146 112 131 389 851 735 57 962 585 497 668 475 661 782 551 883 703 152 405 506 516 255 43 944 186 989 272 905 784 911 925 374 231 841 552 150 511 434 154 591 950 137 443 497 99 38 864 203 0 679 950 812 5 616 851 131 831 546 647 186 
755 30 484 560 59 563 992 174 786 601 777 590 432 384 131 267 213 208 846 183 787 251 403 44 100 95 226 846 561 590 637 281 808 298 298 559 264 197 713 204 871 836 361 102 455 819 696 786 679 0 691 969 211 569 649 703 971 267 257 757 
920 12 646 507 954 463 438 767 706 84 746 912 636 148 930 258 809 676 113 633 575 339 199 34 496 338 997 633 43 802 331 328 429 559 276 940 272 601 524 940 856 642 180 741 671 844 517 407 950 691 0 25 794 77 778 720 568 725 137 618 
576 365 819 561 864 938 14 658 89 846 211 245 696 383 320 496 460 72 744 180 205 273 61 423 728 563 427 461 244 953 867 298 491 745 257 71 380 205 255 470 863 695 283 631 733 492 355 185 812 969 25 0 850 167 919 661 171 886 864 301 
852 166 410 209 619 95 665 115 767 37 670 244 819 402 7 147 554 915 119 961 926 284 930 189 605 965 557 943 503 186 791 269 533 490 474 645 965 759 949 229 435 753 551 771 6 911 794 969 5 211 794 850 0 716 409 299 901 452 619 463 
625 586 134 473 89 323 922 256 437 472 80 662 232 658 902 987 737 618 802 529 243 718 281 959 199 804 746 546 588 657 635 658 61 790 297 268 140 491 89 685 419 134 93 638 116 826 971 753 616 569 77 167 716 0 20 267 517 990 534 774 
259 537 888 862 742 42 931 893 188 907 83 385 299 820 393 675 62 620 833 505 328 619 411 878 223 980 914 924 519 893 52 516 818 904 449 438 296 857 808 813 887 317 793 863 526 262 26 575 851 649 778 919 409 20 0 98 558 919 527 687 
189 524 699 342 216 808 589 289 257 7 968 318 734 779 852 568 165 664 929 651 951 946 902 542 518 749 463 387 889 704 447 59 182 918 771 548 113 300 574 542 841 898 583 362 588 548 526 140 131 703 720 661 299 267 98 0 638 94 764 774 
860 362 339 435 135 386 894 672 103 225 428 145 487 404 952 485 663 554 945 600 714 441 480 506 466 136 445 611 550 545 527 644 330 280 855 566 289 912 718 988 191 881 596 767 711 688 328 948 831 971 568 171 901 517 558 638 0 63 613 940 
384 333 123 334 127 556 935 106 245 249 459 155 911 247 854 79 182 61 973 89 549 667 145 351 417 907 65 44 915 442 107 567 827 436 193 65 207 719 965 559 562 592 507 649 384 975 493 418 546 267 725 886 452 990 919 94 63 0 981 625 
493 493 925 884 724 827 426 518 992 714 327 222 81 735 505 53 406 7 977 602 666 528 926 144 433 348 121 345 234 970 343 505 698 979 612 804 52 916 8 918 159 130 201 449 140 667 403 50 647 257 137 864 619 534 527 764 613 981 0 462 
961 975 727 531 389 313 328 79 81 141 442 903 878 287 344 180 191 980 459 338 34 82 103 914 981 152 959 223 773 130 321 523 388 449 996 39 711 535 914 493 680 787 920 846 983 688 267 773 186 757 618 301 463 774 687 774 940 625 462 0 
