30
0 52 74 73 40 11 50 38 19 44 35 61 76 14 50 42 76 39 98 68 58 60 21 95 89 55 95 6 18 31 
52 0 52 38 34 77 10 73 40 11 63 58 6 97 70 81 63 72 74 90 10 23 10 67 82 30 14 71 37 8 
74 52 0 28 6 90 32 43 23 8 4 48 47 66 10 56 72 58 26 4 72 49 78 62 58 52 23 77 34 52 
73 38 28 0 90 56 40 49 83 98 90 66 92 64 74 96 11 72 13 72 80 36 30 57 40 1 5 69 14 62 
40 34 6 90 0 20 36 38 5 40 79 60 31 79 95 28 68 60 20 32 85 67 94 57 79 66 88 15 95 44 
11 77 90 56 20 0 6 47 100 74 13 13 45 48 51 50 39 81 61 70 60 55 49 27 15 68 10 99 34 4 
50 10 32 40 36 6 0 7 65 69 94 79 15 89 84 61 88 9 73 1 5 73 3 6 11 35 67 32 94 21 
38 73 43 49 38 47 7 0 81 73 87 48 82 86 34 85 44 98 53 38 28 19 78 63 80 18 23 4 70 27 
19 40 23 83 5 100 65 81 0 28 72 85 91 6 51 22 52 71 54 24 58 54 5 95 39 42 38 88 46 27 
44 11 8 98 40 74 69 73 28 0 15 65 5 29 96 22 51 51 43 29 79 14 13 21 71 15 94 74 86 48 
35 63 4 90 79 13 94 87 72 15 0 97 95 1 54 89 39 47 78 26 92 5 92 56 61 20 3 34 22 54 
61 58 48 66 60 13 79 48 85 65 97 0 76 2 84 41 67 4 63 33 97 37 70 44 85 64 96 90 4 86 
76 6 47 92 31 45 15 82 91 5 95 76 0 36 34 63 28 38 54 35 50 25 38 83 98 91 10 52 74 50 
14 97 66 64 79 48 89 86 6 29 1 2 36 0 70 77 12 2 25 100 72 69 85 35 16 26 91 2 62 24 
50 70 10 74 95 51 84 34 51 96 54 84 34 70 0 64 89 13 70 23 62 46 12 96 44 2 5 47 27 6 
42 81 56 96 28 50 61 85 22 22 89 41 63 77 64 0 16 3 69 17 80 21 88 48 5 75 15 82 17 16 
76 63 72 11 68 39 88 44 52 51 39 67 28 12 89 16 0 43 40 32 83 4 1 58 17 46 69 12 41 71 
39 72 58 72 60 81 9 98 71 51 47 4 38 2 13 3 43 0 68 87 49 25 2 4 93 71 83 13 10 30 
98 74 26 13 20 61 73 53 54 43 78 63 54 25 70 69 40 68 0 69 84 44 51 52 12 45 43 43 28 46 
68 90 4 72 32 70 1 38 24 29 26 33 35 100 23 17 32 87 69 0 95 85 62 40 53 25 33 75 92 19 
58 10 72 80 85 60 5 28 58 79 92 97 50 72 62 80 83 49 84 95 0 24 16 73 27 61 43 9 25 52 
60 23 49 36 67 55 73 19 54 14 5 37 25 69 46 21 4 25 44 85 24 0 90 46 88 85 96 39 48 92 
21 10 78 30 94 49 3 78 5 13 92 70 38 85 12 88 1 2 51 62 16 90 0 82 90 19 79 36 55 41 
95 67 62 57 57 27 6 63 95 21 56 44 83 35 96 48 58 4 52 40 73 46 82 0 28 8 65 60 34 9 
89 82 58 40 79 15 11 80 39 71 61 85 98 16 44 5 17 93 12 53 27 88 90 28 0 30 57 24 2 35 
55 30 52 1 66 68 35 18 42 15 20 64 91 26 2 75 46 71 45 25 61 85 19 8 30 0 36 44 95 61 
95 14 23 5 88 10 67 23 38 94 3 96 10 91 5 15 69 83 43 33 43 96 79 65 57 36 0 48 84 6 
6 71 77 69 15 99 32 4 88 74 34 90 52 2 47 82 12 13 43 75 9 39 36 60 24 44 48 0 35 21 
18 37 34 14 95 34 94 70 46 86 22 4 74 62 27 17 41 10 28 92 25 48 55 34 2 95 84 35 0 53 
31 8 52 62 44 4 21 27 27 48 54 86 50 24 6 16 71 30 46 19 52 92 41 9 35 61 6 21 53 0 
