70
0 125 437 852 616 838 539 218 536 944 433 130 364 649 54 901 47 831 988 788 467 427 216 394 788 258 890 117 134 559 845 253 684 633 104 651 470 643 868 357 938 300 839 653 300 892 553 347 74 892 134 892 318 350 285 105 959 527 222 92 85 418 697 120 403 800 770 224 794 989 
125 0 933 83 288 771 735 940 14 639 286 88 530 771 979 200 472 616 656 431 142 229 874 578 999 570 698 401 722 467 976 867 456 908 950 95 678 36 386 692 675 671 131 556 794 461 107 265 76 763 47 569 343 273 147 341 194 844 93 915 662 69 134 469 976 435 916 6 470 301 
437 933 0 49 496 324 179 52 117 639 158 733 67 272 132 987 615 404 133 955 597 328 400 864 342 468 997 810 795 783 725 800 252 378 848 748 701 26 151 169 17 308 901 435 932 384 421 546 787 554 852 736 233 251 599 574 70 947 384 865 729 460 16 980 837 864 79 537 241 229 
852 83 49 0 705 609 889 958 43 820 341 464 717 480 369 568 215 601 171 813 175 592 759 910 808 839 721 824 170 558 687 249 446 279 829 503 888 717 812 930 536 152 745 604 631 113 524 845 714 46 9 240 637 119 149 445 957 869 268 127 778 306 727 576 584 555 78 823 272 889 
616 288 496 705 0 105 159 392 849 763 375 314 286 571 27 331 580 618 319 698 118 763 7 338 382 133 116 39 211 691 975 765 120 797 388 360 253 547 751 454 661 125 767 298 696 145 980 627 762 298 324 879 413 682 216 146 166 683 185 376 373 511 493 844 307 880 203 912 778 306 
838 771 324 609 105 0 365 790 782 131 87 477 275 418 103 388 68 779 266 832 812 481 977 978 164 513 705 888 23 197 84 682 77 638 593 206 943 309 996 725 439 82 553 65 852 8 452 919 138 717 750 949 549 78 926 64 591 983 952 965 179 387 646 607 24 590 813 967 898 808 
539 735 179 889 159 365 0 691 688 241 595 752 92 602 555 10 739 623 111 688 172 189 965 235 779 947 538 743 478 924 741 84 948 330 896 266 228 703 308 915 944 902 19 387 504 573 397 594 196 859 281 719 47 598 953 177 896 843 272 373 118 12 457 417 693 352 682 272 407 989 
218 940 52 958 392 790 691 0 539 702 243 557 88 98 481 836 691 676 695 324 746 741 921 51 918 168 893 541 541 10 552 349 779 596 52 460 868 458 801 406 511 43 314 599 140 794 434 182 822 128 505 567 221 777 617 490 945 861 30 485 223 581 185 1 528 236 812 395 46 612 
536 14 117 43 849 782 688 539 0 152 556 6 465 154 497 611 940 679 432 419 535 350 639 312 319 128 256 179 157 92 753 89 276 753 617 863 917 363 908 528 515 464 886 331 969 734 941 908 764 724 327 299 74 965 610 392 445 217 922 953 308 675 42 935 779 10 797 695 724 705 
944 639 639 820 763 131 241 702 152 0 575 590 520 812 921 488 545 213 396 309 937 74 959 10 390 920 753 834 136 674 139 795 700 532 729 479 893 525 173 616 581 99 206 100 910 478 588 455 690 335 115 626 760 73 987 149 992 739 335 479 765 473 273 816 4 1 294 248 877 819 
433 286 158 341 375 87 595 243 556 575 0 863 458 917 420 557 179 897 496 985 587 182 99 564 941 523 551 442 866 641 128 344 757 600 616 573 955 616 866 202 492 36 416 301 305 836 858 483 732 705 467 670 887 917 586 179 439 136 620 656 128 747 999 885 698 614 457 4 581 674 
130 88 733 464 314 477 752 557 6 590 863 0 557 424 62 973 725 366 160 582 200 243 638 18 265 524 934 850 55 724 337 674 379 464 773 729 348 822 342 156 826 274 182 734 697 243 58 421 608 217 354 159 460 344 176 724 867 461 925 273 536 261 947 266 724 71 994 424 892 687 
364 530 67 717 286 275 92 88 465 520 458 557 0 931 69 960 112 803 8 354 860 781 313 429 486 471 240 829 998 315 48 458 239 320 993 499 618 258 574 688 603 997 932 289 280 352 600 391 154 608 97 366 740 761 146 225 584 385 54 581 699 453 391 937 772 383 787 390 993 360 
649 771 272 480 571 418 602 98 154 812 917 424 931 0 429 595 709 712 236 988 64 835 730 569 794 178 934 533 939 79 758 522 815 163 454 513 615 844 801 738 579 587 479 571 299 260 517 359 971 752 346 34 939 427 603 732 605 888 265 543 319 374 416 133 536 869 998 502 713 798 
54 979 132 369 27 103 555 481 497 921 420 62 69 429 0 239 291 737 718 213 35 977 729 393 299 833 90 333 771 868 287 502 472 174 118 366 492 491 781 977 378 2 974 879 66 771 470 708 859 539 920 245 867 1000 989 165 184 430 849 954 298 135 808 769 309 925 487 152 768 267 
901 200 987 568 331 388 10 836 611 488 557 973 960 595 239 0 480 145 620 453 376 685 576 845 392 434 383 663 31 249 15 19 765 198 449 614 504 746 748 311 866 408 587 352 912 354 971 391 851 590 844 226 275 771 422 18 556 804 681 586 404 695 605 168 892 53 781 395 150 881 
47 472 615 215 580 68 739 691 940 545 179 725 112 709 291 480 0 57 15 288 644 367 199 349 689 942 551 278 137 776 904 907 549 922 462 352 954 48 107 648 4 275 891 56 407 638 557 287 694 571 927 689 289 477 38 977 418 940 607 554 716 510 460 616 783 274 968 736 673 426 
831 616 404 601 618 779 623 676 679 213 897 366 803 712 737 145 57 0 383 676 52 274 83 459 263 639 97 956 561 375 645 850 852 34 178 269 973 784 175 40 646 634 656 428 259 975 164 931 752 898 958 804 171 40 614 785 30 62 741 943 437 737 792 288 122 321 908 446 105 82 
988 656 133 171 319 266 111 695 432 396 496 160 8 236 718 620 15 383 0 838 102 68 493 529 326 819 692 609 570 590 566 725 112 958 338 897 339 400 989 281 836 725 424 475 198 745 382 643 201 464 480 302 531 324 830 208 494 874 816 416 815 382 140 926 691 478 174 29 229 514 
788 431 955 813 698 832 688 324 419 309 985 582 354 988 213 453 288 676 838 0 310 64 238 733 890 787 477 271 430 29 86 261 330 616 585 512 176 78 385 991 845 551 724 985 476 414 814 2 795 42 515 104 457 105 188 346 891 17 616 672 45 702 933 727 669 869 238 844 298 974 
467 142 597 175 118 812 172 746 535 937 587 200 860 64 35 376 644 52 102 310 0 187 143 524 910 127 351 676 940 704 470 981 219 573 789 675 112 134 917 128 101 589 173 154 873 899 823 741 488 18 38 461 556 532 336 466 658 686 141 949 742 962 281 312 886 69 986 997 202 254 
427 229 328 592 763 481 189 741 350 74 182 243 781 835 977 685 367 274 68 64 187 0 125 303 842 649 808 66 547 630 158 34 1000 548 846 555 79 533 372 737 570 864 685 311 825 318 622 710 386 959 59 588 213 183 242 406 831 49 472 729 31 629 114 382 176 311 288 255 843 660 
216 874 400 759 7 977 965 921 639 959 99 638 313 730 729 576 199 83 493 238 143 125 0 343 412 875 379 723 700 696 696 761 434 655 819 21 867 353 614 272 535 14 95 615 396 724 728 777 251 38 65 857 232 76 551 644 950 282 718 1 329 413 114 762 67 284 134 933 989 747 
394 578 864 910 338 978 235 51 312 10 564 18 429 569 393 845 349 459 529 733 524 303 343 0 557 523 113 651 138 508 726 217 637 329 607 701 537 838 128 88 833 429 721 550 782 49 315 895 811 381 530 944 666 518 43 574 41 155 224 530 662 302 98 298 982 704 350 518 894 829 
788 999 342 808 382 164 779 918 319 390 941 265 486 794 299 392 689 263 326 890 910 842 412 557 0 957 726 258 677 628 391 726 942 285 888 322 814 831 339 332 873 912 724 379 488 605 41 789 702 690 122 406 40 639 299 868 948 376 477 624 3 867 701 944 503 588 618 669 771 956 
258 570 468 839 133 513 947 168 128 920 523 524 471 178 833 434 942 639 819 787 127 649 875 523 957 0 352 995 868 427 374 355 31 414 495 732 103 616 489 494 606 139 714 553 867 542 529 869 409 229 813 263 169 782 931 291 737 634 285 956 60 658 662 90 423 156 174 878 123 14 
890 698 997 721 116 705 538 893 256 753 551 934 240 934 90 383 551 97 692 477 351 808 379 113 726 352 0 723 81 505 436 985 371 978 513 239 738 94 403 352 614 184 283 904 273 268 188 228 328 198 890 769 972 397 294 849 872 660 572 304 164 359 288 886 688 153 476 425 246 231 
117 401 810 824 39 888 743 541 179 834 442 850 829 533 333 663 278 956 609 271 676 66 723 651 258 995 723 0 777 211 766 411 114 38 678 653 266 357 202 507 126 174 255 771 374 126 430 297 781 945 656 69 830 695 221 306 120 818 536 248 28 301 10 493 691 39 145 956 396 699 
134 722 795 170 211 23 478 541 157 136 866 55 998 939 771 31 137 561 570 430 940 547 700 138 677 868 81 777 0 814 873 872 68 643 245 546 425 894 326 369 901 746 199 595 966 504 66 135 391 313 162 691 674 654 381 713 151 688 460 849 853 332 72 273 326 668 170 750 561 495 
559 467 783 558 691 197 924 10 92 674 641 724 315 79 868 249 776 375 590 29 704 630 696 508 628 427 505 211 814 0 119 461 593 317 56 558 172 121 45 562 786 206 604 459 212 337 523 714 24 982 562 229 313 985 501 639 652 670 740 213 516 858 25 108 174 432 18 697 905 414 
845 976 725 687 975 84 741 552 753 139 128 337 48 758 287 15 904 645 566 86 470 158 696 726 391 374 436 766 873 119 0 258 690 619 214 500 182 550 23 247 925 4 160 153 669 144 5 659 796 26 398 360 542 256 736 1 781 168 370 478 424 783 87 465 754 300 964 287 849 338 
253 867 800 249 765 682 84 349 89 795 344 674 458 522 502 19 907 850 725 261 981 34 761 217 726 355 985 411 872 461 258 0 534 774 342 693 278 362 837 283 20 984 308 417 343 201 24 78 554 805 597 923 634 20 58 72 484 811 372 800 97 572 137 630 697 830 675 975 543 511 
684 456 252 446 120 77 948 779 276 700 757 379 239 815 472 765 549 852 112 330 219 1000 434 637 942 31 371 114 68 593 690 534 0 609 562 494 916 331 188 469 354 617 22 510 566 296 495 937 353 567 773 163 938 572 612 509 60 593 206 242 267 532 784 129 140 698 622 407 28 161 
633 908 378 279 797 638 330 596 753 532 600 464 320 163 174 198 922 34 958 616 573 548 655 329 285 414 978 38 643 317 619 774 609 0 875 733 778 248 243 695 544 737 631 896 655 403 411 592 974 22 453 386 966 10 627 233 893 762 713 32 459 687 438 486 847 665 571 976 912 165 
104 950 848 829 388 593 896 52 617 729 616 773 993 454 118 449 462 178 338 585 789 846 819 607 888 495 513 678 245 56 214 342 562 875 0 670 455 901 301 351 908 55 761 851 29 134 303 766 99 664 392 683 556 505 396 587 964 82 377 801 280 41 371 256 952 535 277 407 788 929 
651 95 748 503 360 206 266 460 863 479 573 729 499 513 366 614 352 269 897 512 675 555 21 701 322 732 239 653 546 558 500 693 494 733 670 0 109 695 984 221 545 364 354 200 129 804 863 872 839 771 376 586 709 339 19 85 140 298 125 862 905 429 397 182 187 536 110 295 230 93 
470 678 701 888 253 943 228 868 917 893 955 348 618 615 492 504 954 973 339 176 112 79 867 537 814 103 738 266 425 172 182 278 916 778 455 109 0 867 126 808 572 325 936 375 540 807 565 310 535 150 18 873 168 455 364 466 579 578 722 359 974 903 545 509 365 191 90 809 409 215 
643 36 26 717 547 309 703 458 363 525 616 822 258 844 491 746 48 784 400 78 134 533 353 838 831 616 94 357 894 121 550 362 331 248 901 695 867 0 617 980 540 552 707 431 711 271 740 245 421 109 469 940 563 185 757 494 762 479 852 87 733 749 947 97 291 36 906 700 250 522 
868 386 151 812 751 996 308 801 908 173 866 342 574 801 781 748 107 175 989 385 917 372 614 128 339 489 403 202 326 45 23 837 188 243 301 984 126 617 0 679 141 425 385 571 487 8 662 83 428 771 552 719 333 88 828 826 849 306 30 935 38 778 881 487 420 268 392 119 869 265 
357 692 169 930 454 725 915 406 528 616 202 156 688 738 977 311 648 40 281 991 128 737 272 88 332 494 352 507 369 562 247 283 469 695 351 221 808 980 679 0 150 10 41 886 932 528 893 946 610 672 716 513 391 400 600 218 578 448 875 607 734 264 736 966 750 155 585 493 626 454 
938 675 17 536 661 439 944 511 515 581 492 826 603 579 378 866 4 646 836 845 101 570 535 833 873 606 614 126 901 786 925 20 354 544 908 545 572 540 141 150 0 757 127 815 798 12 98 677 905 43 286 576 110 799 966 510 398 535 87 198 409 693 283 673 780 601 774 286 185 267 
300 671 308 152 125 82 902 43 464 99 36 274 997 587 2 408 275 634 725 551 589 864 14 429 912 139 184 174 746 206 4 984 617 737 55 364 325 552 425 10 757 0 911 990 23 37 804 172 49 902 848 305 944 486 880 54 636 846 915 385 732 1 934 493 45 569 517 176 169 290 
839 131 901 745 767 553 19 314 886 206 416 182 932 479 974 587 891 656 424 724 173 685 95 721 724 714 283 255 199 604 160 308 22 631 761 354 936 707 385 41 127 911 0 461 705 556 372 695 931 760 850 454 160 751 654 464 47 139 344 452 126 541 366 510 624 718 444 116 114 12 
653 556 435 604 298 65 387 599 331 100 301 734 289 571 879 352 56 428 475 985 154 311 615 550 379 553 904 771 595 459 153 417 510 896 851 200 375 431 571 886 815 990 461 0 632 289 532 922 749 588 829 472 634 759 232 484 565 743 586 218 207 632 708 902 435 833 794 152 694 417 
300 794 932 631 696 852 504 140 969 910 305 697 280 299 66 912 407 259 198 476 873 825 396 782 488 867 273 374 966 212 669 343 566 655 29 129 540 711 487 932 798 23 705 632 0 869 137 533 982 500 516 270 383 437 371 971 618 842 604 376 425 439 292 168 25 861 726 8 568 627 
892 461 384 113 145 8 573 794 734 478 836 243 352 260 771 354 638 975 745 414 899 318 724 49 605 542 268 126 504 337 144 201 296 403 134 804 807 271 8 528 12 37 556 289 869 0 795 752 420 946 446 188 815 934 720 148 786 588 418 168 24 140 490 641 981 94 369 406 532 12 
553 107 421 524 980 452 397 434 941 588 858 58 600 517 470 971 557 164 382 814 823 622 728 315 41 529 188 430 66 523 5 24 495 411 303 863 565 740 662 893 98 804 372 532 137 795 0 573 908 873 650 268 440 276 62 544 47 7 341 586 821 274 658 969 411 245 738 579 268 877 
347 265 546 845 627 919 594 182 908 455 483 421 391 359 708 391 287 931 643 2 741 710 777 895 789 869 228 297 135 714 659 78 937 592 766 872 310 245 83 946 677 172 695 922 533 752 573 0 68 261 209 513 981 614 397 992 538 304 864 187 923 656 814 984 199 212 991 891 798 163 
74 76 787 714 762 138 196 822 764 690 732 608 154 971 859 851 694 752 201 795 488 386 251 811 702 409 328 781 391 24 796 554 353 974 99 839 535 421 428 610 905 49 931 749 982 420 908 68 0 164 455 131 927 51 220 857 670 448 924 930 657 789 262 270 185 606 160 840 821 698 
892 763 554 46 298 717 859 128 724 335 705 217 608 752 539 590 571 898 464 42 18 959 38 381 690 229 198 945 313 982 26 805 567 22 664 771 150 109 771 672 43 902 760 588 500 946 873 261 164 0 763 476 512 746 26 75 88 916 224 251 432 30 733 358 80 953 214 750 752 489 
134 47 852 9 324 750 281 505 327 115 467 354 97 346 920 844 927 958 480 515 38 59 65 530 122 813 890 656 162 562 398 597 773 453 392 376 18 469 552 716 286 848 850 829 516 446 650 209 455 763 0 31 408 629 293 30 813 250 541 5 70 238 767 546 101 864 923 176 304 191 
892 569 736 240 879 949 719 567 299 626 670 159 366 34 245 226 689 804 302 104 461 588 857 944 406 263 769 69 691 229 360 923 163 386 683 586 873 940 719 513 576 305 454 472 270 188 268 513 131 476 31 0 399 554 974 781 286 331 860 590 896 609 694 736 992 101 365 636 482 529 
318 343 233 637 413 549 47 221 74 760 887 460 740 939 867 275 289 171 531 457 556 213 232 666 40 169 972 830 674 313 542 634 938 966 556 709 168 563 333 391 110 944 160 634 383 815 440 981 927 512 408 399 0 885 22 533 954 612 651 851 712 867 126 887 170 316 638 723 289 418 
350 273 251 119 682 78 598 777 965 73 917 344 761 427 1000 771 477 40 324 105 532 183 76 518 639 782 397 695 654 985 256 20 572 10 505 339 455 185 88 400 799 486 751 759 437 934 276 614 51 746 629 554 885 0 360 971 629 302 218 590 995 953 581 447 669 216 929 550 452 302 
285 147 599 149 216 926 953 617 610 987 586 176 146 603 989 422 38 614 830 188 336 242 551 43 299 931 294 221 381 501 736 58 612 627 396 19 364 757 828 600 966 880 654 232 371 720 62 397 220 26 293 974 22 360 0 82 405 913 85 608 625 951 733 863 120 48 852 194 688 621 
105 341 574 445 146 64 177 490 392 149 179 724 225 732 165 18 977 785 208 346 466 406 644 574 868 291 849 306 713 639 1 72 509 233 587 85 466 494 826 218 510 54 464 484 971 148 544 992 857 75 30 781 533 971 82 0 553 658 602 206 875 191 200 179 123 999 200 690 279 749 
959 194 70 957 166 591 896 945 445 992 439 867 584 605 184 556 418 30 494 891 658 831 950 41 948 737 872 120 151 652 781 484 60 893 964 140 579 762 849 578 398 636 47 565 618 786 47 538 670 88 813 286 954 629 405 553 0 141 580 182 545 845 266 504 821 216 236 35 687 283 
527 844 947 869 683 983 843 861 217 739 136 461 385 888 430 804 940 62 874 17 686 49 282 155 376 634 660 818 688 670 168 811 593 762 82 298 578 479 306 448 535 846 139 743 842 588 7 304 448 916 250 331 612 302 913 658 141 0 239 880 970 859 785 979 812 990 205 2 542 384 
222 93 384 268 185 952 272 30 922 335 620 925 54 265 849 681 607 741 816 616 141 472 718 224 477 285 572 536 460 740 370 372 206 713 377 125 722 852 30 875 87 915 344 586 604 418 341 864 924 224 541 860 651 218 85 602 580 239 0 124 540 935 813 818 683 305 749 864 850 593 
92 915 865 127 376 965 373 485 953 479 656 273 581 543 954 586 554 943 416 672 949 729 1 530 624 956 304 248 849 213 478 800 242 32 801 862 359 87 935 607 198 385 452 218 376 168 586 187 930 251 5 590 851 590 608 206 182 880 124 0 482 353 765 697 941 800 736 575 38 615 
85 662 729 778 373 179 118 223 308 765 128 536 699 319 298 404 716 437 815 45 742 31 329 662 3 60 164 28 853 516 424 97 267 459 280 905 974 733 38 734 409 732 126 207 425 24 821 923 657 432 70 896 712 995 625 875 545 970 540 482 0 897 248 399 875 60 741 80 61 282 
418 69 460 306 511 387 12 581 675 473 747 261 453 374 135 695 510 737 382 702 962 629 413 302 867 658 359 301 332 858 783 572 532 687 41 429 903 749 778 264 693 1 541 632 439 140 274 656 789 30 238 609 867 953 951 191 845 859 935 353 897 0 815 537 821 749 701 990 783 6 
697 134 16 727 493 646 457 185 42 273 999 947 391 416 808 605 460 792 140 933 281 114 114 98 701 662 288 10 72 25 87 137 784 438 371 397 545 947 881 736 283 934 366 708 292 490 658 814 262 733 767 694 126 581 733 200 266 785 813 765 248 815 0 738 646 207 683 479 911 447 
120 469 980 576 844 607 417 1 935 816 885 266 937 133 769 168 616 288 926 727 312 382 762 298 944 90 886 493 273 108 465 630 129 486 256 182 509 97 487 966 673 493 510 902 168 641 969 984 270 358 546 736 887 447 863 179 504 979 818 697 399 537 738 0 528 851 598 263 778 635 
403 976 837 584 307 24 693 528 779 4 698 724 772 536 309 892 783 122 691 669 886 176 67 982 503 423 688 691 326 174 754 697 140 847 952 187 365 291 420 750 780 45 624 435 25 981 411 199 185 80 101 992 170 669 120 123 821 812 683 941 875 821 646 528 0 229 674 235 980 548 
800 435 864 555 880 590 352 236 10 1 614 71 383 869 925 53 274 321 478 869 69 311 284 704 588 156 153 39 668 432 300 830 698 665 535 536 191 36 268 155 601 569 718 833 861 94 245 212 606 953 864 101 316 216 48 999 216 990 305 800 60 749 207 851 229 0 294 720 627 706 
770 916 79 78 203 813 682 812 797 294 457 994 787 998 487 781 968 908 174 238 986 288 134 350 618 174 476 145 170 18 964 675 622 571 277 110 90 906 392 585 774 517 444 794 726 369 738 991 160 214 923 365 638 929 852 200 236 205 749 736 741 701 683 598 674 294 0 1 793 594 
224 6 537 823 912 967 272 395 695 248 4 424 390 502 152 395 736 446 29 844 997 255 933 518 669 878 425 956 750 697 287 975 407 976 407 295 809 700 119 493 286 176 116 152 8 406 579 891 840 750 176 636 723 550 194 690 35 2 864 575 80 990 479 263 235 720 1 0 173 541 
794 470 241 272 778 898 407 46 724 877 581 892 993 713 768 150 673 105 229 298 202 843 989 894 771 123 246 396 561 905 849 543 28 912 788 230 409 250 869 626 185 169 114 694 568 532 268 798 821 752 304 482 289 452 688 279 687 542 850 38 61 783 911 778 980 627 793 173 0 295 
989 301 229 889 306 808 989 612 705 819 674 687 360 798 267 881 426 82 514 974 254 660 747 829 956 14 231 699 495 414 338 511 161 165 929 93 215 522 265 454 267 290 12 417 627 12 877 163 698 489 191 529 418 302 621 749 283 384 593 615 282 6 447 635 548 706 594 541 295 0 
