70
0 588 649 248 389 579 465 227 208 867 343 90 941 674 9 866 750 254 656 101 195 425 240 800 310 386 794 29 335 263 859 919 850 507 166 239 437 630 817 645 848 160 86 141 833 447 6 934 700 14 34 246 438 625 46 748 11 839 128 697 453 986 615 303 844 132 893 281 114 61 
588 0 925 313 572 362 453 404 808 459 690 859 472 75 105 261 700 502 360 62 692 488 758 145 473 725 799 317 208 691 597 321 103 873 986 675 586 438 430 394 248 119 252 71 194 708 332 245 561 691 306 253 178 63 749 3 139 547 319 347 589 267 19 691 491 4 717 76 442 147 
649 925 0 469 689 617 73 760 810 132 443 54 45 133 711 297 663 126 397 665 264 943 335 962 883 953 981 573 443 984 290 870 777 788 691 818 404 763 929 566 246 371 619 290 855 682 938 869 807 334 885 70 628 219 32 510 523 364 435 317 699 76 187 828 863 877 645 266 991 925 
248 313 469 0 183 588 295 802 878 501 835 167 370 641 853 254 62 480 825 445 342 347 808 128 664 859 203 202 686 65 78 330 682 420 606 865 7 900 18 236 752 204 403 121 844 607 375 257 438 551 702 779 897 861 258 912 719 460 113 756 876 542 437 910 313 42 126 320 941 495 
389 572 689 183 0 555 45 698 309 165 541 267 891 797 705 441 850 835 690 711 93 953 781 552 418 537 780 959 973 689 272 15 166 943 307 660 849 351 357 510 868 249 776 758 397 480 551 247 667 592 309 759 544 89 662 961 977 441 272 950 481 895 316 646 837 974 305 37 325 13 
579 362 617 588 555 0 546 544 261 322 653 658 801 203 256 467 146 564 577 690 4 239 2 981 31 273 282 864 519 597 861 355 570 518 744 246 530 289 789 791 610 442 800 763 996 55 581 142 618 158 831 973 748 184 953 130 457 234 345 327 182 206 34 104 723 777 701 252 65 490 
465 453 73 295 45 546 0 394 675 283 193 789 630 599 369 771 568 878 953 541 977 137 845 459 945 431 803 271 612 8 304 67 730 80 768 334 497 609 727 523 243 272 311 872 222 31 643 790 261 947 682 237 83 526 695 379 956 498 650 920 857 305 338 587 737 105 272 233 65 350 
227 404 760 802 698 544 394 0 755 307 973 65 179 195 447 173 336 707 119 369 944 554 894 990 932 202 839 933 473 696 590 810 634 326 267 905 558 331 254 312 990 227 728 168 773 174 692 108 881 810 476 176 715 721 517 647 274 356 931 98 51 520 260 36 845 878 940 754 208 545 
208 808 810 878 309 261 675 755 0 65 549 123 144 68 895 318 759 354 550 921 181 77 635 254 593 633 527 948 564 977 350 435 236 385 632 113 676 737 672 573 802 221 695 297 640 942 966 399 295 515 319 828 943 953 81 536 938 959 835 853 935 537 287 522 273 270 986 301 7 658 
867 459 132 501 165 322 283 307 65 0 873 160 230 567 456 869 508 422 619 155 288 937 982 583 242 62 470 179 372 656 31 307 192 669 180 817 939 166 117 297 175 989 456 756 907 263 976 767 36 595 273 676 883 254 258 124 667 727 654 390 382 36 696 926 705 228 742 995 393 858 
343 690 443 835 541 653 193 973 549 873 0 291 919 198 98 674 456 360 649 222 748 595 494 423 478 99 680 601 117 406 607 507 139 642 554 64 346 781 805 340 525 14 982 443 563 79 116 19 791 117 592 538 711 438 960 188 536 991 141 5 748 747 863 886 740 416 950 86 549 106 
90 859 54 167 267 658 789 65 123 160 291 0 777 73 472 111 868 386 541 983 404 331 99 348 220 162 785 531 349 672 521 841 676 268 939 890 506 679 306 807 116 206 264 244 630 735 354 497 121 895 480 876 577 930 223 149 443 7 679 792 679 552 984 706 171 923 596 676 601 253 
941 472 45 370 891 801 630 179 144 230 919 777 0 482 716 810 746 311 439 832 665 936 952 911 767 180 839 48 402 987 491 761 666 634 791 217 617 848 387 891 795 415 491 47 896 558 856 993 869 647 177 885 582 480 795 348 659 985 395 413 972 237 173 637 870 963 205 487 810 943 
674 75 133 641 797 203 599 195 68 567 198 73 482 0 377 605 357 220 3 605 129 211 597 349 857 125 233 790 605 379 137 263 364 883 675 335 120 199 323 989 161 527 827 323 821 556 279 178 127 633 782 607 195 730 956 51 855 540 192 459 919 328 73 634 563 748 320 34 946 994 
9 105 711 853 705 256 369 447 895 456 98 472 716 377 0 374 459 872 553 133 692 108 763 869 586 395 650 192 590 732 499 992 586 39 184 396 309 863 468 294 777 567 613 810 865 958 184 675 829 736 807 520 195 569 389 132 315 390 323 904 473 174 248 410 212 783 805 872 997 625 
866 261 297 254 441 467 771 173 318 869 674 111 810 605 374 0 165 774 543 129 583 407 86 118 81 914 853 239 433 47 807 173 178 474 915 853 729 739 26 976 149 589 110 953 460 107 929 624 880 472 104 814 878 189 932 311 102 136 549 886 535 708 411 64 181 677 268 261 415 293 
750 700 663 62 850 146 568 336 759 508 456 868 746 357 459 165 0 237 563 233 698 868 44 804 796 667 35 267 122 849 497 310 132 159 411 619 707 649 153 766 59 217 298 735 484 559 501 129 147 64 361 844 931 757 1000 726 423 34 345 545 234 193 206 717 351 969 336 409 617 488 
254 502 126 480 835 564 878 707 354 422 360 386 311 220 872 774 237 0 175 27 56 824 113 540 734 613 20 880 676 732 76 958 488 75 684 263 460 380 159 694 572 364 410 922 332 745 330 300 585 856 326 640 680 438 531 765 51 550 997 78 282 72 36 121 498 71 383 957 802 541 
656 360 397 825 690 577 953 119 550 619 649 541 439 3 553 543 563 175 0 650 373 257 412 646 940 508 975 240 92 183 565 732 214 355 262 978 757 164 974 834 797 397 221 917 894 291 300 203 444 192 204 816 448 615 461 388 475 788 979 566 970 895 649 183 249 263 160 357 426 486 
101 62 665 445 711 690 541 369 921 155 222 983 832 605 133 129 233 27 650 0 191 222 882 763 490 128 406 789 330 849 333 533 17 132 500 477 871 974 264 849 891 585 744 540 767 992 802 279 349 579 116 891 152 997 5 641 476 410 782 805 611 114 690 627 245 541 103 116 514 719 
195 692 264 342 93 4 977 944 181 288 748 404 665 129 692 583 698 56 373 191 0 316 404 655 59 295 774 403 448 404 103 378 519 345 529 867 349 522 343 111 303 499 721 768 540 347 364 80 801 831 945 871 147 701 878 205 995 651 607 443 54 709 820 572 53 701 438 754 222 132 
425 488 943 347 953 239 137 554 77 937 595 331 936 211 108 407 868 824 257 222 316 0 864 876 983 936 643 522 634 6 602 786 837 546 657 983 246 886 539 593 536 146 387 941 206 558 512 611 258 301 364 831 785 579 706 767 514 348 288 147 706 241 932 542 139 940 524 736 825 414 
240 758 335 808 781 2 845 894 635 982 494 99 952 597 763 86 44 113 412 882 404 864 0 328 712 559 714 652 117 624 515 727 881 816 442 64 952 372 769 718 885 469 357 383 174 598 314 715 736 606 590 823 430 3 151 142 914 216 145 30 839 660 108 72 827 901 135 778 272 903 
800 145 962 128 552 981 459 990 254 583 423 348 911 349 869 118 804 540 646 763 655 876 328 0 847 508 723 203 890 896 152 555 962 239 160 903 62 942 906 212 435 171 779 579 552 618 238 11 689 64 911 823 193 534 77 39 41 800 242 282 47 393 836 9 632 996 911 45 937 168 
310 473 883 664 418 31 945 932 593 242 478 220 767 857 586 81 796 734 940 490 59 983 712 847 0 256 371 338 34 301 889 3 539 899 691 954 161 865 147 46 942 185 438 93 778 719 139 171 555 147 154 902 410 198 838 577 805 560 915 190 860 155 193 750 406 235 56 918 100 202 
386 725 953 859 537 273 431 202 633 62 99 162 180 125 395 914 667 613 508 128 295 936 559 508 256 0 964 393 738 401 485 516 472 975 38 26 474 191 927 883 740 116 459 544 27 725 85 238 880 277 340 637 512 395 554 611 948 869 355 685 622 839 200 93 813 237 118 286 779 396 
794 799 981 203 780 282 803 839 527 470 680 785 839 233 650 853 35 20 975 406 774 643 714 723 371 964 0 520 518 863 979 413 241 55 498 830 286 126 169 922 637 915 828 599 862 696 953 547 317 143 746 761 308 335 230 945 465 625 465 983 839 795 747 431 849 596 261 135 722 429 
29 317 573 202 959 864 271 933 948 179 601 531 48 790 192 239 267 880 240 789 403 522 652 203 338 393 520 0 408 710 696 235 309 557 283 613 103 951 756 201 712 63 535 941 7 999 918 823 333 108 617 432 539 466 27 799 952 748 579 359 458 274 946 118 831 580 730 285 530 485 
335 208 443 686 973 519 612 473 564 372 117 349 402 605 590 433 122 676 92 330 448 634 117 890 34 738 518 408 0 485 593 899 371 534 258 370 803 80 54 910 697 485 800 514 864 598 465 963 529 175 772 154 472 889 336 51 971 621 581 807 457 525 706 828 410 963 549 212 42 602 
263 691 984 65 689 597 8 696 977 656 406 672 987 379 732 47 849 732 183 849 404 6 624 896 301 401 863 710 485 0 474 90 439 273 603 302 223 419 616 103 594 388 256 65 276 944 116 598 564 48 405 20 572 462 199 982 776 747 545 169 701 370 259 139 643 861 792 217 280 407 
859 597 290 78 272 861 304 590 350 31 607 521 491 137 499 807 497 76 565 333 103 602 515 152 889 485 979 696 593 474 0 319 225 146 926 289 422 869 756 19 784 155 775 804 727 236 2 60 11 101 956 180 801 326 790 939 320 2 82 536 633 840 854 857 986 779 498 759 1000 605 
919 321 870 330 15 355 67 810 435 307 507 841 761 263 992 173 310 958 732 533 378 786 727 555 3 516 413 235 899 90 319 0 129 783 760 904 938 838 491 292 249 502 392 204 33 192 529 822 482 848 823 915 735 808 754 940 664 739 719 513 849 70 118 978 852 877 233 790 714 723 
850 103 777 682 166 570 730 634 236 192 139 676 666 364 586 178 132 488 214 17 519 837 881 962 539 472 241 309 371 439 225 129 0 433 962 576 824 517 960 367 398 781 848 597 956 762 332 763 867 271 778 958 341 291 806 410 408 135 614 636 367 755 701 90 187 662 17 362 530 977 
507 873 788 420 943 518 80 326 385 669 642 268 634 883 39 474 159 75 355 132 345 546 816 239 899 975 55 557 534 273 146 783 433 0 728 927 109 927 524 416 40 855 530 906 125 308 215 818 950 21 227 709 507 192 344 874 946 44 315 132 57 331 493 586 659 572 513 768 498 388 
166 986 691 606 307 744 768 267 632 180 554 939 791 675 184 915 411 684 262 500 529 657 442 160 691 38 498 283 258 603 926 760 962 728 0 535 537 242 65 443 718 724 657 535 673 29 114 381 536 305 724 761 251 119 75 734 527 757 579 112 768 150 976 535 648 363 69 184 956 485 
239 675 818 865 660 246 334 905 113 817 64 890 217 335 396 853 619 263 978 477 867 983 64 903 954 26 830 613 370 302 289 904 576 927 535 0 978 674 208 987 560 880 367 673 260 254 330 335 14 580 805 440 665 331 549 243 443 316 393 770 202 392 485 622 575 440 107 905 113 314 
437 586 404 7 849 530 497 558 676 939 346 506 617 120 309 729 707 460 757 871 349 246 952 62 161 474 286 103 803 223 422 938 824 109 537 978 0 891 25 546 609 697 157 863 26 492 876 957 648 668 622 979 216 216 773 883 960 542 84 351 26 57 278 466 163 182 930 829 424 954 
630 438 763 900 351 289 609 331 737 166 781 679 848 199 863 739 649 380 164 974 522 886 372 942 865 191 126 951 80 419 869 838 517 927 242 674 891 0 374 384 3 530 246 380 373 474 337 21 141 310 999 708 877 771 942 837 664 377 539 42 433 816 859 596 349 788 776 124 94 149 
817 430 929 18 357 789 727 254 672 117 805 306 387 323 468 26 153 159 974 264 343 539 769 906 147 927 169 756 54 616 756 491 960 524 65 208 25 374 0 508 96 30 105 827 403 578 515 775 70 176 773 777 53 895 70 241 910 446 779 951 879 947 809 826 295 949 601 771 42 101 
645 394 566 236 510 791 523 312 573 297 340 807 891 989 294 976 766 694 834 849 111 593 718 212 46 883 922 201 910 103 19 292 367 416 443 987 546 384 508 0 630 489 482 734 315 884 312 830 658 381 357 782 510 409 28 579 649 938 377 780 240 607 726 49 432 372 997 384 142 390 
848 248 246 752 868 610 243 990 802 175 525 116 795 161 777 149 59 572 797 891 303 536 885 435 942 740 637 712 697 594 784 249 398 40 718 560 609 3 96 630 0 836 771 230 317 505 544 553 168 725 562 548 82 344 409 842 723 340 843 12 716 622 252 322 347 652 105 718 648 840 
160 119 371 204 249 442 272 227 221 989 14 206 415 527 567 589 217 364 397 585 499 146 469 171 185 116 915 63 485 388 155 502 781 855 724 880 697 530 30 489 836 0 860 389 675 982 618 991 838 513 543 5 590 105 905 671 800 313 864 874 4 706 886 719 327 137 392 25 788 496 
86 252 619 403 776 800 311 728 695 456 982 264 491 827 613 110 298 410 221 744 721 387 357 779 438 459 828 535 800 256 775 392 848 530 657 367 157 246 105 482 771 860 0 743 787 335 954 527 361 287 144 352 125 656 246 129 597 702 33 619 501 698 483 375 701 188 612 772 867 100 
141 71 290 121 758 763 872 168 297 756 443 244 47 323 810 953 735 922 917 540 768 941 383 579 93 544 599 941 514 65 804 204 597 906 535 673 863 380 827 734 230 389 743 0 163 891 239 11 985 377 697 938 903 58 577 398 761 701 405 6 829 2 708 214 620 560 263 102 286 963 
833 194 855 844 397 996 222 773 640 907 563 630 896 821 865 460 484 332 894 767 540 206 174 552 778 27 862 7 864 276 727 33 956 125 673 260 26 373 403 315 317 675 787 163 0 642 249 86 508 348 249 750 586 611 735 314 307 24 216 716 600 613 476 300 18 482 481 19 541 46 
447 708 682 607 480 55 31 174 942 263 79 735 558 556 958 107 559 745 291 992 347 558 598 618 719 725 696 999 598 944 236 192 762 308 29 254 492 474 578 884 505 982 335 891 642 0 638 452 660 92 90 622 733 338 60 592 38 308 693 975 270 427 289 576 803 504 292 402 469 119 
6 332 938 375 551 581 643 692 966 976 116 354 856 279 184 929 501 330 300 802 364 512 314 238 139 85 953 918 465 116 2 529 332 215 114 330 876 337 515 312 544 618 954 239 249 638 0 54 838 952 886 856 844 283 845 296 942 288 737 915 20 426 974 963 463 633 656 438 254 434 
934 245 869 257 247 142 790 108 399 767 19 497 993 178 675 624 129 300 203 279 80 611 715 11 171 238 547 823 963 598 60 822 763 818 381 335 957 21 775 830 553 991 527 11 86 452 54 0 726 182 236 581 825 990 49 943 395 886 895 632 93 738 914 290 385 207 577 121 473 949 
700 561 807 438 667 618 261 881 295 36 791 121 869 127 829 880 147 585 444 349 801 258 736 689 555 880 317 333 529 564 11 482 867 950 536 14 648 141 70 658 168 838 361 985 508 660 838 726 0 547 799 263 361 783 918 798 37 352 875 218 939 456 42 928 856 984 674 94 230 305 
14 691 334 551 592 158 947 810 515 595 117 895 647 633 736 472 64 856 192 579 831 301 606 64 147 277 143 108 175 48 101 848 271 21 305 580 668 310 176 381 725 513 287 377 348 92 952 182 547 0 538 968 570 179 704 776 756 177 601 56 723 399 318 435 181 588 233 217 291 459 
34 306 885 702 309 831 682 476 319 273 592 480 177 782 807 104 361 326 204 116 945 364 590 911 154 340 746 617 772 405 956 823 778 227 724 805 622 999 773 357 562 543 144 697 249 90 886 236 799 538 0 786 229 266 827 509 122 811 182 567 392 839 456 359 408 635 415 536 742 591 
246 253 70 779 759 973 237 176 828 676 538 876 885 607 520 814 844 640 816 891 871 831 823 823 902 637 761 432 154 20 180 915 958 709 761 440 979 708 777 782 548 5 352 938 750 622 856 581 263 968 786 0 488 797 665 886 466 99 418 53 683 987 343 142 772 924 407 599 784 880 
438 178 628 897 544 748 83 715 943 883 711 577 582 195 195 878 931 680 448 152 147 785 430 193 410 512 308 539 472 572 801 735 341 507 251 665 216 877 53 510 82 590 125 903 586 733 844 825 361 570 229 488 0 761 317 798 152 155 254 863 915 240 277 802 981 219 289 129 883 174 
625 63 219 861 89 184 526 721 953 254 438 930 480 730 569 189 757 438 615 997 701 579 3 534 198 395 335 466 889 462 326 808 291 192 119 331 216 771 895 409 344 105 656 58 611 338 283 990 783 179 266 797 761 0 594 333 943 647 16 929 341 157 701 616 563 299 399 795 411 716 
46 749 32 258 662 953 695 517 81 258 960 223 795 956 389 932 1000 531 461 5 878 706 151 77 838 554 230 27 336 199 790 754 806 344 75 549 773 942 70 28 409 905 246 577 735 60 845 49 918 704 827 665 317 594 0 592 562 222 845 776 136 84 404 937 416 622 225 544 856 750 
748 3 510 912 961 130 379 647 536 124 188 149 348 51 132 311 726 765 388 641 205 767 142 39 577 611 945 799 51 982 939 940 410 874 734 243 883 837 241 579 842 671 129 398 314 592 296 943 798 776 509 886 798 333 592 0 138 189 693 136 204 621 828 360 321 444 274 971 842 420 
11 139 523 719 977 457 956 274 938 667 536 443 659 855 315 102 423 51 475 476 995 514 914 41 805 948 465 952 971 776 320 664 408 946 527 443 960 664 910 649 723 800 597 761 307 38 942 395 37 756 122 466 152 943 562 138 0 381 909 12 295 131 208 70 266 644 474 203 59 447 
839 547 364 460 441 234 498 356 959 727 991 7 985 540 390 136 34 550 788 410 651 348 216 800 560 869 625 748 621 747 2 739 135 44 757 316 542 377 446 938 340 313 702 701 24 308 288 886 352 177 811 99 155 647 222 189 381 0 779 603 303 529 92 491 573 227 694 193 54 405 
128 319 435 113 272 345 650 931 835 654 141 679 395 192 323 549 345 997 979 782 607 288 145 242 915 355 465 579 581 545 82 719 614 315 579 393 84 539 779 377 843 864 33 405 216 693 737 895 875 601 182 418 254 16 845 693 909 779 0 866 497 30 188 691 450 921 599 461 215 729 
697 347 317 756 950 327 920 98 853 390 5 792 413 459 904 886 545 78 566 805 443 147 30 282 190 685 983 359 807 169 536 513 636 132 112 770 351 42 951 780 12 874 619 6 716 975 915 632 218 56 567 53 863 929 776 136 12 603 866 0 668 636 347 311 461 901 722 908 679 324 
453 589 699 876 481 182 857 51 935 382 748 679 972 919 473 535 234 282 970 611 54 706 839 47 860 622 839 458 457 701 633 849 367 57 768 202 26 433 879 240 716 4 501 829 600 270 20 93 939 723 392 683 915 341 136 204 295 303 497 668 0 210 559 767 700 483 993 745 28 398 
986 267 76 542 895 206 305 520 537 36 747 552 237 328 174 708 193 72 895 114 709 241 660 393 155 839 795 274 525 370 840 70 755 331 150 392 57 816 947 607 622 706 698 2 613 427 426 738 456 399 839 987 240 157 84 621 131 529 30 636 210 0 149 245 247 530 432 937 979 352 
615 19 187 437 316 34 338 260 287 696 863 984 173 73 248 411 206 36 649 690 820 932 108 836 193 200 747 946 706 259 854 118 701 493 976 485 278 859 809 726 252 886 483 708 476 289 974 914 42 318 456 343 277 701 404 828 208 92 188 347 559 149 0 887 791 918 968 811 906 666 
303 691 828 910 646 104 587 36 522 926 886 706 637 634 410 64 717 121 183 627 572 542 72 9 750 93 431 118 828 139 857 978 90 586 535 622 466 596 826 49 322 719 375 214 300 576 963 290 928 435 359 142 802 616 937 360 70 491 691 311 767 245 887 0 473 366 566 194 273 596 
844 491 863 313 837 723 737 845 273 705 740 171 870 563 212 181 351 498 249 245 53 139 827 632 406 813 849 831 410 643 986 852 187 659 648 575 163 349 295 432 347 327 701 620 18 803 463 385 856 181 408 772 981 563 416 321 266 573 450 461 700 247 791 473 0 869 834 507 635 533 
132 4 877 42 974 777 105 878 270 228 416 923 963 748 783 677 969 71 263 541 701 940 901 996 235 237 596 580 963 861 779 877 662 572 363 440 182 788 949 372 652 137 188 560 482 504 633 207 984 588 635 924 219 299 622 444 644 227 921 901 483 530 918 366 869 0 989 979 277 16 
893 717 645 126 305 701 272 940 986 742 950 596 205 320 805 268 336 383 160 103 438 524 135 911 56 118 261 730 549 792 498 233 17 513 69 107 930 776 601 997 105 392 612 263 481 292 656 577 674 233 415 407 289 399 225 274 474 694 599 722 993 432 968 566 834 989 0 377 777 260 
281 76 266 320 37 252 233 754 301 995 86 676 487 34 872 261 409 957 357 116 754 736 778 45 918 286 135 285 212 217 759 790 362 768 184 905 829 124 771 384 718 25 772 102 19 402 438 121 94 217 536 599 129 795 544 971 203 193 461 908 745 937 811 194 507 979 377 0 975 307 
114 442 991 941 325 65 65 208 7 393 549 601 810 946 997 415 617 802 426 514 222 825 272 937 100 779 722 530 42 280 1000 714 530 498 956 113 424 94 42 142 648 788 867 286 541 469 254 473 230 291 742 784 883 411 856 842 59 54 215 679 28 979 906 273 635 277 777 975 0 44 
61 147 925 495 13 490 350 545 658 858 106 253 943 994 625 293 488 541 486 719 132 414 903 168 202 396 429 485 602 407 605 723 977 388 485 314 954 149 101 390 840 496 100 963 46 119 434 949 305 459 591 880 174 716 750 420 447 405 729 324 398 352 666 596 533 16 260 307 44 0 
