70
0 8 234 317 776 190 389 435 840 505 593 943 202 503 878 158 74 442 154 518 676 724 843 23 439 618 419 139 556 787 535 650 794 768 966 922 958 706 356 797 562 300 91 763 802 969 272 228 762 425 97 790 500 939 164 938 557 935 76 464 721 963 113 867 730 430 140 39 487 847 
8 0 835 48 146 926 162 300 246 434 527 359 210 975 148 710 914 664 999 470 598 427 285 670 389 397 536 118 178 27 157 664 873 343 63 371 620 224 670 217 9 548 576 571 522 75 632 435 738 630 256 687 56 540 357 796 288 244 266 465 271 774 480 495 116 542 865 88 766 534 
234 835 0 304 126 433 231 696 955 306 327 741 395 309 349 82 716 888 790 512 528 33 777 992 655 550 824 150 17 365 366 456 482 252 760 608 684 342 655 990 999 334 731 394 642 79 827 357 318 968 868 845 1000 996 189 7 897 12 508 914 376 873 369 210 124 480 169 808 822 823 
317 48 304 0 149 820 156 879 565 149 309 743 506 627 710 725 823 62 721 363 420 617 374 927 882 102 799 603 311 923 82 831 82 255 653 230 427 161 461 343 309 769 86 166 747 147 891 922 560 963 284 979 931 10 905 813 111 56 415 773 330 848 603 411 455 607 992 881 119 452 
776 146 126 149 0 575 428 573 12 593 671 159 835 592 70 797 228 401 728 237 305 892 699 712 658 823 41 857 777 803 311 383 795 543 502 598 118 281 522 129 225 193 639 60 136 709 208 363 109 287 951 765 178 649 477 835 471 869 692 247 672 354 982 818 897 835 415 14 115 937 
190 926 433 820 575 0 142 339 481 133 750 616 841 958 331 301 596 281 65 774 282 893 960 104 762 3 703 785 357 684 602 605 518 368 618 984 656 111 674 488 243 424 104 435 733 786 735 328 66 152 453 699 44 765 803 157 767 505 941 475 540 894 79 57 614 696 40 621 159 713 
389 162 231 156 428 142 0 109 753 488 212 188 220 997 274 900 414 425 704 465 469 468 267 977 235 771 918 709 662 163 140 718 128 835 109 749 345 173 857 450 661 68 637 232 416 262 483 181 687 187 645 507 654 263 483 240 385 752 301 46 267 440 763 394 626 223 142 971 396 350 
435 300 696 879 573 339 109 0 420 408 769 408 991 184 21 474 717 59 12 713 565 17 976 400 257 360 503 557 406 121 996 520 867 973 743 360 295 490 710 714 897 478 473 239 14 846 712 730 904 75 442 821 92 417 572 348 129 74 256 534 547 603 53 413 575 147 772 870 636 481 
840 246 955 565 12 481 753 420 0 935 884 311 760 123 324 605 186 53 860 613 846 680 704 615 251 403 743 677 10 628 223 964 32 987 538 179 110 759 166 591 46 402 901 157 876 576 113 413 628 972 25 825 652 80 439 254 834 533 930 843 160 504 806 192 490 696 722 600 806 239 
505 434 306 149 593 133 488 408 935 0 542 851 640 794 7 515 721 119 280 348 91 304 524 94 384 315 699 569 847 629 412 359 484 569 902 326 264 623 277 70 213 170 272 853 963 631 719 683 749 998 382 191 654 257 636 389 571 335 957 418 315 720 776 798 289 29 123 904 3 399 
593 527 327 309 671 750 212 769 884 542 0 325 215 568 949 419 882 579 490 916 327 487 649 870 492 906 505 232 828 191 189 245 505 260 372 303 900 400 777 804 402 528 480 969 447 428 387 329 6 876 596 685 715 597 554 558 854 410 790 681 601 330 278 105 589 1 759 489 753 888 
943 359 741 743 159 616 188 408 311 851 325 0 644 506 415 123 474 861 551 861 541 908 88 489 592 802 85 497 712 290 907 501 970 507 830 599 963 418 600 74 906 352 961 549 857 375 24 331 587 926 543 128 833 630 616 425 784 52 921 847 341 179 347 662 37 176 261 352 593 860 
202 210 395 506 835 841 220 991 760 640 215 644 0 425 851 211 385 751 419 111 774 749 697 51 643 176 884 625 791 660 760 842 932 606 534 111 952 196 147 127 456 498 71 667 274 273 229 658 376 647 120 501 748 169 552 390 344 435 14 135 94 773 328 377 378 214 487 681 409 634 
503 975 309 627 592 958 997 184 123 794 568 506 425 0 159 216 483 582 234 757 854 462 766 581 108 238 82 855 406 633 597 749 419 610 235 864 735 915 240 464 128 79 145 888 712 303 455 546 236 40 302 90 501 420 670 960 657 103 167 62 87 763 162 505 724 749 720 458 15 960 
878 148 349 710 70 331 274 21 324 7 949 415 851 159 0 274 142 38 418 381 101 72 187 998 308 226 652 749 78 71 770 389 79 873 555 492 311 669 5 816 393 753 887 202 767 198 475 260 587 244 992 39 316 530 37 975 755 688 75 184 110 844 573 188 68 479 31 379 148 35 
158 710 82 725 797 301 900 474 605 515 419 123 211 216 274 0 546 540 788 432 93 906 630 568 166 216 811 157 255 478 687 291 452 793 330 526 329 791 722 901 978 789 731 360 167 878 394 64 769 533 496 862 439 125 429 604 692 239 112 298 69 150 588 520 295 269 398 623 59 119 
74 914 716 823 228 596 414 717 186 721 882 474 385 483 142 546 0 875 388 907 605 747 426 835 493 489 603 25 336 464 815 812 892 770 504 483 234 801 551 383 741 422 29 361 819 3 772 937 229 159 196 186 258 973 20 102 813 622 478 149 86 293 312 329 62 815 163 295 968 713 
442 664 888 62 401 281 425 59 53 119 579 861 751 582 38 540 875 0 30 708 135 58 420 305 413 191 594 641 702 141 826 959 113 197 412 277 819 889 777 256 181 89 936 595 255 99 889 222 163 270 281 649 680 701 954 92 891 547 732 944 687 910 902 151 106 313 427 276 554 204 
154 999 790 721 728 65 704 12 860 280 490 551 419 234 418 788 388 30 0 883 734 644 819 680 898 917 921 120 79 190 752 728 869 452 33 960 695 579 44 638 617 305 892 119 410 556 545 38 109 100 920 195 95 738 226 993 6 146 464 85 336 215 164 204 19 196 516 713 126 911 
518 470 512 363 237 774 465 713 613 348 916 861 111 757 381 432 907 708 883 0 702 94 215 945 212 976 853 108 13 313 560 285 859 654 22 85 998 28 230 461 464 565 676 979 121 694 526 988 758 3 898 811 96 464 108 659 791 960 118 804 272 677 440 131 683 461 215 680 840 796 
676 598 528 420 305 282 469 565 846 91 327 541 774 854 101 93 605 135 734 702 0 141 655 713 168 985 185 213 510 172 970 864 421 132 959 236 239 969 26 198 87 181 822 115 620 952 797 433 518 829 272 313 321 279 377 488 263 561 700 125 84 21 988 856 152 299 91 391 267 117 
724 427 33 617 892 893 468 17 680 304 487 908 749 462 72 906 747 58 644 94 141 0 940 705 297 761 172 917 64 320 349 581 148 972 246 468 602 622 307 865 535 6 341 618 26 328 474 530 626 564 920 245 32 859 301 681 972 472 949 35 144 297 616 291 620 213 111 222 186 417 
843 285 777 374 699 960 267 976 704 524 649 88 697 766 187 630 426 420 819 215 655 940 0 438 720 775 778 690 800 457 163 329 435 78 600 31 462 811 331 142 782 155 90 816 298 738 783 940 709 347 50 930 533 819 719 604 593 848 293 744 657 807 425 91 885 376 121 346 186 803 
23 670 992 927 712 104 977 400 615 94 870 489 51 581 998 568 835 305 680 945 713 705 438 0 839 319 309 928 487 606 17 269 898 725 968 299 655 500 469 725 103 61 925 396 157 581 202 933 671 438 308 143 135 494 297 973 164 606 252 650 563 268 271 812 993 238 111 999 737 579 
439 389 655 882 658 762 235 257 251 384 492 592 643 108 308 166 493 413 898 212 168 297 720 839 0 75 191 992 999 938 500 579 492 432 601 929 739 95 416 584 744 740 748 701 992 397 263 611 19 427 955 256 889 953 344 467 380 535 810 378 472 661 957 315 92 909 244 183 356 11 
618 397 550 102 823 3 771 360 403 315 906 802 176 238 226 216 489 191 917 976 985 761 775 319 75 0 766 99 750 865 799 93 262 413 704 632 839 658 888 727 963 231 546 342 117 707 719 941 368 27 255 459 288 498 641 643 508 759 741 610 623 539 702 236 951 405 868 142 415 755 
419 536 824 799 41 703 918 503 743 699 505 85 884 82 652 811 603 594 921 853 185 172 778 309 191 766 0 868 729 337 765 70 454 472 140 394 839 519 648 649 806 498 290 800 357 400 892 318 22 430 20 610 732 776 477 873 190 583 93 918 919 857 339 724 680 479 117 518 349 117 
139 118 150 603 857 785 709 557 677 569 232 497 625 855 749 157 25 641 120 108 213 917 690 928 992 99 868 0 167 506 966 808 305 674 559 196 992 580 977 11 189 60 786 17 285 328 599 377 597 870 585 936 593 265 766 62 134 114 178 652 619 495 811 275 168 369 822 511 301 150 
556 178 17 311 777 357 662 406 10 847 828 712 791 406 78 255 336 702 79 13 510 64 800 487 999 750 729 167 0 873 489 209 11 858 493 338 456 221 934 325 158 869 918 774 634 979 907 99 508 559 69 354 721 343 873 90 516 384 390 665 256 230 874 266 87 718 955 543 291 889 
787 27 365 923 803 684 163 121 628 629 191 290 660 633 71 478 464 141 190 313 172 320 457 606 938 865 337 506 873 0 219 448 109 136 221 95 466 479 545 325 389 614 678 110 308 551 551 824 286 940 488 893 521 713 511 608 783 465 502 73 705 720 872 166 208 444 260 25 274 156 
535 157 366 82 311 602 140 996 223 412 189 907 760 597 770 687 815 826 752 560 970 349 163 17 500 799 765 966 489 219 0 350 663 769 379 124 77 281 674 900 566 965 739 811 485 452 321 92 586 785 945 10 842 665 881 7 224 676 618 248 301 773 949 963 542 328 438 970 960 463 
650 664 456 831 383 605 718 520 964 359 245 501 842 749 389 291 812 959 728 285 864 581 329 269 579 93 70 808 209 448 350 0 869 878 427 959 688 264 762 8 707 347 144 652 356 985 668 588 991 891 615 608 490 916 381 439 230 274 118 668 243 77 482 463 954 261 421 641 524 183 
794 873 482 82 795 518 128 867 32 484 505 970 932 419 79 452 892 113 869 859 421 148 435 898 492 262 454 305 11 109 663 869 0 1000 582 881 144 585 589 480 252 528 471 142 143 430 984 58 810 422 639 83 539 658 677 615 140 139 921 400 560 913 275 94 913 856 326 408 793 914 
768 343 252 255 543 368 835 973 987 569 260 507 606 610 873 793 770 197 452 654 132 972 78 725 432 413 472 674 858 136 769 878 1000 0 887 44 442 357 538 936 787 521 993 948 942 983 383 832 641 59 798 780 198 718 531 109 631 157 554 895 364 879 302 156 145 540 200 586 249 89 
966 63 760 653 502 618 109 743 538 902 372 830 534 235 555 330 504 412 33 22 959 246 600 968 601 704 140 559 493 221 379 427 582 887 0 521 387 609 865 334 902 199 716 85 839 127 882 970 676 952 852 136 934 8 689 828 724 919 481 879 63 20 430 1000 620 518 872 6 478 88 
922 371 608 230 598 984 749 360 179 326 303 599 111 864 492 526 483 277 960 85 236 468 31 299 929 632 394 196 338 95 124 959 881 44 521 0 340 379 287 407 815 477 885 697 447 560 1000 298 695 933 658 735 112 381 654 944 259 68 315 41 420 935 558 291 940 36 731 631 766 17 
958 620 684 427 118 656 345 295 110 264 900 963 952 735 311 329 234 819 695 998 239 602 462 655 739 839 839 992 456 466 77 688 144 442 387 340 0 390 581 845 274 629 291 834 628 941 880 912 598 615 23 330 268 966 588 687 280 628 106 214 538 749 506 925 479 136 42 847 525 622 
706 224 342 161 281 111 173 490 759 623 400 418 196 915 669 791 801 889 579 28 969 622 811 500 95 658 519 580 221 479 281 264 585 357 609 379 390 0 691 799 602 334 984 229 274 863 140 223 829 514 552 96 479 491 783 111 471 240 676 8 988 181 284 466 669 325 664 193 947 355 
356 670 655 461 522 674 857 710 166 277 777 600 147 240 5 722 551 777 44 230 26 307 331 469 416 888 648 977 934 545 674 762 589 538 865 287 581 691 0 343 900 688 678 129 313 893 620 535 721 134 438 169 612 928 951 74 398 542 750 757 530 930 40 347 950 365 11 143 663 717 
797 217 990 343 129 488 450 714 591 70 804 74 127 464 816 901 383 256 638 461 198 865 142 725 584 727 649 11 325 325 900 8 480 936 334 407 845 799 343 0 837 562 756 867 42 420 759 662 954 831 147 391 999 110 670 301 184 68 843 933 176 372 214 568 70 164 932 80 658 946 
562 9 999 309 225 243 661 897 46 213 402 906 456 128 393 978 741 181 617 464 87 535 782 103 744 963 806 189 158 389 566 707 252 787 902 815 274 602 900 837 0 148 846 859 903 712 901 322 822 914 627 653 60 369 651 169 39 952 704 458 794 988 985 517 202 552 586 717 835 18 
300 548 334 769 193 424 68 478 402 170 528 352 498 79 753 789 422 89 305 565 181 6 155 61 740 231 498 60 869 614 965 347 528 521 199 477 629 334 688 562 148 0 726 132 517 571 991 420 635 243 93 456 156 72 460 567 440 111 87 830 414 143 639 559 130 624 75 683 527 12 
91 576 731 86 639 104 637 473 901 272 480 961 71 145 887 731 29 936 892 676 822 341 90 925 748 546 290 786 918 678 739 144 471 993 716 885 291 984 678 756 846 726 0 751 362 381 476 493 898 399 483 669 33 77 761 840 584 184 300 150 624 410 589 805 823 731 444 733 212 419 
763 571 394 166 60 435 232 239 157 853 969 549 667 888 202 360 361 595 119 979 115 618 816 396 701 342 800 17 774 110 811 652 142 948 85 697 834 229 129 867 859 132 751 0 807 895 945 170 645 306 551 473 151 800 871 985 468 903 62 580 742 645 764 393 147 739 154 87 895 976 
802 522 642 747 136 733 416 14 876 963 447 857 274 712 767 167 819 255 410 121 620 26 298 157 992 117 357 285 634 308 485 356 143 942 839 447 628 274 313 42 903 517 362 807 0 817 690 708 380 108 866 274 405 388 271 62 290 743 212 89 965 197 908 867 258 487 960 254 602 353 
969 75 79 147 709 786 262 846 576 631 428 375 273 303 198 878 3 99 556 694 952 328 738 581 397 707 400 328 979 551 452 985 430 983 127 560 941 863 893 420 712 571 381 895 817 0 400 340 506 486 235 834 654 276 893 386 384 111 659 140 850 281 201 139 375 413 227 339 961 134 
272 632 827 891 208 735 483 712 113 719 387 24 229 455 475 394 772 889 545 526 797 474 783 202 263 719 892 599 907 551 321 668 984 383 882 1000 880 140 620 759 901 991 476 945 690 400 0 557 570 972 517 823 574 221 575 265 78 412 851 263 418 127 508 803 862 970 813 1 819 94 
228 435 357 922 363 328 181 730 413 683 329 331 658 546 260 64 937 222 38 988 433 530 940 933 611 941 318 377 99 824 92 588 58 832 970 298 912 223 535 662 322 420 493 170 708 340 557 0 201 957 820 613 535 159 925 668 715 494 991 583 317 564 155 243 829 585 654 679 847 71 
762 738 318 560 109 66 687 904 628 749 6 587 376 236 587 769 229 163 109 758 518 626 709 671 19 368 22 597 508 286 586 991 810 641 676 695 598 829 721 954 822 635 898 645 380 506 570 201 0 157 706 873 18 675 38 18 493 131 219 449 302 183 983 460 108 2 527 953 993 461 
425 630 968 963 287 152 187 75 972 998 876 926 647 40 244 533 159 270 100 3 829 564 347 438 427 27 430 870 559 940 785 891 422 59 952 933 615 514 134 831 914 243 399 306 108 486 972 957 157 0 269 908 616 863 88 552 517 119 398 939 275 456 164 293 130 201 662 623 683 232 
97 256 868 284 951 453 645 442 25 382 596 543 120 302 992 496 196 281 920 898 272 920 50 308 955 255 20 585 69 488 945 615 639 798 852 658 23 552 438 147 627 93 483 551 866 235 517 820 706 269 0 423 984 767 758 796 874 111 322 178 455 134 799 363 101 661 802 652 177 920 
790 687 845 979 765 699 507 821 825 191 685 128 501 90 39 862 186 649 195 811 313 245 930 143 256 459 610 936 354 893 10 608 83 780 136 735 330 96 169 391 653 456 669 473 274 834 823 613 873 908 423 0 50 468 195 505 631 839 986 831 852 960 513 84 383 848 850 492 643 75 
500 56 1000 931 178 44 654 92 652 654 715 833 748 501 316 439 258 680 95 96 321 32 533 135 889 288 732 593 721 521 842 490 539 198 934 112 268 479 612 999 60 156 33 151 405 654 574 535 18 616 984 50 0 602 316 252 409 450 50 123 550 711 924 202 239 844 603 706 390 107 
939 540 996 10 649 765 263 417 80 257 597 630 169 420 530 125 973 701 738 464 279 859 819 494 953 498 776 265 343 713 665 916 658 718 8 381 966 491 928 110 369 72 77 800 388 276 221 159 675 863 767 468 602 0 688 580 444 870 431 404 734 866 786 582 715 629 224 141 582 540 
164 357 189 905 477 803 483 572 439 636 554 616 552 670 37 429 20 954 226 108 377 301 719 297 344 641 477 766 873 511 881 381 677 531 689 654 588 783 951 670 651 460 761 871 271 893 575 925 38 88 758 195 316 688 0 393 990 989 794 464 538 504 388 91 95 583 693 152 324 151 
938 796 7 813 835 157 240 348 254 389 558 425 390 960 975 604 102 92 993 659 488 681 604 973 467 643 873 62 90 608 7 439 615 109 828 944 687 111 74 301 169 567 840 985 62 386 265 668 18 552 796 505 252 580 393 0 840 903 595 61 685 998 795 903 135 376 969 763 599 110 
557 288 897 111 471 767 385 129 834 571 854 784 344 657 755 692 813 891 6 791 263 972 593 164 380 508 190 134 516 783 224 230 140 631 724 259 280 471 398 184 39 440 584 468 290 384 78 715 493 517 874 631 409 444 990 840 0 696 490 854 686 478 647 149 368 503 888 458 597 470 
935 244 12 56 869 505 752 74 533 335 410 52 435 103 688 239 622 547 146 960 561 472 848 606 535 759 583 114 384 465 676 274 139 157 919 68 628 240 542 68 952 111 184 903 743 111 412 494 131 119 111 839 450 870 989 903 696 0 151 100 145 301 939 47 895 1000 84 244 794 986 
76 266 508 415 692 941 301 256 930 957 790 921 14 167 75 112 478 732 464 118 700 949 293 252 810 741 93 178 390 502 618 118 921 554 481 315 106 676 750 843 704 87 300 62 212 659 851 991 219 398 322 986 50 431 794 595 490 151 0 378 521 954 492 119 415 188 609 268 225 438 
464 465 914 773 247 475 46 534 843 418 681 847 135 62 184 298 149 944 85 804 125 35 744 650 378 610 918 652 665 73 248 668 400 895 879 41 214 8 757 933 458 830 150 580 89 140 263 583 449 939 178 831 123 404 464 61 854 100 378 0 915 725 157 417 965 615 365 786 117 464 
721 271 376 330 672 540 267 547 160 315 601 341 94 87 110 69 86 687 336 272 84 144 657 563 472 623 919 619 256 705 301 243 560 364 63 420 538 988 530 176 794 414 624 742 965 850 418 317 302 275 455 852 550 734 538 685 686 145 521 915 0 931 769 755 329 16 754 412 259 899 
963 774 873 848 354 894 440 603 504 720 330 179 773 763 844 150 293 910 215 677 21 297 807 268 661 539 857 495 230 720 773 77 913 879 20 935 749 181 930 372 988 143 410 645 197 281 127 564 183 456 134 960 711 866 504 998 478 301 954 725 931 0 749 989 771 55 480 889 469 19 
113 480 369 603 982 79 763 53 806 776 278 347 328 162 573 588 312 902 164 440 988 616 425 271 957 702 339 811 874 872 949 482 275 302 430 558 506 284 40 214 985 639 589 764 908 201 508 155 983 164 799 513 924 786 388 795 647 939 492 157 769 749 0 849 737 595 639 3 320 795 
867 495 210 411 818 57 394 413 192 798 105 662 377 505 188 520 329 151 204 131 856 291 91 812 315 236 724 275 266 166 963 463 94 156 1000 291 925 466 347 568 517 559 805 393 867 139 803 243 460 293 363 84 202 582 91 903 149 47 119 417 755 989 849 0 419 636 761 135 421 877 
730 116 124 455 897 614 626 575 490 289 589 37 378 724 68 295 62 106 19 683 152 620 885 993 92 951 680 168 87 208 542 954 913 145 620 940 479 669 950 70 202 130 823 147 258 375 862 829 108 130 101 383 239 715 95 135 368 895 415 965 329 771 737 419 0 598 351 646 352 680 
430 542 480 607 835 696 223 147 696 29 1 176 214 749 479 269 815 313 196 461 299 213 376 238 909 405 479 369 718 444 328 261 856 540 518 36 136 325 365 164 552 624 731 739 487 413 970 585 2 201 661 848 844 629 583 376 503 1000 188 615 16 55 595 636 598 0 661 457 443 271 
140 865 169 992 415 40 142 772 722 123 759 261 487 720 31 398 163 427 516 215 91 111 121 111 244 868 117 822 955 260 438 421 326 200 872 731 42 664 11 932 586 75 444 154 960 227 813 654 527 662 802 850 603 224 693 969 888 84 609 365 754 480 639 761 351 661 0 707 192 259 
39 88 808 881 14 621 971 870 600 904 489 352 681 458 379 623 295 276 713 680 391 222 346 999 183 142 518 511 543 25 970 641 408 586 6 631 847 193 143 80 717 683 733 87 254 339 1 679 953 623 652 492 706 141 152 763 458 244 268 786 412 889 3 135 646 457 707 0 477 598 
487 766 822 119 115 159 396 636 806 3 753 593 409 15 148 59 968 554 126 840 267 186 186 737 356 415 349 301 291 274 960 524 793 249 478 766 525 947 663 658 835 527 212 895 602 961 819 847 993 683 177 643 390 582 324 599 597 794 225 117 259 469 320 421 352 443 192 477 0 91 
847 534 823 452 937 713 350 481 239 399 888 860 634 960 35 119 713 204 911 796 117 417 803 579 11 755 117 150 889 156 463 183 914 89 88 17 622 355 717 946 18 12 419 976 353 134 94 71 461 232 920 75 107 540 151 110 470 986 438 464 899 19 795 877 680 271 259 598 91 0 
