20
0 141 399 129 398 166 151 239 134 982 927 895 394 661 922 91 67 465 194 11 
141 0 899 862 21 322 202 409 830 294 949 966 532 797 458 930 278 207 447 428 
399 899 0 445 932 761 371 826 154 31 99 245 450 915 790 812 813 651 832 486 
129 862 445 0 204 240 316 497 540 633 381 337 443 662 614 649 109 393 94 392 
398 21 932 204 0 153 816 218 306 199 668 902 648 935 691 459 747 693 643 585 
166 322 761 240 153 0 897 234 252 745 774 236 125 110 678 787 75 327 247 467 
151 202 371 316 816 897 0 772 990 619 587 559 924 137 227 178 784 161 868 595 
239 409 826 497 218 234 772 0 259 913 237 843 809 470 446 553 243 682 30 704 
134 830 154 540 306 252 990 259 0 359 168 778 37 766 596 808 755 214 747 314 
982 294 31 633 199 745 619 913 359 0 490 883 540 667 19 52 886 613 310 150 
927 949 99 381 668 774 587 237 168 490 0 201 505 958 670 950 863 265 631 892 
895 966 245 337 902 236 559 843 778 883 201 0 320 342 411 450 378 176 45 538 
394 532 450 443 648 125 924 809 37 540 505 320 0 930 611 636 243 100 870 134 
661 797 915 662 935 110 137 470 766 667 958 342 930 0 118 888 185 355 852 847 
922 458 790 614 691 678 227 446 596 19 670 411 611 118 0 505 52 351 814 74 
91 930 812 649 459 787 178 553 808 52 950 450 636 888 505 0 652 676 338 635 
67 278 813 109 747 75 784 243 755 886 863 378 243 185 52 652 0 919 657 976 
465 207 651 393 693 327 161 682 214 613 265 176 100 355 351 676 919 0 329 106 
194 447 832 94 643 247 868 30 747 310 631 45 870 852 814 338 657 329 0 705 
11 428 486 392 585 467 595 704 314 150 892 538 134 847 74 635 976 106 705 0 
