100
0 519 105 736 375 229 774 494 321 242 831 73 679 597 172 939 698 346 412 411 313 337 912 413 930 387 910 540 237 357 688 970 875 793 57 602 373 183 95 693 424 925 117 454 522 288 393 571 633 804 981 297 140 244 709 70 982 970 961 571 326 649 540 200 441 948 153 813 130 247 857 906 172 973 359 45 260 751 615 244 907 947 540 398 191 600 819 524 569 780 94 246 780 985 445 220 933 950 384 414 
519 0 196 592 319 719 564 678 763 823 780 729 418 38 676 957 436 218 908 254 93 476 33 187 721 812 171 517 383 455 466 118 221 14 709 539 732 272 568 847 446 700 575 863 737 602 171 172 171 78 426 264 905 458 802 977 622 324 494 356 779 311 474 999 324 534 889 408 158 457 254 603 156 180 818 892 134 340 416 304 418 841 919 674 650 720 651 623 396 496 979 526 806 804 876 482 337 764 889 494 
105 196 0 572 142 449 79 321 266 323 454 605 738 110 374 930 380 400 579 100 50 202 847 545 532 372 702 335 247 183 671 362 71 165 934 564 613 12 237 230 686 42 834 423 151 560 352 531 311 283 982 360 836 828 256 367 551 957 701 797 492 371 158 914 535 443 478 499 807 66 728 492 107 914 267 610 825 970 140 135 252 473 494 87 652 101 453 202 409 153 350 252 876 507 166 410 302 995 909 108 
736 592 572 0 60 988 599 518 901 865 127 725 187 618 859 438 90 704 877 93 156 329 294 565 834 643 816 709 502 333 470 803 327 730 910 738 718 860 256 970 77 382 695 263 1000 905 700 441 961 928 534 116 609 179 32 442 174 200 502 27 532 971 181 859 53 442 596 770 301 203 739 729 585 785 991 936 42 43 728 354 970 613 821 578 144 853 371 317 52 872 343 935 195 875 793 247 316 741 368 616 
375 319 142 60 0 943 458 345 879 243 687 166 636 729 246 341 51 858 161 628 1 365 999 669 768 222 363 703 416 237 847 14 552 587 381 520 882 839 216 112 433 902 630 420 631 875 760 681 84 272 660 437 637 10 105 404 232 820 458 999 56 305 13 960 243 393 479 124 583 694 588 15 595 217 434 577 443 193 609 878 465 269 314 453 630 771 208 861 942 666 212 997 322 576 956 564 968 786 40 903 
229 719 449 988 943 0 831 979 917 426 547 351 354 989 895 315 218 711 583 884 515 564 6 723 777 947 740 988 943 61 563 251 976 882 388 367 784 219 345 53 996 891 403 701 231 649 15 449 712 949 684 226 513 689 300 289 635 39 276 929 451 190 531 779 423 919 145 207 489 490 259 484 732 13 184 963 13 199 763 724 499 446 950 11 134 249 299 768 640 926 48 90 115 579 220 538 497 365 96 985 
774 564 79 599 458 831 0 206 706 820 937 718 355 251 730 905 13 806 404 458 755 414 943 355 65 62 994 990 110 436 457 688 655 346 536 371 441 872 928 146 43 865 215 397 115 296 302 480 101 57 289 855 822 232 562 886 293 907 228 754 342 684 793 349 29 328 71 821 551 999 318 593 215 884 990 329 179 643 160 280 51 449 486 872 32 399 758 676 306 337 430 999 20 222 699 400 902 770 220 452 
494 678 321 518 345 979 206 0 120 889 397 334 772 386 14 950 380 174 581 430 974 419 653 5 817 762 680 122 98 461 121 117 683 819 868 936 940 439 739 59 327 135 392 450 872 758 752 251 931 332 32 904 102 37 260 919 798 939 392 896 400 864 364 434 35 584 721 974 22 459 385 701 594 776 150 465 533 901 68 815 585 99 70 686 487 329 956 285 620 348 532 19 211 247 804 597 830 524 571 204 
321 763 266 901 879 917 706 120 0 982 955 904 927 82 53 392 967 306 459 781 890 909 203 927 396 531 883 680 150 582 563 520 144 809 323 741 991 198 663 194 532 617 97 458 50 501 849 16 158 307 149 47 568 351 326 963 881 560 994 383 141 908 902 636 68 577 728 58 774 390 603 305 6 51 763 408 552 963 423 61 622 923 108 189 273 785 503 506 344 496 240 836 403 141 823 470 69 551 880 843 
242 823 323 865 243 426 820 889 982 0 940 482 499 298 885 613 705 788 576 479 848 197 402 307 737 26 91 239 531 786 86 122 621 840 263 796 309 683 346 540 877 637 374 376 934 258 340 990 397 915 469 244 463 222 551 551 247 993 789 130 779 874 251 751 713 865 546 374 548 891 265 424 528 638 151 813 247 491 803 643 757 623 887 572 844 789 122 442 781 263 923 559 488 526 310 201 390 207 926 289 
831 780 454 127 687 547 937 397 955 940 0 450 542 65 329 180 567 141 778 57 295 773 166 917 11 89 112 799 210 906 931 824 828 490 312 353 151 864 95 709 789 383 158 682 799 486 861 366 627 991 422 921 763 939 190 773 27 653 571 589 558 853 412 386 342 75 738 844 938 184 553 78 567 62 760 365 548 972 82 526 962 856 798 724 794 987 848 173 640 770 761 549 623 524 934 316 599 24 160 536 
73 729 605 725 166 351 718 334 904 482 450 0 207 64 966 125 477 725 842 24 696 923 901 658 778 699 733 924 37 933 96 28 702 208 577 324 83 862 640 681 885 151 569 444 566 534 920 42 610 113 418 305 36 318 314 165 368 399 440 405 331 887 432 384 446 8 708 529 870 699 561 106 201 129 901 118 14 821 511 975 933 928 280 320 598 945 837 965 695 628 721 377 515 153 761 960 512 468 488 733 
679 418 738 187 636 354 355 772 927 499 542 207 0 518 401 191 718 529 91 187 895 263 697 869 548 977 500 219 926 797 407 242 491 35 963 868 549 467 628 860 330 447 700 415 316 100 605 385 980 47 571 874 662 267 95 561 595 594 779 520 390 186 762 233 220 724 452 120 190 431 979 871 229 678 285 544 129 889 928 109 288 850 982 301 468 428 861 63 22 639 582 763 176 343 347 395 66 798 866 607 
597 38 110 618 729 989 251 386 82 298 65 64 518 0 228 845 478 456 874 762 351 3 3 630 111 642 479 444 942 947 872 802 9 245 792 942 7 968 285 706 714 702 503 580 309 83 776 138 538 649 251 241 3 605 870 465 246 701 909 539 647 132 692 7 376 484 300 734 451 584 439 164 286 294 743 946 376 518 435 265 519 685 505 873 642 375 338 239 75 598 778 73 729 821 431 104 304 730 189 106 
172 676 374 859 246 895 730 14 53 885 329 966 401 228 0 666 980 270 951 273 364 248 648 234 682 912 104 718 769 976 711 143 313 950 569 262 79 993 990 899 423 445 555 504 634 660 169 965 281 471 237 997 718 884 582 751 147 685 821 915 12 531 409 677 480 329 938 910 321 928 809 95 724 715 599 709 374 119 673 655 590 909 651 659 144 232 410 643 268 582 557 279 112 318 955 944 646 245 205 967 
939 957 930 438 341 315 905 950 392 613 180 125 191 845 666 0 172 365 61 247 79 11 956 453 130 628 459 719 537 461 729 680 692 490 674 311 71 231 589 535 900 896 478 545 492 682 511 663 47 924 909 477 286 216 929 415 844 387 485 380 847 214 411 890 703 85 552 774 667 493 660 566 388 137 110 879 170 973 893 568 248 153 45 533 369 325 300 564 64 784 943 910 997 705 152 52 141 703 177 807 
698 436 380 90 51 218 13 380 967 705 567 477 718 478 980 172 0 195 836 724 934 324 834 164 845 158 408 413 757 913 809 289 633 133 588 196 196 724 490 458 72 194 961 123 335 663 299 493 210 486 217 495 809 402 659 654 911 418 418 667 330 226 307 314 710 247 509 258 970 350 715 41 544 675 516 230 689 814 74 250 652 290 745 460 43 755 465 953 172 882 619 854 107 278 167 169 524 28 426 493 
346 218 400 704 858 711 806 174 306 788 141 725 529 456 270 365 195 0 377 140 885 272 166 400 853 206 566 927 456 217 216 552 28 259 306 493 563 829 374 182 34 833 459 553 1 334 580 778 826 308 917 62 932 434 462 784 991 379 62 446 595 278 349 622 888 654 114 802 835 840 335 868 672 793 420 24 478 351 801 655 11 69 717 294 854 530 77 844 908 139 642 502 768 990 475 7 996 941 808 182 
412 908 579 877 161 583 404 581 459 576 778 842 91 874 951 61 836 377 0 780 143 49 803 287 821 178 117 523 978 771 533 398 487 826 251 16 255 94 923 745 87 776 864 77 251 870 424 543 29 605 322 523 5 476 162 825 653 278 700 982 48 584 379 887 762 629 902 16 74 825 112 161 952 975 589 202 196 12 96 576 968 769 451 324 244 612 149 896 241 200 229 640 783 607 526 544 235 428 911 309 
411 254 100 93 628 884 458 430 781 479 57 24 187 762 273 247 724 140 780 0 604 22 821 555 348 409 109 543 772 204 119 91 973 921 414 568 532 914 816 124 113 44 763 248 651 641 791 237 68 54 897 23 75 717 929 423 477 389 317 600 945 787 42 269 707 456 836 238 721 651 713 186 47 476 433 697 116 575 933 535 628 830 909 703 898 837 477 727 578 793 678 522 580 720 790 286 527 625 876 247 
313 93 50 156 1 515 755 974 890 848 295 696 895 351 364 79 934 885 143 604 0 628 588 432 674 415 216 722 882 791 6 768 418 187 28 472 85 865 948 163 794 741 840 315 672 559 456 309 85 432 184 684 59 124 467 84 890 683 157 124 825 163 891 242 349 919 714 785 135 13 299 928 105 139 594 776 49 49 85 486 480 620 169 891 95 987 326 985 21 483 108 845 645 350 87 345 620 152 482 106 
337 476 202 329 365 564 414 419 909 197 773 923 263 3 248 11 324 272 49 22 628 0 164 780 385 269 918 978 44 319 378 480 804 858 452 324 100 546 310 425 882 331 907 341 175 903 691 613 600 662 764 81 768 280 860 152 548 130 482 943 800 859 423 603 68 226 926 167 771 587 944 5 269 850 345 796 105 387 408 704 49 524 784 816 803 995 319 702 476 800 644 275 11 418 877 78 643 154 597 766 
912 33 847 294 999 6 943 653 203 402 166 901 697 3 648 956 834 166 803 821 588 164 0 93 540 770 713 741 114 508 845 501 268 900 901 791 683 68 945 30 386 646 505 538 641 132 900 59 360 977 53 866 925 818 958 816 939 670 557 405 530 753 257 797 653 157 939 687 224 235 68 609 880 573 498 872 56 397 930 415 726 335 280 650 152 237 466 443 259 374 847 788 478 103 936 130 259 874 169 834 
413 187 545 565 669 723 355 5 927 307 917 658 869 630 234 453 164 400 287 555 432 780 93 0 108 236 794 339 808 292 210 863 40 492 630 765 826 909 767 329 498 584 123 756 309 969 895 786 423 182 916 33 55 84 866 514 671 660 204 479 303 765 693 342 256 674 107 433 583 225 114 80 808 236 187 116 205 433 253 979 614 168 12 668 603 877 533 274 536 88 104 838 852 148 532 460 822 990 244 404 
930 721 532 834 768 777 65 817 396 737 11 778 548 111 682 130 845 853 821 348 674 385 540 108 0 214 357 835 373 593 373 840 149 805 92 479 418 612 490 437 214 367 969 839 254 56 942 444 259 442 327 718 263 316 314 18 529 670 204 253 614 576 92 114 380 535 593 797 146 82 233 360 800 553 550 406 960 844 201 570 285 527 288 899 842 953 268 722 622 471 974 588 398 417 701 777 951 645 925 449 
387 812 372 643 222 947 62 762 531 26 89 699 977 642 912 628 158 206 178 409 415 269 770 236 214 0 79 509 808 878 413 709 635 372 552 187 293 836 713 932 734 906 884 353 979 506 823 304 93 220 720 145 348 23 790 624 471 868 132 630 97 544 338 84 267 890 270 560 77 335 843 163 240 727 515 571 232 690 874 676 909 946 172 609 968 961 232 790 180 716 419 277 611 108 360 878 349 981 789 426 
910 171 702 816 363 740 994 680 883 91 112 733 500 479 104 459 408 566 117 109 216 918 713 794 357 79 0 315 983 588 907 709 454 477 292 143 350 967 52 295 139 12 614 451 243 403 631 310 173 259 921 281 970 150 981 950 290 406 617 272 345 523 981 799 351 272 941 52 591 344 347 729 355 312 531 950 715 161 259 239 771 531 871 740 680 852 690 969 257 658 241 954 532 221 752 882 844 44 933 434 
540 517 335 709 703 988 990 122 680 239 799 924 219 444 718 719 413 927 523 543 722 978 741 339 835 509 315 0 388 631 514 94 295 45 395 9 557 6 599 328 536 470 67 216 321 108 536 577 117 776 530 648 348 633 881 192 677 166 625 416 796 139 509 442 535 256 450 443 261 401 770 148 870 189 363 190 648 251 118 765 26 1000 764 726 632 645 917 308 162 893 75 309 383 584 751 917 839 552 712 451 
237 383 247 502 416 943 110 98 150 531 210 37 926 942 769 537 757 456 978 772 882 44 114 808 373 808 983 388 0 952 481 598 821 21 313 10 21 563 480 137 940 479 900 665 110 896 581 770 57 826 844 366 208 779 468 477 969 19 188 419 971 668 369 791 41 681 153 61 595 632 549 534 110 800 199 571 696 131 692 104 956 888 821 516 666 288 992 987 307 179 405 277 198 773 419 590 805 923 650 399 
357 455 183 333 237 61 436 461 582 786 906 933 797 947 976 461 913 217 771 204 791 319 508 292 593 878 588 631 952 0 554 550 285 15 350 835 938 397 965 629 500 273 516 673 788 534 960 131 520 618 309 276 246 858 401 17 448 205 939 449 956 493 999 240 859 348 74 796 744 390 777 595 14 644 267 153 529 579 283 48 196 591 676 794 449 76 810 248 632 748 696 939 592 694 530 803 393 955 950 136 
688 466 671 470 847 563 457 121 563 86 931 96 407 872 711 729 809 216 533 119 6 378 845 210 373 413 907 514 481 554 0 345 726 731 710 722 349 863 250 927 145 650 475 88 325 620 536 752 429 135 735 528 830 674 472 524 203 274 916 158 223 404 854 949 486 563 670 834 425 271 113 570 920 939 9 244 558 896 347 338 30 82 865 859 755 336 382 309 609 650 818 832 53 671 132 890 586 153 723 362 
970 118 362 803 14 251 688 117 520 122 824 28 242 802 143 680 289 552 398 91 768 480 501 863 840 709 709 94 598 550 345 0 775 187 283 695 125 291 290 682 186 637 19 215 70 236 74 176 571 807 484 532 456 302 715 860 324 198 749 261 350 824 623 476 10 905 170 135 196 812 168 381 448 539 596 869 774 21 44 344 827 527 227 635 180 941 846 856 138 595 116 839 770 738 315 779 643 836 265 838 
875 221 71 327 552 976 655 683 144 621 828 702 491 9 313 692 633 28 487 973 418 804 268 40 149 635 454 295 821 285 726 775 0 647 785 570 446 323 517 314 96 537 357 439 364 236 18 350 415 958 195 622 96 141 738 286 910 475 952 41 469 788 657 658 434 441 580 880 763 96 193 858 633 550 649 348 137 666 697 551 623 891 173 70 32 262 708 293 88 659 333 557 446 342 566 880 782 145 111 545 
793 14 165 730 587 882 346 819 809 840 490 208 35 245 950 490 133 259 826 921 187 858 900 492 805 372 477 45 21 15 731 187 647 0 241 303 754 225 204 754 572 340 419 268 243 394 158 767 815 541 28 522 834 115 181 518 23 978 859 589 209 993 85 319 889 677 622 994 901 177 748 472 869 166 91 111 911 601 877 726 141 256 599 326 722 131 196 745 109 406 685 317 398 769 636 638 798 609 632 698 
57 709 934 910 381 388 536 868 323 263 312 577 963 792 569 674 588 306 251 414 28 452 901 630 92 552 292 395 313 350 710 283 785 241 0 137 379 522 5 896 612 467 807 212 695 884 705 950 482 382 672 965 929 768 73 335 452 741 84 572 376 74 369 336 705 419 473 435 940 829 330 903 296 488 467 342 723 523 644 557 904 667 521 185 434 593 519 237 685 954 160 413 27 881 748 83 299 572 517 590 
602 539 564 738 520 367 371 936 741 796 353 324 868 942 262 311 196 493 16 568 472 324 791 765 479 187 143 9 10 835 722 695 570 303 137 0 753 199 844 48 38 310 741 761 832 384 317 88 50 837 272 483 781 142 71 465 447 231 877 474 111 977 908 761 548 425 350 300 975 193 699 12 855 792 772 38 175 88 477 225 276 100 59 56 241 482 873 40 712 749 513 174 725 772 934 625 196 635 276 170 
373 732 613 718 882 784 441 940 991 309 151 83 549 7 79 71 196 563 255 532 85 100 683 826 418 293 350 557 21 938 349 125 446 754 379 753 0 179 327 182 33 118 953 423 292 393 899 868 668 999 279 76 591 760 948 630 823 48 494 996 125 266 281 749 813 915 24 983 445 702 516 830 819 820 252 111 564 150 330 232 148 960 659 91 719 606 720 893 653 566 240 777 831 520 877 643 786 253 977 231 
183 272 12 860 839 219 872 439 198 683 864 862 467 968 993 231 724 829 94 914 865 546 68 909 612 836 967 6 563 397 863 291 323 225 522 199 179 0 954 844 60 773 664 311 235 227 812 916 810 312 876 468 402 946 425 473 839 78 38 430 206 220 950 83 215 87 335 191 317 640 387 728 764 50 390 998 628 202 266 790 865 141 257 266 438 34 90 628 111 480 58 668 699 7 750 913 445 436 456 762 
95 568 237 256 216 345 928 739 663 346 95 640 628 285 990 589 490 374 923 816 948 310 945 767 490 713 52 599 480 965 250 290 517 204 5 844 327 954 0 428 842 841 191 243 231 541 222 784 806 11 648 946 620 265 735 653 354 363 115 833 420 782 884 778 884 796 222 671 603 335 98 444 176 641 38 406 181 260 189 986 622 188 283 241 452 17 245 157 379 359 342 150 493 225 927 728 372 501 398 975 
693 847 230 970 112 53 146 59 194 540 709 681 860 706 899 535 458 182 745 124 163 425 30 329 437 932 295 328 137 629 927 682 314 754 896 48 182 844 428 0 835 848 770 10 488 808 767 668 419 955 5 40 142 639 633 945 655 877 102 386 588 443 887 80 19 814 159 390 666 556 716 500 755 486 510 242 645 276 261 415 583 265 454 76 255 86 21 910 315 122 647 902 916 533 333 934 698 491 323 363 
424 446 686 77 433 996 43 327 532 877 789 885 330 714 423 900 72 34 87 113 794 882 386 498 214 734 139 536 940 500 145 186 96 572 612 38 33 60 842 835 0 398 391 863 153 228 724 746 872 351 7 286 285 623 91 361 878 529 381 139 843 854 785 96 121 669 780 54 367 270 728 729 19 118 943 171 345 666 917 568 369 275 205 653 897 648 13 126 176 745 264 370 950 400 465 70 69 244 123 435 
925 700 42 382 902 891 865 135 617 637 383 151 447 702 445 896 194 833 776 44 741 331 646 584 367 906 12 470 479 273 650 637 537 340 467 310 118 773 841 848 398 0 865 203 515 883 672 458 406 17 475 674 936 195 300 141 848 196 788 212 674 315 957 937 684 258 337 148 328 757 743 802 543 959 4 57 193 676 866 598 44 693 623 979 887 922 471 734 470 610 298 495 924 254 431 607 511 119 754 190 
117 575 834 695 630 403 215 392 97 374 158 569 700 503 555 478 961 459 864 763 840 907 505 123 969 884 614 67 900 516 475 19 357 419 807 741 953 664 191 770 391 865 0 875 848 992 417 806 347 826 999 22 691 948 417 735 571 396 622 844 218 707 665 828 4 159 751 609 942 358 120 60 463 661 287 311 652 55 468 999 880 466 372 923 414 141 657 336 888 278 531 105 337 196 932 340 706 35 949 647 
454 863 423 263 420 701 397 450 458 376 682 444 415 580 504 545 123 553 77 248 315 341 538 756 839 353 451 216 665 673 88 215 439 268 212 761 423 311 243 10 863 203 875 0 392 420 59 206 432 345 516 84 399 984 434 631 801 157 553 566 297 561 901 536 191 784 641 527 331 924 218 36 958 518 35 349 289 93 907 721 789 422 156 539 757 941 169 910 97 73 475 746 634 728 633 824 511 273 702 841 
522 737 151 1000 631 231 115 872 50 934 799 566 316 309 634 492 335 1 251 651 672 175 641 309 254 979 243 321 110 788 325 70 364 243 695 832 292 235 231 488 153 515 848 392 0 197 919 228 506 789 262 207 77 354 113 797 142 886 304 681 995 244 201 904 693 274 730 790 259 457 422 434 319 695 135 159 243 405 387 100 193 648 306 622 354 418 418 847 656 722 879 650 317 80 553 9 705 634 798 315 
288 602 560 905 875 649 296 758 501 258 486 534 100 83 660 682 663 334 870 641 559 903 132 969 56 506 403 108 896 534 620 236 236 394 884 384 393 227 541 808 228 883 992 420 197 0 91 572 748 409 618 234 920 212 990 658 311 183 657 617 804 10 386 573 857 41 646 87 42 963 166 946 323 222 580 473 536 22 44 635 430 661 868 701 872 858 710 182 392 367 150 547 728 888 119 936 928 117 23 322 
393 171 352 700 760 15 302 752 849 340 861 920 605 776 169 511 299 580 424 791 456 691 900 895 942 823 631 536 581 960 536 74 18 158 705 317 899 812 222 767 724 672 417 59 919 91 0 79 188 267 753 762 846 225 649 867 268 284 649 280 503 701 151 712 411 685 455 777 186 1 504 73 472 440 353 588 814 674 18 353 940 770 114 138 995 763 4 614 398 4 894 252 705 44 964 115 80 770 243 266 
571 172 531 441 681 449 480 251 16 990 366 42 385 138 965 663 493 778 543 237 309 613 59 786 444 304 310 577 770 131 752 176 350 767 950 88 868 916 784 668 746 458 806 206 228 572 79 0 771 98 338 594 889 42 181 702 715 550 55 7 319 520 144 665 282 499 279 31 503 172 283 559 567 598 673 647 367 915 264 489 364 953 82 253 995 614 954 709 163 360 67 834 880 210 498 513 709 128 544 563 
633 171 311 961 84 712 101 931 158 397 627 610 980 538 281 47 210 826 29 68 85 600 360 423 259 93 173 117 57 520 429 571 415 815 482 50 668 810 806 419 872 406 347 432 506 748 188 771 0 651 178 121 218 775 145 216 493 411 479 982 774 431 415 26 777 29 332 486 543 691 552 376 570 114 226 83 174 353 978 736 356 155 856 573 281 1000 140 773 410 970 106 535 752 521 561 529 901 892 366 443 
804 78 283 928 272 949 57 332 307 915 991 113 47 649 471 924 486 308 605 54 432 662 977 182 442 220 259 776 826 618 135 807 958 541 382 837 999 312 11 955 351 17 826 345 789 409 267 98 651 0 934 269 819 504 382 396 938 555 100 267 642 455 421 849 379 53 200 518 177 961 839 283 496 591 155 56 471 55 299 836 497 232 104 667 87 838 414 376 744 514 642 386 968 414 234 347 466 434 216 995 
981 426 982 534 660 684 289 32 149 469 422 418 571 251 237 909 217 917 322 897 184 764 53 916 327 720 921 530 844 309 735 484 195 28 672 272 279 876 648 5 7 475 999 516 262 618 753 338 178 934 0 746 55 277 241 997 431 648 467 837 298 302 333 882 757 352 968 594 765 696 690 278 337 75 598 103 660 944 568 445 511 562 191 565 190 431 561 972 431 379 808 728 680 493 609 789 196 929 734 960 
297 264 360 116 437 226 855 904 47 244 921 305 874 241 997 477 495 62 523 23 684 81 866 33 718 145 281 648 366 276 528 532 622 522 965 483 76 468 946 40 286 674 22 84 207 234 762 594 121 269 746 0 624 423 590 312 497 187 414 157 482 334 953 344 247 143 909 437 926 821 760 356 200 568 83 231 412 44 371 607 324 105 918 947 527 507 610 376 45 24 884 878 709 836 222 955 331 482 743 256 
140 905 836 609 637 513 822 102 568 463 763 36 662 3 718 286 809 932 5 75 59 768 925 55 263 348 970 348 208 246 830 456 96 834 929 781 591 402 620 142 285 936 691 399 77 920 846 889 218 819 55 624 0 654 503 611 205 422 45 436 185 440 158 791 763 262 708 61 141 567 671 868 611 46 751 841 754 938 62 60 268 543 155 523 196 9 485 401 430 882 188 966 321 697 756 84 959 815 144 451 
244 458 828 179 10 689 232 37 351 222 939 318 267 605 884 216 402 434 476 717 124 280 818 84 316 23 150 633 779 858 674 302 141 115 768 142 760 946 265 639 623 195 948 984 354 212 225 42 775 504 277 423 654 0 381 166 318 344 563 420 184 668 709 245 728 977 139 234 851 686 242 688 86 23 569 625 988 889 322 95 972 632 909 468 434 642 985 103 985 548 874 520 215 582 764 294 910 254 527 761 
709 802 256 32 105 300 562 260 326 551 190 314 95 870 582 929 659 462 162 929 467 860 958 866 314 790 981 881 468 401 472 715 738 181 73 71 948 425 735 633 91 300 417 434 113 990 649 181 145 382 241 590 503 381 0 939 120 448 377 142 368 353 129 256 26 223 580 657 484 399 442 125 383 544 461 282 417 980 497 999 95 142 260 348 21 20 638 140 819 14 282 186 367 762 794 744 337 373 753 820 
70 977 367 442 404 289 886 919 963 551 773 165 561 465 751 415 654 784 825 423 84 152 816 514 18 624 950 192 477 17 524 860 286 518 335 465 630 473 653 945 361 141 735 631 797 658 867 702 216 396 997 312 611 166 939 0 771 194 296 153 90 756 435 506 735 283 856 181 776 116 528 796 487 165 936 658 531 569 843 249 330 988 992 18 360 744 189 130 290 484 635 379 591 421 236 677 55 444 857 830 
982 622 551 174 232 635 293 798 881 247 27 368 595 246 147 844 911 991 653 477 890 548 939 671 529 471 290 677 969 448 203 324 910 23 452 447 823 839 354 655 878 848 571 801 142 311 268 715 493 938 431 497 205 318 120 771 0 559 736 978 397 901 913 54 783 833 249 383 514 236 374 532 948 470 720 77 759 556 63 137 146 835 372 823 241 815 31 423 725 767 400 474 667 664 527 801 496 127 183 9 
970 324 957 200 820 39 907 939 560 993 653 399 594 701 685 387 418 379 278 389 683 130 670 660 670 868 406 166 19 205 274 198 475 978 741 231 48 78 363 877 529 196 396 157 886 183 284 550 411 555 648 187 422 344 448 194 559 0 715 908 540 662 377 612 90 487 519 153 623 664 339 347 838 932 513 869 354 590 635 753 63 653 416 941 805 911 68 987 271 782 246 163 443 623 774 884 109 644 388 84 
961 494 701 502 458 276 228 392 994 789 571 440 779 909 821 485 418 62 700 317 157 482 557 204 204 132 617 625 188 939 916 749 952 859 84 877 494 38 115 102 381 788 622 553 304 657 649 55 479 100 467 414 45 563 377 296 736 715 0 307 727 782 497 658 294 717 363 883 703 115 297 355 882 238 511 144 657 497 414 790 94 576 584 716 701 467 177 344 855 612 3 581 393 851 590 38 567 952 273 269 
571 356 797 27 999 929 754 896 383 130 589 405 520 539 915 380 667 446 982 600 124 943 405 479 253 630 272 416 419 449 158 261 41 589 572 474 996 430 833 386 139 212 844 566 681 617 280 7 982 267 837 157 436 420 142 153 978 908 307 0 418 569 975 651 158 485 794 814 333 559 603 426 135 186 494 187 653 22 531 507 633 885 439 377 735 380 766 301 683 38 921 452 959 895 102 116 379 895 930 63 
326 779 492 532 56 451 342 400 141 779 558 331 390 647 12 847 330 595 48 945 825 800 530 303 614 97 345 796 971 956 223 350 469 209 376 111 125 206 420 588 843 674 218 297 995 804 503 319 774 642 298 482 185 184 368 90 397 540 727 418 0 453 884 488 939 70 333 126 74 354 8 932 338 892 722 714 978 101 480 278 135 869 550 586 827 444 687 943 174 933 224 588 737 107 75 28 528 408 153 601 
649 311 371 971 305 190 684 864 908 874 853 887 186 132 531 214 226 278 584 787 163 859 753 765 576 544 523 139 668 493 404 824 788 993 74 977 266 220 782 443 854 315 707 561 244 10 701 520 431 455 302 334 440 668 353 756 901 662 782 569 453 0 113 512 884 451 403 605 516 380 57 995 9 191 864 558 128 42 353 814 984 878 98 207 465 835 666 891 214 193 650 366 146 763 877 29 565 631 986 80 
540 474 158 181 13 531 793 364 902 251 412 432 762 692 409 411 307 349 379 42 891 423 257 693 92 338 981 509 369 999 854 623 657 85 369 908 281 950 884 887 785 957 665 901 201 386 151 144 415 421 333 953 158 709 129 435 913 377 497 975 884 113 0 362 42 427 722 585 642 631 712 683 335 878 667 564 975 225 28 161 890 270 374 435 272 91 580 386 319 960 950 301 297 381 662 339 807 735 275 448 
200 999 914 859 960 779 349 434 636 751 386 384 233 7 677 890 314 622 887 269 242 603 797 342 114 84 799 442 791 240 949 476 658 319 336 761 749 83 778 80 96 937 828 536 904 573 712 665 26 849 882 344 791 245 256 506 54 612 658 651 488 512 362 0 365 986 483 699 863 501 262 838 725 641 350 967 263 724 753 534 166 684 919 485 643 220 785 292 600 799 630 759 533 904 206 250 241 40 948 104 
441 324 535 53 243 423 29 35 68 713 342 446 220 376 480 703 710 888 762 707 349 68 653 256 380 267 351 535 41 859 486 10 434 889 705 548 813 215 884 19 121 684 4 191 693 857 411 282 777 379 757 247 763 728 26 735 783 90 294 158 939 884 42 365 0 540 562 293 265 554 642 583 168 717 335 701 883 18 971 719 12 190 503 303 142 301 284 900 186 539 457 435 780 497 734 883 36 647 527 652 
948 534 443 442 393 919 328 584 577 865 75 8 724 484 329 85 247 654 629 456 919 226 157 674 535 890 272 256 681 348 563 905 441 677 419 425 915 87 796 814 669 258 159 784 274 41 685 499 29 53 352 143 262 977 223 283 833 487 717 485 70 451 427 986 540 0 553 520 586 720 237 272 421 471 289 743 189 653 285 43 955 426 696 591 677 881 129 133 667 908 981 400 142 369 399 20 372 951 540 958 
153 889 478 596 479 145 71 721 728 546 738 708 452 300 938 552 509 114 902 836 714 926 939 107 593 270 941 450 153 74 670 170 580 622 473 350 24 335 222 159 780 337 751 641 730 646 455 279 332 200 968 909 708 139 580 856 249 519 363 794 333 403 722 483 562 553 0 670 776 229 442 598 870 537 138 522 821 180 828 598 227 418 274 459 899 758 125 158 91 877 652 459 275 671 830 225 210 139 246 337 
813 408 499 770 124 207 821 974 58 374 844 529 120 734 910 774 258 802 16 238 785 167 687 433 797 560 52 443 61 796 834 135 880 994 435 300 983 191 671 390 54 148 609 527 790 87 777 31 486 518 594 437 61 234 657 181 383 153 883 814 126 605 585 699 293 520 670 0 368 688 934 589 224 423 462 396 603 289 993 181 59 618 640 957 375 116 466 817 992 117 275 618 788 457 194 349 595 440 686 314 
130 158 807 301 583 489 551 22 774 548 938 870 190 451 321 667 970 835 74 721 135 771 224 583 146 77 591 261 595 744 425 196 763 901 940 975 445 317 603 666 367 328 942 331 259 42 186 503 543 177 765 926 141 851 484 776 514 623 703 333 74 516 642 863 265 586 776 368 0 479 971 902 54 394 715 801 348 356 793 528 414 762 519 722 136 635 187 305 978 304 579 596 443 35 141 791 630 932 476 295 
247 457 66 203 694 490 999 459 390 891 184 699 431 584 928 493 350 840 825 651 13 587 235 225 82 335 344 401 632 390 271 812 96 177 829 193 702 640 335 556 270 757 358 924 457 963 1 172 691 961 696 821 567 686 399 116 236 664 115 559 354 380 631 501 554 720 229 688 479 0 410 799 549 815 192 263 615 539 618 759 66 31 520 585 104 8 571 643 312 548 298 890 495 740 277 636 530 258 567 358 
857 254 728 739 588 259 318 385 603 265 553 561 979 439 809 660 715 335 112 713 299 944 68 114 233 843 347 770 549 777 113 168 193 748 330 699 516 387 98 716 728 743 120 218 422 166 504 283 552 839 690 760 671 242 442 528 374 339 297 603 8 57 712 262 642 237 442 934 971 410 0 552 329 156 100 143 699 363 110 237 332 868 654 715 388 590 818 395 160 460 58 60 757 947 554 848 223 541 730 832 
906 603 492 729 15 484 593 701 305 424 78 106 871 164 95 566 41 868 161 186 928 5 609 80 360 163 729 148 534 595 570 381 858 472 903 12 830 728 444 500 729 802 60 36 434 946 73 559 376 283 278 356 868 688 125 796 532 347 355 426 932 995 683 838 583 272 598 589 902 799 552 0 108 87 384 788 594 835 282 292 549 391 880 881 611 533 595 350 475 412 96 634 224 153 45 332 451 599 532 674 
172 156 107 585 595 732 215 594 6 528 567 201 229 286 724 388 544 672 952 47 105 269 880 808 800 240 355 870 110 14 920 448 633 869 296 855 819 764 176 755 19 543 463 958 319 323 472 567 570 496 337 200 611 86 383 487 948 838 882 135 338 9 335 725 168 421 870 224 54 549 329 108 0 491 261 857 950 699 240 737 292 75 371 935 623 761 814 855 723 698 449 72 524 213 519 510 788 671 554 119 
973 180 914 785 217 13 884 776 51 638 62 129 678 294 715 137 675 793 975 476 139 850 573 236 553 727 312 189 800 644 939 539 550 166 488 792 820 50 641 486 118 959 661 518 695 222 440 598 114 591 75 568 46 23 544 165 470 932 238 186 892 191 878 641 717 471 537 423 394 815 156 87 491 0 122 504 650 147 995 262 3 944 960 595 33 603 21 403 537 995 515 702 850 590 752 298 661 275 510 180 
359 818 267 991 434 184 990 150 763 151 760 901 285 743 599 110 516 420 589 433 594 345 498 187 550 515 531 363 199 267 9 596 649 91 467 772 252 390 38 510 943 4 287 35 135 580 353 673 226 155 598 83 751 569 461 936 720 513 511 494 722 864 667 350 335 289 138 462 715 192 100 384 261 122 0 784 297 202 690 768 323 193 769 469 539 31 824 835 990 418 867 593 438 621 481 432 135 183 281 724 
45 892 610 936 577 963 329 465 408 813 365 118 544 946 709 879 230 24 202 697 776 796 872 116 406 571 950 190 571 153 244 869 348 111 342 38 111 998 406 242 171 57 311 349 159 473 588 647 83 56 103 231 841 625 282 658 77 869 144 187 714 558 564 967 701 743 522 396 801 263 143 788 857 504 784 0 286 931 737 912 792 268 696 89 469 385 208 144 929 976 964 468 6 787 302 348 556 520 940 993 
260 134 825 42 443 13 179 533 552 247 548 14 129 376 374 170 689 478 196 116 49 105 56 205 960 232 715 648 696 529 558 774 137 911 723 175 564 628 181 645 345 193 652 289 243 536 814 367 174 471 660 412 754 988 417 531 759 354 657 653 978 128 975 263 883 189 821 603 348 615 699 594 950 650 297 286 0 140 772 777 626 306 409 702 591 691 438 503 483 57 550 923 525 286 130 668 214 457 632 33 
751 340 970 43 193 199 643 901 963 491 972 821 889 518 119 973 814 351 12 575 49 387 397 433 844 690 161 251 131 579 896 21 666 601 523 88 150 202 260 276 666 676 55 93 405 22 674 915 353 55 944 44 938 889 980 569 556 590 497 22 101 42 225 724 18 653 180 289 356 539 363 835 699 147 202 931 140 0 815 770 334 162 326 205 453 670 344 224 798 322 530 207 23 472 249 460 974 731 868 875 
615 416 140 728 609 763 160 68 423 803 82 511 928 435 673 893 74 801 96 933 85 408 930 253 201 874 259 118 692 283 347 44 697 877 644 477 330 266 189 261 917 866 468 907 387 44 18 264 978 299 568 371 62 322 497 843 63 635 414 531 480 353 28 753 971 285 828 993 793 618 110 282 240 995 690 737 772 815 0 653 392 160 134 412 726 591 395 758 757 164 444 918 489 648 722 511 344 945 308 665 
244 304 135 354 878 724 280 815 61 643 526 975 109 265 655 568 250 655 576 535 486 704 415 979 570 676 239 765 104 48 338 344 551 726 557 225 232 790 986 415 568 598 999 721 100 635 353 489 736 836 445 607 60 95 999 249 137 753 790 507 278 814 161 534 719 43 598 181 528 759 237 292 737 262 768 912 777 770 653 0 826 866 687 650 115 498 975 845 365 850 850 108 361 983 519 86 925 913 196 33 
907 418 252 970 465 499 51 585 622 757 962 933 288 519 590 248 652 11 968 628 480 49 726 614 285 909 771 26 956 196 30 827 623 141 904 276 148 865 622 583 369 44 880 789 193 430 940 364 356 497 511 324 268 972 95 330 146 63 94 633 135 984 890 166 12 955 227 59 414 66 332 549 292 3 323 792 626 334 392 826 0 429 639 950 269 638 23 779 981 320 87 645 497 304 683 146 418 180 121 615 
947 841 473 613 269 446 449 99 923 623 856 928 850 685 909 153 290 69 769 830 620 524 335 168 527 946 531 1000 888 591 82 527 891 256 667 100 960 141 188 265 275 693 466 422 648 661 770 953 155 232 562 105 543 632 142 988 835 653 576 885 869 878 270 684 190 426 418 618 762 31 868 391 75 944 193 268 306 162 160 866 429 0 896 970 464 4 330 798 874 768 75 139 963 107 567 601 409 835 238 431 
540 919 494 821 314 950 486 70 108 887 798 280 982 505 651 45 745 717 451 909 169 784 280 12 288 172 871 764 821 676 865 227 173 599 521 59 659 257 283 454 205 623 372 156 306 868 114 82 856 104 191 918 155 909 260 992 372 416 584 439 550 98 374 919 503 696 274 640 519 520 654 880 371 960 769 696 409 326 134 687 639 896 0 966 571 102 52 567 599 707 250 744 125 429 864 739 325 833 202 680 
398 674 87 578 453 11 872 686 189 572 724 320 301 873 659 533 460 294 324 703 891 816 650 668 899 609 740 726 516 794 859 635 70 326 185 56 91 266 241 76 653 979 923 539 622 701 138 253 573 667 565 947 523 468 348 18 823 941 716 377 586 207 435 485 303 591 459 957 722 585 715 881 935 595 469 89 702 205 412 650 950 970 966 0 515 351 553 282 425 691 244 884 257 196 644 444 785 74 409 355 
191 650 652 144 630 134 32 487 273 844 794 598 468 642 144 369 43 854 244 898 95 803 152 603 842 968 680 632 666 449 755 180 32 722 434 241 719 438 452 255 897 887 414 757 354 872 995 995 281 87 190 527 196 434 21 360 241 805 701 735 827 465 272 643 142 677 899 375 136 104 388 611 623 33 539 469 591 453 726 115 269 464 571 515 0 176 812 922 774 518 171 869 994 951 733 732 627 917 285 306 
600 720 101 853 771 249 399 329 785 789 987 945 428 375 232 325 755 530 612 837 987 995 237 877 953 961 852 645 288 76 336 941 262 131 593 482 606 34 17 86 648 922 141 941 418 858 763 614 1000 838 431 507 9 642 20 744 815 911 467 380 444 835 91 220 301 881 758 116 635 8 590 533 761 603 31 385 691 670 591 498 638 4 102 351 176 0 431 988 211 64 412 901 659 647 510 854 290 953 639 716 
819 651 453 371 208 299 758 956 503 122 848 837 861 338 410 300 465 77 149 477 326 319 466 533 268 232 690 917 992 810 382 846 708 196 519 873 720 90 245 21 13 471 657 169 418 710 4 954 140 414 561 610 485 985 638 189 31 68 177 766 687 666 580 785 284 129 125 466 187 571 818 595 814 21 824 208 438 344 395 975 23 330 52 553 812 431 0 713 345 243 876 266 368 393 788 236 387 739 968 470 
524 623 202 317 861 768 676 285 506 442 173 965 63 239 643 564 953 844 896 727 985 702 443 274 722 790 969 308 987 248 309 856 293 745 237 40 893 628 157 910 126 734 336 910 847 182 614 709 773 376 972 376 401 103 140 130 423 987 344 301 943 891 386 292 900 133 158 817 305 643 395 350 855 403 835 144 503 224 758 845 779 798 567 282 922 988 713 0 717 237 755 375 19 94 585 83 857 837 741 504 
569 396 409 52 942 640 306 620 344 781 640 695 22 75 268 64 172 908 241 578 21 476 259 536 622 180 257 162 307 632 609 138 88 109 685 712 653 111 379 315 176 470 888 97 656 392 398 163 410 744 431 45 430 985 819 290 725 271 855 683 174 214 319 600 186 667 91 992 978 312 160 475 723 537 990 929 483 798 757 365 981 874 599 425 774 211 345 717 0 346 947 793 650 585 860 362 929 102 237 547 
780 496 153 872 666 926 337 348 496 263 770 628 639 598 582 784 882 139 200 793 483 800 374 88 471 716 658 893 179 748 650 595 659 406 954 749 566 480 359 122 745 610 278 73 722 367 4 360 970 514 379 24 882 548 14 484 767 782 612 38 933 193 960 799 539 908 877 117 304 548 460 412 698 995 418 976 57 322 164 850 320 768 707 691 518 64 243 237 346 0 469 982 334 705 720 424 24 189 141 612 
94 979 350 343 212 48 430 532 240 923 761 721 582 778 557 943 619 642 229 678 108 644 847 104 974 419 241 75 405 696 818 116 333 685 160 513 240 58 342 647 264 298 531 475 879 150 894 67 106 642 808 884 188 874 282 635 400 246 3 921 224 650 950 630 457 981 652 275 579 298 58 96 449 515 867 964 550 530 444 850 87 75 250 244 171 412 876 755 947 469 0 295 867 631 388 451 65 245 287 157 
246 526 252 935 997 90 999 19 836 559 549 377 763 73 279 910 854 502 640 522 845 275 788 838 588 277 954 309 277 939 832 839 557 317 413 174 777 668 150 902 370 495 105 746 650 547 252 834 535 386 728 878 966 520 186 379 474 163 581 452 588 366 301 759 435 400 459 618 596 890 60 634 72 702 593 468 923 207 918 108 645 139 744 884 869 901 266 375 793 982 295 0 100 985 103 244 634 687 104 348 
780 806 876 195 322 115 20 211 403 488 623 515 176 729 112 997 107 768 783 580 645 11 478 852 398 611 532 383 198 592 53 770 446 398 27 725 831 699 493 916 950 924 337 634 317 728 705 880 752 968 680 709 321 215 367 591 667 443 393 959 737 146 297 533 780 142 275 788 443 495 757 224 524 850 438 6 525 23 489 361 497 963 125 257 994 659 368 19 650 334 867 100 0 968 557 936 866 26 269 199 
985 804 507 875 576 579 222 247 141 526 524 153 343 821 318 705 278 990 607 720 350 418 103 148 417 108 221 584 773 694 671 738 342 769 881 772 520 7 225 533 400 254 196 728 80 888 44 210 521 414 493 836 697 582 762 421 664 623 851 895 107 763 381 904 497 369 671 457 35 740 947 153 213 590 621 787 286 472 648 983 304 107 429 196 951 647 393 94 585 705 631 985 968 0 82 988 975 457 529 467 
445 876 166 793 956 220 699 804 823 310 934 761 347 431 955 152 167 475 526 790 87 877 936 532 701 360 752 751 419 530 132 315 566 636 748 934 877 750 927 333 465 431 932 633 553 119 964 498 561 234 609 222 756 764 794 236 527 774 590 102 75 877 662 206 734 399 830 194 141 277 554 45 519 752 481 302 130 249 722 519 683 567 864 644 733 510 788 585 860 720 388 103 557 82 0 69 175 333 51 915 
220 482 410 247 564 538 400 597 470 201 316 960 395 104 944 52 169 7 544 286 345 78 130 460 777 878 882 917 590 803 890 779 880 638 83 625 643 913 728 934 70 607 340 824 9 936 115 513 529 347 789 955 84 294 744 677 801 884 38 116 28 29 339 250 883 20 225 349 791 636 848 332 510 298 432 348 668 460 511 86 146 601 739 444 732 854 236 83 362 424 451 244 936 988 69 0 135 115 511 421 
933 337 302 316 968 497 902 830 69 390 599 512 66 304 646 141 524 996 235 527 620 643 259 822 951 349 844 839 805 393 586 643 782 798 299 196 786 445 372 698 69 511 706 511 705 928 80 709 901 466 196 331 959 910 337 55 496 109 567 379 528 565 807 241 36 372 210 595 630 530 223 451 788 661 135 556 214 974 344 925 418 409 325 785 627 290 387 857 929 24 65 634 866 975 175 135 0 271 610 757 
950 764 995 741 786 365 770 524 551 207 24 468 798 730 245 703 28 941 428 625 152 154 874 990 645 981 44 552 923 955 153 836 145 609 572 635 253 436 501 491 244 119 35 273 634 117 770 128 892 434 929 482 815 254 373 444 127 644 952 895 408 631 735 40 647 951 139 440 932 258 541 599 671 275 183 520 457 731 945 913 180 835 833 74 917 953 739 837 102 189 245 687 26 457 333 115 271 0 726 205 
384 889 909 368 40 96 220 571 880 926 160 488 866 189 205 177 426 808 911 876 482 597 169 244 925 789 933 712 650 950 723 265 111 632 517 276 977 456 398 323 123 754 949 702 798 23 243 544 366 216 734 743 144 527 753 857 183 388 273 930 153 986 275 948 527 540 246 686 476 567 730 532 554 510 281 940 632 868 308 196 121 238 202 409 285 639 968 741 237 141 287 104 269 529 51 511 610 726 0 391 
414 494 108 616 903 985 452 204 843 289 536 733 607 106 967 807 493 182 309 247 106 766 834 404 449 426 434 451 399 136 362 838 545 698 590 170 231 762 975 363 435 190 647 841 315 322 266 563 443 995 960 256 451 761 820 830 9 84 269 63 601 80 448 104 652 958 337 314 295 358 832 674 119 180 724 993 33 875 665 33 615 431 680 355 306 716 470 504 547 612 157 348 199 467 915 421 757 205 391 0 
