40
0 378 99 105 986 562 374 451 474 421 332 765 349 409 678 113 997 707 474 172 124 343 945 72 154 289 444 905 208 277 335 98 6 785 554 992 347 927 442 172 
378 0 699 126 936 47 886 614 159 882 672 984 405 795 678 701 218 832 341 662 88 900 290 422 349 295 559 902 286 257 181 80 428 879 205 364 278 442 329 788 
99 699 0 675 1000 772 431 146 449 131 716 632 824 377 71 723 666 493 72 960 403 325 598 659 505 677 86 736 233 801 365 674 129 152 348 480 275 778 626 76 
105 126 675 0 260 341 707 83 69 778 158 86 622 229 397 24 905 994 34 410 670 119 497 254 272 861 927 400 12 626 232 639 403 209 714 15 901 420 97 321 
986 936 1000 260 0 549 254 406 170 834 802 545 739 148 578 500 169 49 348 423 320 208 349 71 571 975 654 209 729 862 922 743 114 694 192 434 242 797 839 764 
562 47 772 341 549 0 983 993 660 73 140 238 572 660 638 919 82 309 478 431 731 48 757 385 609 485 598 530 580 712 223 771 145 465 919 336 580 901 680 239 
374 886 431 707 254 983 0 973 171 828 896 830 465 166 912 773 643 342 856 43 450 240 651 286 837 180 865 548 755 987 45 571 258 380 150 158 59 388 483 229 
451 614 146 83 406 993 973 0 568 378 58 32 896 969 157 538 662 12 932 463 603 582 749 439 114 965 339 220 304 383 790 561 114 291 718 172 30 552 752 597 
474 159 449 69 170 660 171 568 0 282 161 981 177 482 137 66 495 500 998 958 102 931 706 892 396 22 230 615 325 612 756 885 725 46 955 248 428 858 999 24 
421 882 131 778 834 73 828 378 282 0 139 512 4 315 993 492 381 487 343 730 444 796 660 501 688 56 523 917 22 199 881 778 436 957 175 742 557 602 599 907 
332 672 716 158 802 140 896 58 161 139 0 978 738 418 333 404 410 825 784 897 519 865 692 315 525 193 354 932 67 270 305 617 502 82 52 811 609 145 367 562 
765 984 632 86 545 238 830 32 981 512 978 0 744 273 539 833 43 872 588 452 48 724 700 918 588 744 232 112 288 585 395 706 207 700 322 60 133 726 870 741 
349 405 824 622 739 572 465 896 177 4 738 744 0 870 588 655 965 861 193 149 255 416 737 58 463 460 758 381 47 853 964 511 140 549 257 845 107 956 518 166 
409 795 377 229 148 660 166 969 482 315 418 273 870 0 441 243 388 533 465 975 187 429 187 380 930 441 147 666 499 610 477 608 342 875 460 657 737 951 205 994 
678 678 71 397 578 638 912 157 137 993 333 539 588 441 0 147 663 301 16 181 741 259 568 626 75 542 812 855 729 543 784 521 690 801 371 651 277 978 992 504 
113 701 723 24 500 919 773 538 66 492 404 833 655 243 147 0 789 648 240 91 205 585 237 219 886 605 399 978 863 966 603 289 860 767 143 588 309 927 460 998 
997 218 666 905 169 82 643 662 495 381 410 43 965 388 663 789 0 79 831 1000 708 160 343 211 949 991 802 391 547 387 980 117 624 584 516 953 798 833 908 86 
707 832 493 994 49 309 342 12 500 487 825 872 861 533 301 648 79 0 692 674 228 631 334 506 91 684 585 921 683 644 80 26 854 380 368 7 771 266 393 750 
474 341 72 34 348 478 856 932 998 343 784 588 193 465 16 240 831 692 0 382 368 685 897 673 482 730 580 567 773 253 146 404 938 652 494 621 588 766 304 231 
172 662 960 410 423 431 43 463 958 730 897 452 149 975 181 91 1000 674 382 0 197 681 436 929 48 442 699 665 187 800 46 554 836 295 226 317 376 157 883 148 
124 88 403 670 320 731 450 603 102 444 519 48 255 187 741 205 708 228 368 197 0 761 28 551 699 31 396 319 970 161 974 552 710 654 987 638 53 429 688 717 
343 900 325 119 208 48 240 582 931 796 865 724 416 429 259 585 160 631 685 681 761 0 967 487 115 872 322 409 450 990 784 606 872 283 367 251 834 417 634 229 
945 290 598 497 349 757 651 749 706 660 692 700 737 187 568 237 343 334 897 436 28 967 0 87 955 742 61 507 451 66 493 88 471 273 775 187 239 613 301 111 
72 422 659 254 71 385 286 439 892 501 315 918 58 380 626 219 211 506 673 929 551 487 87 0 286 61 560 275 844 517 498 479 235 100 312 651 85 892 738 40 
154 349 505 272 571 609 837 114 396 688 525 588 463 930 75 886 949 91 482 48 699 115 955 286 0 633 150 546 435 215 390 522 685 663 648 224 253 260 876 715 
289 295 677 861 975 485 180 965 22 56 193 744 460 441 542 605 991 684 730 442 31 872 742 61 633 0 897 937 626 523 132 143 20 610 377 472 921 28 556 165 
444 559 86 927 654 598 865 339 230 523 354 232 758 147 812 399 802 585 580 699 396 322 61 560 150 897 0 117 947 149 266 492 584 832 234 105 517 896 105 92 
905 902 736 400 209 530 548 220 615 917 932 112 381 666 855 978 391 921 567 665 319 409 507 275 546 937 117 0 500 364 967 215 613 903 840 135 35 334 507 644 
208 286 233 12 729 580 755 304 325 22 67 288 47 499 729 863 547 683 773 187 970 450 451 844 435 626 947 500 0 711 978 917 90 885 81 558 832 581 823 675 
277 257 801 626 862 712 987 383 612 199 270 585 853 610 543 966 387 644 253 800 161 990 66 517 215 523 149 364 711 0 164 654 908 621 522 155 725 613 655 440 
335 181 365 232 922 223 45 790 756 881 305 395 964 477 784 603 980 80 146 46 974 784 493 498 390 132 266 967 978 164 0 932 221 52 834 412 187 220 746 693 
98 80 674 639 743 771 571 561 885 778 617 706 511 608 521 289 117 26 404 554 552 606 88 479 522 143 492 215 917 654 932 0 216 808 22 132 249 906 564 806 
6 428 129 403 114 145 258 114 725 436 502 207 140 342 690 860 624 854 938 836 710 872 471 235 685 20 584 613 90 908 221 216 0 89 144 980 764 660 633 671 
785 879 152 209 694 465 380 291 46 957 82 700 549 875 801 767 584 380 652 295 654 283 273 100 663 610 832 903 885 621 52 808 89 0 280 507 178 356 471 832 
554 205 348 714 192 919 150 718 955 175 52 322 257 460 371 143 516 368 494 226 987 367 775 312 648 377 234 840 81 522 834 22 144 280 0 795 402 404 199 588 
992 364 480 15 434 336 158 172 248 742 811 60 845 657 651 588 953 7 621 317 638 251 187 651 224 472 105 135 558 155 412 132 980 507 795 0 815 385 807 912 
347 278 275 901 242 580 59 30 428 557 609 133 107 737 277 309 798 771 588 376 53 834 239 85 253 921 517 35 832 725 187 249 764 178 402 815 0 429 22 71 
927 442 778 420 797 901 388 552 858 602 145 726 956 951 978 927 833 266 766 157 429 417 613 892 260 28 896 334 581 613 220 906 660 356 404 385 429 0 802 505 
442 329 626 97 839 680 483 752 999 599 367 870 518 205 992 460 908 393 304 883 688 634 301 738 876 556 105 507 823 655 746 564 633 471 199 807 22 802 0 319 
172 788 76 321 764 239 229 597 24 907 562 741 166 994 504 998 86 750 231 148 717 229 111 40 715 165 92 644 675 440 693 806 671 832 588 912 71 505 319 0 
