80
0 565 25 406 668 678 760 257 976 344 87 721 892 991 475 446 56 983 492 717 888 129 629 861 320 219 445 420 883 634 781 669 551 157 426 218 834 185 826 161 880 265 881 771 255 356 569 662 690 60 730 577 541 359 789 860 577 233 632 812 219 412 832 769 920 257 338 753 441 163 265 672 427 146 794 33 853 362 694 894 
565 0 422 424 822 314 782 610 173 710 194 804 873 412 567 704 180 486 960 869 590 752 384 855 775 810 352 569 195 556 930 888 449 703 663 270 16 796 231 189 858 424 344 730 836 911 434 367 748 745 236 338 849 971 544 623 780 247 191 974 802 121 214 602 823 228 223 191 24 453 379 881 228 74 610 63 336 395 782 84 
25 422 0 140 369 773 988 339 316 610 470 914 153 796 715 273 361 668 447 588 890 637 963 694 367 843 921 793 805 336 128 199 469 563 690 837 335 677 527 2 639 996 915 791 143 629 415 503 648 213 443 537 202 405 230 920 600 151 64 404 838 192 954 306 754 644 494 441 320 20 442 310 367 357 452 510 337 866 364 985 
406 424 140 0 431 158 521 984 563 103 903 162 605 967 917 442 510 870 99 615 513 592 55 185 611 497 494 329 205 946 190 541 163 554 877 945 63 750 928 625 852 183 138 808 149 54 601 10 276 699 624 788 642 31 972 604 879 466 932 83 763 122 975 925 27 852 870 89 953 797 66 156 979 203 963 479 609 915 840 884 
668 822 369 431 0 965 816 671 606 846 643 209 724 460 492 158 222 613 484 498 639 687 367 728 639 516 793 794 846 347 108 677 955 374 516 190 338 331 861 295 528 855 855 251 666 347 760 239 959 244 736 950 930 455 29 569 970 173 714 167 519 822 195 826 195 711 15 885 393 227 179 273 81 34 523 98 380 635 336 690 
678 314 773 158 965 0 878 72 639 159 526 667 79 847 839 793 365 710 966 560 535 512 622 549 396 366 776 575 638 208 960 513 306 691 147 641 380 376 64 371 886 941 37 965 139 228 757 504 937 74 415 471 585 388 371 981 753 498 907 391 706 218 255 363 908 753 355 639 128 419 9 13 711 398 329 850 977 85 705 913 
760 782 988 521 816 878 0 510 471 735 95 858 457 75 962 955 333 704 660 550 958 22 457 710 728 447 189 146 456 554 857 205 882 58 181 319 762 445 828 584 179 922 441 635 348 402 589 680 106 600 229 415 973 37 125 701 484 665 198 939 218 406 495 100 463 675 770 576 119 597 159 649 871 951 283 218 705 224 250 810 
257 610 339 984 671 72 510 0 175 478 224 148 515 700 200 998 365 397 288 934 803 782 33 617 808 154 545 278 751 703 926 973 6 560 190 710 783 439 871 958 269 94 457 135 146 656 484 862 404 771 795 558 904 180 175 63 333 719 340 435 773 265 407 778 824 949 487 959 739 357 268 359 803 724 493 300 731 976 161 134 
976 173 316 563 606 639 471 175 0 98 307 692 353 486 218 415 171 936 106 957 60 722 364 190 898 664 676 856 754 385 123 113 539 198 605 190 928 933 702 413 30 8 104 735 846 673 501 368 608 607 324 20 328 39 209 225 54 236 432 808 972 906 920 862 103 876 51 30 808 104 443 190 464 898 276 309 571 776 28 530 
344 710 610 103 846 159 735 478 98 0 734 703 549 414 742 109 990 795 345 422 954 316 327 873 178 430 101 580 811 260 684 605 801 147 503 76 807 425 204 834 954 937 536 855 702 629 963 692 776 307 465 729 975 791 954 504 572 54 83 735 665 766 339 466 264 193 541 70 969 96 255 923 33 143 129 86 771 91 777 898 
87 194 470 903 643 526 95 224 307 734 0 750 241 627 76 384 932 579 307 985 13 41 649 131 732 466 394 924 359 816 893 454 70 167 838 212 647 924 335 737 52 584 838 293 210 265 676 493 195 982 829 208 375 478 338 106 295 83 381 653 898 625 459 968 791 296 531 437 571 217 526 623 801 715 915 362 332 942 855 526 
721 804 914 162 209 667 858 148 692 703 750 0 275 683 733 649 512 422 754 807 505 135 811 402 111 269 369 902 565 252 690 487 468 567 109 268 634 375 630 965 316 484 490 591 166 223 591 678 644 345 836 500 831 646 902 941 915 622 194 831 873 236 317 341 802 778 608 435 152 237 399 820 72 241 410 238 463 352 267 458 
892 873 153 605 724 79 457 515 353 549 241 275 0 48 454 958 878 99 211 171 365 832 716 195 705 951 864 45 105 641 652 891 792 241 290 611 312 882 372 901 696 76 519 153 123 972 462 353 423 672 523 139 856 590 334 560 541 549 604 997 189 607 887 332 847 528 295 159 409 18 411 104 93 930 609 568 253 422 920 27 
991 412 796 967 460 847 75 700 486 414 627 683 48 0 446 794 166 301 383 499 860 275 399 815 271 939 421 510 270 268 37 916 778 446 934 188 901 378 469 509 945 722 931 864 100 728 9 265 28 392 115 887 666 513 701 289 451 473 798 73 92 186 988 869 631 273 409 884 3 229 744 947 950 674 163 402 753 171 666 780 
475 567 715 917 492 839 962 200 218 742 76 733 454 446 0 914 781 18 932 293 70 220 744 543 369 168 634 554 155 855 537 428 263 420 430 491 163 728 793 189 242 194 941 765 859 73 678 991 90 609 284 160 180 379 54 548 546 687 454 52 541 990 479 155 761 260 646 923 340 790 463 933 335 756 697 545 828 375 536 917 
446 704 273 442 158 793 955 998 415 109 384 649 958 794 914 0 335 819 428 515 549 481 414 446 168 867 497 60 208 328 215 968 939 212 243 278 353 57 211 687 812 259 231 639 633 118 908 320 936 335 834 836 816 599 281 335 466 778 394 25 457 960 993 395 523 587 25 875 643 587 913 807 845 496 797 830 613 704 149 901 
56 180 361 510 222 365 333 365 171 990 932 512 878 166 781 335 0 391 982 736 558 932 369 892 397 498 637 774 954 949 766 348 471 704 724 698 698 310 610 504 155 105 301 984 718 356 132 618 746 465 705 303 396 73 546 145 922 183 918 875 131 35 575 953 90 298 650 787 608 260 291 114 716 943 97 433 298 580 402 396 
983 486 668 870 613 710 704 397 936 795 579 422 99 301 18 819 391 0 396 107 50 143 531 596 639 805 778 556 679 260 942 605 212 31 255 862 818 862 473 460 327 188 754 775 973 403 706 374 798 101 832 848 595 715 795 234 519 572 141 549 183 83 154 746 113 408 959 282 621 431 93 947 971 846 73 943 249 778 316 398 
492 960 447 99 484 966 660 288 106 345 307 754 211 383 932 428 982 396 0 230 500 597 824 214 391 409 732 314 550 280 496 984 785 594 448 544 552 730 164 335 174 462 305 20 534 247 620 663 914 369 892 765 966 68 978 356 476 61 22 377 693 869 360 477 462 808 21 366 889 536 700 62 350 356 433 235 954 52 898 867 
717 869 588 615 498 560 550 934 957 422 985 807 171 499 293 515 736 107 230 0 773 141 632 738 560 961 445 388 374 466 764 66 687 124 894 148 283 266 513 171 154 564 584 503 919 17 737 872 420 986 91 192 479 74 281 38 34 726 777 407 543 541 824 229 16 718 729 298 335 593 820 488 157 403 990 427 419 79 299 191 
888 590 890 513 639 535 958 803 60 954 13 505 365 860 70 549 558 50 500 773 0 416 389 382 894 462 15 284 847 92 60 606 634 952 429 215 967 146 295 616 833 887 787 320 395 190 310 822 960 740 472 150 155 212 884 401 673 250 36 871 341 447 476 326 399 905 540 717 402 186 685 234 425 823 906 819 12 567 992 324 
129 752 637 592 687 512 22 782 722 316 41 135 832 275 220 481 932 143 597 141 416 0 306 463 825 812 674 60 564 698 309 599 921 649 398 396 975 796 652 866 864 406 404 900 991 828 723 896 646 86 462 990 761 767 804 586 931 478 997 494 527 306 93 447 306 490 195 280 637 846 498 852 603 901 104 594 728 178 489 725 
629 384 963 55 367 622 457 33 364 327 649 811 716 399 744 414 369 531 824 632 389 306 0 263 303 66 376 421 870 961 351 699 957 845 225 614 289 24 920 130 218 551 118 63 400 321 18 300 776 611 379 953 451 456 568 753 873 943 526 742 903 876 440 211 72 17 177 712 392 96 193 609 998 662 23 398 983 40 49 758 
861 855 694 185 728 549 710 617 190 873 131 402 195 815 543 446 892 596 214 738 382 463 263 0 650 780 63 453 235 630 205 107 572 82 201 826 958 992 388 381 360 564 445 751 11 637 359 9 299 734 758 633 773 806 742 775 585 804 227 171 433 783 630 356 217 830 533 174 173 921 906 533 484 350 283 847 339 994 855 989 
320 775 367 611 639 396 728 808 898 178 732 111 705 271 369 168 397 639 391 560 894 825 303 650 0 727 612 973 851 417 714 977 354 870 555 524 302 690 505 10 906 686 542 431 859 462 336 391 298 38 25 144 728 370 350 716 96 961 40 299 729 753 275 434 974 830 310 276 519 814 637 424 500 178 854 710 992 541 452 641 
219 810 843 497 516 366 447 154 664 430 466 269 951 939 168 867 498 805 409 961 462 812 66 780 727 0 930 476 784 657 846 485 724 293 797 763 591 877 868 218 311 841 47 620 468 917 785 104 692 636 634 897 345 977 437 796 617 367 272 752 375 469 236 99 761 32 213 704 908 80 921 218 921 319 189 740 587 326 196 278 
445 352 921 494 793 776 189 545 676 101 394 369 864 421 634 497 637 778 732 445 15 674 376 63 612 930 0 961 829 174 306 805 962 101 773 680 724 524 55 544 111 505 657 142 717 360 401 797 632 971 69 302 159 160 888 836 355 165 797 535 690 102 691 3 554 463 683 630 338 89 525 448 593 181 589 661 892 342 457 875 
420 569 793 329 794 575 146 278 856 580 924 902 45 510 554 60 774 556 314 388 284 60 421 453 973 476 961 0 312 877 176 822 37 63 658 743 227 454 278 268 907 968 271 812 431 305 793 768 393 318 216 337 850 156 997 742 497 806 968 808 682 144 630 70 206 639 813 785 92 90 404 350 409 674 161 839 978 954 959 722 
883 195 805 205 846 638 456 751 754 811 359 565 105 270 155 208 954 679 550 374 847 564 870 235 851 784 829 312 0 623 526 58 472 681 407 565 530 212 533 337 245 676 318 667 233 308 831 369 399 272 773 100 680 446 261 519 776 566 829 849 188 354 259 11 34 665 576 563 876 460 252 472 487 921 138 719 229 968 88 979 
634 556 336 946 347 208 554 703 385 260 816 252 641 268 855 328 949 260 280 466 92 698 961 630 417 657 174 877 623 0 239 860 79 919 657 691 789 432 256 617 281 795 322 891 157 355 555 732 270 782 543 873 253 29 145 743 748 725 710 187 704 301 46 134 571 54 824 711 838 431 679 470 225 1000 360 381 706 914 465 975 
781 930 128 190 108 960 857 926 123 684 893 690 652 37 537 215 766 942 496 764 60 309 351 205 714 846 306 176 526 239 0 695 359 199 299 388 344 41 487 420 103 673 123 403 70 256 325 475 431 35 312 861 713 781 437 712 140 170 417 53 986 744 747 344 294 398 83 637 438 569 57 540 593 531 294 14 139 618 489 921 
669 888 199 541 677 513 205 973 113 605 454 487 891 916 428 968 348 605 984 66 606 599 699 107 977 485 805 822 58 860 695 0 4 800 782 716 581 570 779 720 739 548 773 724 291 871 420 584 268 502 573 58 71 981 597 15 863 891 29 1 860 517 922 864 668 55 931 248 624 710 320 715 257 92 438 899 314 857 834 934 
551 449 469 163 955 306 882 6 539 801 70 468 792 778 263 939 471 212 785 687 634 921 957 572 354 724 962 37 472 79 359 4 0 711 406 991 133 738 939 147 601 181 175 953 41 43 874 256 711 280 186 310 904 247 629 618 503 72 407 753 738 616 587 23 326 344 13 810 82 303 956 682 484 483 634 876 877 860 483 939 
157 703 563 554 374 691 58 560 198 147 167 567 241 446 420 212 704 31 594 124 952 649 845 82 870 293 101 63 681 919 199 800 711 0 491 668 249 746 267 229 715 769 301 122 874 390 89 460 412 766 803 776 575 236 78 530 269 913 364 255 140 241 114 622 531 956 642 779 702 260 360 416 28 12 889 253 401 977 712 164 
426 663 690 877 516 147 181 190 605 503 838 109 290 934 430 243 724 255 448 894 429 398 225 201 555 797 773 658 407 657 299 782 406 491 0 94 867 939 668 102 368 550 371 281 265 625 772 505 90 746 36 45 739 166 98 998 525 514 377 888 402 630 288 731 693 451 824 911 741 844 13 109 745 735 741 9 711 512 866 152 
218 270 837 945 190 641 319 710 190 76 212 268 611 188 491 278 698 862 544 148 215 396 614 826 524 763 680 743 565 691 388 716 991 668 94 0 609 901 548 347 418 646 696 295 511 73 182 912 54 822 994 746 624 170 657 365 13 21 473 109 107 213 117 817 76 982 968 685 234 515 383 4 160 79 298 670 503 831 934 556 
834 16 335 63 338 380 762 783 928 807 647 634 312 901 163 353 698 818 552 283 967 975 289 958 302 591 724 227 530 789 344 581 133 249 867 609 0 652 279 301 628 800 309 992 164 329 816 272 435 28 389 603 455 722 570 491 956 437 874 959 948 304 608 970 806 438 255 361 442 885 13 69 685 322 412 848 2 227 120 789 
185 796 677 750 331 376 445 439 933 425 924 375 882 378 728 57 310 862 730 266 146 796 24 992 690 877 524 454 212 432 41 570 738 746 939 901 652 0 606 860 391 60 581 313 903 536 749 776 846 48 431 805 369 236 595 623 596 36 508 608 456 192 281 867 391 283 445 510 71 50 369 461 461 302 125 363 189 225 490 35 
826 231 527 928 861 64 828 871 702 204 335 630 372 469 793 211 610 473 164 513 295 652 920 388 505 868 55 278 533 256 487 779 939 267 668 548 279 606 0 273 920 191 641 155 785 616 102 820 475 62 627 18 342 493 408 624 937 918 46 338 638 859 799 939 983 161 128 560 651 514 832 570 704 824 77 489 791 178 660 265 
161 189 2 625 295 371 584 958 413 834 737 965 901 509 189 687 504 460 335 171 616 866 130 381 10 218 544 268 337 617 420 720 147 229 102 347 301 860 273 0 239 287 282 581 131 690 556 420 959 954 757 948 812 907 239 146 68 718 705 70 583 888 639 286 64 67 126 854 245 138 119 835 424 752 767 906 793 323 325 103 
880 858 639 852 528 886 179 269 30 954 52 316 696 945 242 812 155 327 174 154 833 864 218 360 906 311 111 907 245 281 103 739 601 715 368 418 628 391 920 239 0 628 434 51 791 340 641 936 759 358 993 828 940 232 819 577 295 885 55 149 129 192 619 316 967 722 82 872 515 756 549 969 383 334 19 173 673 11 461 784 
265 424 996 183 855 941 922 94 8 937 584 484 76 722 194 259 105 188 462 564 887 406 551 564 686 841 505 968 676 795 673 548 181 769 550 646 800 60 191 287 628 0 368 453 611 659 36 429 588 331 314 642 831 794 185 801 109 151 522 543 374 388 298 274 357 681 607 727 205 632 738 665 415 457 469 377 468 505 806 55 
881 344 915 138 855 37 441 457 104 536 838 490 519 931 941 231 301 754 305 584 787 404 118 445 542 47 657 271 318 322 123 773 175 301 371 696 309 581 641 282 434 368 0 187 471 48 17 616 232 817 77 734 690 619 107 78 916 381 786 948 339 512 505 970 601 521 736 58 342 113 525 198 270 931 384 740 978 752 707 209 
771 730 791 808 251 965 635 135 735 855 293 591 153 864 765 639 984 775 20 503 320 900 63 751 431 620 142 812 667 891 403 724 953 122 281 295 992 313 155 581 51 453 187 0 920 135 294 609 753 400 38 21 132 823 320 823 687 824 792 287 697 880 696 38 992 220 235 261 502 970 352 479 721 410 39 640 545 332 248 297 
255 836 143 149 666 139 348 146 846 702 210 166 123 100 859 633 718 973 534 919 395 991 400 11 859 468 717 431 233 157 70 291 41 874 265 511 164 903 785 131 791 611 471 920 0 84 638 669 215 812 989 37 498 164 181 137 860 60 184 897 403 756 483 663 257 452 366 736 172 775 774 163 319 106 763 968 541 400 988 755 
356 911 629 54 347 228 402 656 673 629 265 223 972 728 73 118 356 403 247 17 190 828 321 637 462 917 360 305 308 355 256 871 43 390 625 73 329 536 616 690 340 659 48 135 84 0 211 328 144 61 492 676 549 703 735 732 952 489 487 434 503 744 238 868 831 761 994 956 924 665 413 686 984 953 437 971 708 999 299 203 
569 434 415 601 760 757 589 484 501 963 676 591 462 9 678 908 132 706 620 737 310 723 18 359 336 785 401 793 831 555 325 420 874 89 772 182 816 749 102 556 641 36 17 294 638 211 0 411 142 878 311 844 964 43 147 452 881 581 954 976 170 173 806 930 518 762 205 182 174 242 517 127 30 488 186 29 138 740 791 631 
662 367 503 10 239 504 680 862 368 692 493 678 353 265 991 320 618 374 663 872 822 896 300 9 391 104 797 768 369 732 475 584 256 460 505 912 272 776 820 420 936 429 616 609 669 328 411 0 617 102 474 932 144 621 735 376 553 40 352 74 212 509 355 81 622 560 615 796 153 131 274 183 970 811 563 459 550 353 89 166 
690 748 648 276 959 937 106 404 608 776 195 644 423 28 90 936 746 798 914 420 960 646 776 299 298 692 632 393 399 270 431 268 711 412 90 54 435 846 475 959 759 588 232 753 215 144 142 617 0 454 915 449 949 887 183 677 439 222 28 864 785 536 218 865 158 129 479 305 634 962 930 168 931 740 730 390 289 434 478 806 
60 745 213 699 244 74 600 771 607 307 982 345 672 392 609 335 465 101 369 986 740 86 611 734 38 636 971 318 272 782 35 502 280 766 746 822 28 48 62 954 358 331 817 400 812 61 878 102 454 0 240 392 254 188 278 788 864 68 9 243 283 793 131 853 657 640 981 488 944 966 449 225 133 379 964 862 120 604 296 950 
730 236 443 624 736 415 229 795 324 465 829 836 523 115 284 834 705 832 892 91 472 462 379 758 25 634 69 216 773 543 312 573 186 803 36 994 389 431 627 757 993 314 77 38 989 492 311 474 915 240 0 761 535 693 366 74 323 153 290 742 513 532 25 305 662 877 313 301 209 152 596 175 600 172 307 331 135 521 802 90 
577 338 537 788 950 471 415 558 20 729 208 500 139 887 160 836 303 848 765 192 150 990 953 633 144 897 302 337 100 873 861 58 310 776 45 746 603 805 18 948 828 642 734 21 37 676 844 932 449 392 761 0 816 751 850 702 444 567 127 118 719 416 859 231 948 883 887 961 111 552 614 320 703 561 846 655 733 152 985 219 
541 849 202 642 930 585 973 904 328 975 375 831 856 666 180 816 396 595 966 479 155 761 451 773 728 345 159 850 680 253 713 71 904 575 739 624 455 369 342 812 940 831 690 132 498 549 964 144 949 254 535 816 0 672 138 661 839 889 862 892 684 429 19 153 499 434 11 82 733 246 968 694 356 519 659 675 574 219 520 228 
359 971 405 31 455 388 37 180 39 791 478 646 590 513 379 599 73 715 68 74 212 767 456 806 370 977 160 156 446 29 781 981 247 236 166 170 722 236 493 907 232 794 619 823 164 703 43 621 887 188 693 751 672 0 303 24 564 874 47 53 534 886 293 395 777 328 175 147 480 674 581 491 755 313 736 722 358 91 593 368 
789 544 230 972 29 371 125 175 209 954 338 902 334 701 54 281 546 795 978 281 884 804 568 742 350 437 888 997 261 145 437 597 629 78 98 657 570 595 408 239 819 185 107 320 181 735 147 735 183 278 366 850 138 303 0 118 518 939 989 97 241 12 12 466 59 64 999 296 357 746 424 684 920 571 164 945 503 654 699 167 
860 623 920 604 569 981 701 63 225 504 106 941 560 289 548 335 145 234 356 38 401 586 753 775 716 796 836 742 519 743 712 15 618 530 998 365 491 623 624 146 577 801 78 823 137 732 452 376 677 788 74 702 661 24 118 0 741 773 877 183 717 244 300 234 182 289 330 775 652 341 240 62 404 591 357 112 688 781 796 607 
577 780 600 879 970 753 484 333 54 572 295 915 541 451 546 466 922 519 476 34 673 931 873 585 96 617 355 497 776 748 140 863 503 269 525 13 956 596 937 68 295 109 916 687 860 952 881 553 439 864 323 444 839 564 518 741 0 703 959 552 205 964 602 371 56 374 247 238 90 843 538 323 24 178 4 150 181 696 390 243 
233 247 151 466 173 498 665 719 236 54 83 622 549 473 687 778 183 572 61 726 250 478 943 804 961 367 165 806 566 725 170 891 72 913 514 21 437 36 918 718 885 151 381 824 60 489 581 40 222 68 153 567 889 874 939 773 703 0 452 332 951 563 19 83 358 977 785 668 528 341 983 130 712 38 855 310 276 945 152 165 
632 191 64 932 714 907 198 340 432 83 381 194 604 798 454 394 918 141 22 777 36 997 526 227 40 272 797 968 829 710 417 29 407 364 377 473 874 508 46 705 55 522 786 792 184 487 954 352 28 9 290 127 862 47 989 877 959 452 0 619 528 694 975 677 874 670 418 468 473 749 419 36 767 501 745 744 638 765 623 978 
812 974 404 83 167 391 939 435 808 735 653 831 997 73 52 25 875 549 377 407 871 494 742 171 299 752 535 808 849 187 53 1 753 255 888 109 959 608 338 70 149 543 948 287 897 434 976 74 864 243 742 118 892 53 97 183 552 332 619 0 747 104 41 137 959 351 764 255 854 280 225 733 973 199 410 198 221 179 666 693 
219 802 838 763 519 706 218 773 972 665 898 873 189 92 541 457 131 183 693 543 341 527 903 433 729 375 690 682 188 704 986 860 738 140 402 107 948 456 638 583 129 374 339 697 403 503 170 212 785 283 513 719 684 534 241 717 205 951 528 747 0 928 436 80 46 288 177 789 925 941 764 903 39 867 943 175 177 645 290 431 
412 121 192 122 822 218 406 265 906 766 625 236 607 186 990 960 35 83 869 541 447 306 876 783 753 469 102 144 354 301 744 517 616 241 630 213 304 192 859 888 192 388 512 880 756 744 173 509 536 793 532 416 429 886 12 244 964 563 694 104 928 0 851 569 8 583 541 206 344 91 426 523 108 471 802 543 902 847 830 78 
832 214 954 975 195 255 495 407 920 339 459 317 887 988 479 993 575 154 360 824 476 93 440 630 275 236 691 630 259 46 747 922 587 114 288 117 608 281 799 639 619 298 505 696 483 238 806 355 218 131 25 859 19 293 12 300 602 19 975 41 436 851 0 988 107 18 751 9 57 969 303 583 146 300 873 928 502 793 935 436 
769 602 306 925 826 363 100 778 862 466 968 341 332 869 155 395 953 746 477 229 326 447 211 356 434 99 3 70 11 134 344 864 23 622 731 817 970 867 939 286 316 274 970 38 663 868 930 81 865 853 305 231 153 395 466 234 371 83 677 137 80 569 988 0 686 493 780 776 270 654 883 92 807 777 994 653 958 71 640 64 
920 823 754 27 195 908 463 824 103 264 791 802 847 631 761 523 90 113 462 16 399 306 72 217 974 761 554 206 34 571 294 668 326 531 693 76 806 391 983 64 967 357 601 992 257 831 518 622 158 657 662 948 499 777 59 182 56 358 874 959 46 8 107 686 0 89 742 424 497 711 79 431 208 378 655 487 231 448 774 666 
257 228 644 852 711 753 675 949 876 193 296 778 528 273 260 587 298 408 808 718 905 490 17 830 830 32 463 639 665 54 398 55 344 956 451 982 438 283 161 67 722 681 521 220 452 761 762 560 129 640 877 883 434 328 64 289 374 977 670 351 288 583 18 493 89 0 133 618 797 260 887 450 142 979 608 270 324 261 227 394 
338 223 494 870 15 355 770 487 51 541 531 608 295 409 646 25 650 959 21 729 540 195 177 533 310 213 683 813 576 824 83 931 13 642 824 968 255 445 128 126 82 607 736 235 366 994 205 615 479 981 313 887 11 175 999 330 247 785 418 764 177 541 751 780 742 133 0 252 643 834 994 418 330 56 496 113 615 873 767 453 
753 191 441 89 885 639 576 959 30 70 437 435 159 884 923 875 787 282 366 298 717 280 712 174 276 704 630 785 563 711 637 248 810 779 911 685 361 510 560 854 872 727 58 261 736 956 182 796 305 488 301 961 82 147 296 775 238 668 468 255 789 206 9 776 424 618 252 0 103 566 578 121 698 195 917 957 434 719 450 764 
441 24 320 953 393 128 119 739 808 969 571 152 409 3 340 643 608 621 889 335 402 637 392 173 519 908 338 92 876 838 438 624 82 702 741 234 442 71 651 245 515 205 342 502 172 924 174 153 634 944 209 111 733 480 357 652 90 528 473 854 925 344 57 270 497 797 643 103 0 326 71 87 938 650 480 190 292 314 535 709 
163 453 20 797 227 419 597 357 104 96 217 237 18 229 790 587 260 431 536 593 186 846 96 921 814 80 89 90 460 431 569 710 303 260 844 515 885 50 514 138 756 632 113 970 775 665 242 131 962 966 152 552 246 674 746 341 843 341 749 280 941 91 969 654 711 260 834 566 326 0 995 942 205 107 908 429 226 360 884 791 
265 379 442 66 179 9 159 268 443 255 526 399 411 744 463 913 291 93 700 820 685 498 193 906 637 921 525 404 252 679 57 320 956 360 13 383 13 369 832 119 549 738 525 352 774 413 517 274 930 449 596 614 968 581 424 240 538 983 419 225 764 426 303 883 79 887 994 578 71 995 0 938 356 841 484 272 149 917 990 599 
672 881 310 156 273 13 649 359 190 923 623 820 104 947 933 807 114 947 62 488 234 852 609 533 424 218 448 350 472 470 540 715 682 416 109 4 69 461 570 835 969 665 198 479 163 686 127 183 168 225 175 320 694 491 684 62 323 130 36 733 903 523 583 92 431 450 418 121 87 942 938 0 32 668 669 118 605 318 950 146 
427 228 367 979 81 711 871 803 464 33 801 72 93 950 335 845 716 971 350 157 425 603 998 484 500 921 593 409 487 225 593 257 484 28 745 160 685 461 704 424 383 415 270 721 319 984 30 970 931 133 600 703 356 755 920 404 24 712 767 973 39 108 146 807 208 142 330 698 938 205 356 32 0 961 263 680 22 609 621 578 
146 74 357 203 34 398 951 724 898 143 715 241 930 674 756 496 943 846 356 403 823 901 662 350 178 319 181 674 921 1000 531 92 483 12 735 79 322 302 824 752 334 457 931 410 106 953 488 811 740 379 172 561 519 313 571 591 178 38 501 199 867 471 300 777 378 979 56 195 650 107 841 668 961 0 68 528 358 293 240 241 
794 610 452 963 523 329 283 493 276 129 915 410 609 163 697 797 97 73 433 990 906 104 23 283 854 189 589 161 138 360 294 438 634 889 741 298 412 125 77 767 19 469 384 39 763 437 186 563 730 964 307 846 659 736 164 357 4 855 745 410 943 802 873 994 655 608 496 917 480 908 484 669 263 68 0 435 529 596 627 12 
33 63 510 479 98 850 218 300 309 86 362 238 568 402 545 830 433 943 235 427 819 594 398 847 710 740 661 839 719 381 14 899 876 253 9 670 848 363 489 906 173 377 740 640 968 971 29 459 390 862 331 655 675 722 945 112 150 310 744 198 175 543 928 653 487 270 113 957 190 429 272 118 680 528 435 0 220 776 281 561 
853 336 337 609 380 977 705 731 571 771 332 463 253 753 828 613 298 249 954 419 12 728 983 339 992 587 892 978 229 706 139 314 877 401 711 503 2 189 791 793 673 468 978 545 541 708 138 550 289 120 135 733 574 358 503 688 181 276 638 221 177 902 502 958 231 324 615 434 292 226 149 605 22 358 529 220 0 726 312 228 
362 395 866 915 635 85 224 976 776 91 942 352 422 171 375 704 580 778 52 79 567 178 40 994 541 326 342 954 968 914 618 857 860 977 512 831 227 225 178 323 11 505 752 332 400 999 740 353 434 604 521 152 219 91 654 781 696 945 765 179 645 847 793 71 448 261 873 719 314 360 917 318 609 293 596 776 726 0 746 430 
694 782 364 840 336 705 250 161 28 777 855 267 920 666 536 149 402 316 898 299 992 489 49 855 452 196 457 959 88 465 489 834 483 712 866 934 120 490 660 325 461 806 707 248 988 299 791 89 478 296 802 985 520 593 699 796 390 152 623 666 290 830 935 640 774 227 767 450 535 884 990 950 621 240 627 281 312 746 0 185 
894 84 985 884 690 913 810 134 530 898 526 458 27 780 917 901 396 398 867 191 324 725 758 989 641 278 875 722 979 975 921 934 939 164 152 556 789 35 265 103 784 55 209 297 755 203 631 166 806 950 90 219 228 368 167 607 243 165 978 693 431 78 436 64 666 394 453 764 709 791 599 146 578 241 12 561 228 430 185 0 
