50
0 235 849 318 844 104 187 961 767 401 953 969 708 718 823 512 610 169 928 857 134 876 905 23 507 291 304 170 559 688 941 675 923 141 344 118 596 530 79 715 283 31 683 990 749 857 853 710 25 132 
235 0 918 510 7 822 532 514 464 187 683 22 874 976 49 148 468 392 266 64 274 344 778 556 726 812 545 474 668 749 535 44 880 452 905 887 625 788 752 88 974 786 462 199 113 510 699 581 253 964 
849 918 0 644 526 659 773 81 384 584 977 210 251 77 744 646 957 548 550 195 172 689 946 260 662 83 721 212 196 582 910 128 186 225 771 712 235 895 144 971 478 473 180 80 549 275 77 857 174 626 
318 510 644 0 51 346 314 348 957 327 431 29 890 978 610 800 105 147 376 227 210 963 121 706 933 950 178 112 381 78 738 457 935 912 434 985 609 747 685 565 425 467 593 314 444 554 465 900 700 193 
844 7 526 51 0 478 262 155 950 967 87 899 144 550 279 573 639 87 507 550 520 844 510 618 528 74 42 346 18 707 789 923 172 40 975 716 517 236 870 466 202 956 364 345 857 994 269 495 432 776 
104 822 659 346 478 0 397 951 971 906 568 498 980 961 843 349 667 983 272 190 22 246 905 890 833 774 355 34 81 70 730 289 415 998 784 846 773 180 796 95 437 715 592 768 675 786 117 341 120 740 
187 532 773 314 262 397 0 883 493 337 787 382 169 913 88 202 993 157 283 282 923 280 417 768 405 948 915 499 384 629 443 152 655 580 620 996 52 359 878 544 695 16 278 215 928 717 768 273 226 50 
961 514 81 348 155 951 883 0 906 148 681 322 268 437 269 182 936 652 163 730 155 817 661 774 164 712 132 393 608 178 409 237 392 336 953 511 960 178 560 865 678 593 186 945 29 806 478 964 458 640 
767 464 384 957 950 971 493 906 0 45 964 809 706 738 972 769 221 365 376 751 125 964 494 812 917 5 772 446 916 636 123 508 822 419 537 627 249 852 436 888 897 752 48 954 489 372 722 61 736 450 
401 187 584 327 967 906 337 148 45 0 811 212 413 305 23 681 309 794 479 224 782 601 732 955 372 620 933 620 471 369 859 719 120 907 672 960 278 746 20 365 547 831 928 311 487 950 992 795 96 470 
953 683 977 431 87 568 787 681 964 811 0 370 877 422 453 831 145 72 763 116 895 483 975 613 954 233 285 265 862 382 285 226 280 467 505 590 953 454 933 99 901 754 820 129 528 625 959 672 696 74 
969 22 210 29 899 498 382 322 809 212 370 0 788 590 908 114 555 214 346 191 478 559 572 114 136 203 932 640 792 884 93 77 334 346 830 506 474 357 130 785 381 825 210 520 767 117 633 673 682 330 
708 874 251 890 144 980 169 268 706 413 877 788 0 863 160 888 434 625 23 636 557 14 779 792 106 855 126 803 37 631 277 393 760 61 125 936 270 644 54 738 628 726 420 309 588 931 548 373 555 570 
718 976 77 978 550 961 913 437 738 305 422 590 863 0 360 463 583 491 255 41 697 380 195 733 362 471 478 473 883 602 760 504 598 814 242 577 891 13 886 831 295 433 555 849 355 267 664 289 757 918 
823 49 744 610 279 843 88 269 972 23 453 908 160 360 0 329 453 297 876 538 10 346 15 482 581 616 241 84 565 406 677 142 297 689 27 479 983 459 33 184 165 651 847 454 407 764 134 212 412 9 
512 148 646 800 573 349 202 182 769 681 831 114 888 463 329 0 101 773 707 115 606 287 82 846 370 647 604 47 140 252 87 166 730 422 976 114 605 141 765 803 594 523 918 79 86 681 88 186 453 794 
610 468 957 105 639 667 993 936 221 309 145 555 434 583 453 101 0 300 58 80 734 255 449 380 858 847 519 461 934 36 190 355 363 656 311 503 420 465 448 294 734 527 380 414 966 917 218 759 569 627 
169 392 548 147 87 983 157 652 365 794 72 214 625 491 297 773 300 0 190 302 233 990 33 443 837 551 903 122 938 93 828 300 100 138 155 519 954 954 164 687 832 895 100 797 812 669 907 380 295 96 
928 266 550 376 507 272 283 163 376 479 763 346 23 255 876 707 58 190 0 33 879 86 65 321 274 967 224 395 904 668 222 555 767 711 709 637 664 15 800 350 846 47 801 643 858 469 549 589 115 645 
857 64 195 227 550 190 282 730 751 224 116 191 636 41 538 115 80 302 33 0 621 993 82 685 314 355 651 889 749 906 556 322 460 322 32 521 310 47 535 109 748 380 155 548 374 364 368 275 304 834 
134 274 172 210 520 22 923 155 125 782 895 478 557 697 10 606 734 233 879 621 0 271 924 178 352 960 843 706 962 731 806 219 638 127 679 311 510 551 620 908 85 81 655 816 587 554 190 303 921 464 
876 344 689 963 844 246 280 817 964 601 483 559 14 380 346 287 255 990 86 993 271 0 606 106 734 530 635 437 841 478 142 155 560 299 373 198 777 51 860 638 601 480 545 37 912 199 853 498 752 42 
905 778 946 121 510 905 417 661 494 732 975 572 779 195 15 82 449 33 65 82 924 606 0 800 24 857 406 481 942 287 115 378 479 944 519 633 504 169 6 53 945 408 912 582 9 743 478 397 654 676 
23 556 260 706 618 890 768 774 812 955 613 114 792 733 482 846 380 443 321 685 178 106 800 0 249 152 779 642 303 154 850 60 634 791 698 100 168 177 44 38 809 547 206 166 951 502 574 862 435 934 
507 726 662 933 528 833 405 164 917 372 954 136 106 362 581 370 858 837 274 314 352 734 24 249 0 605 912 330 610 587 931 761 717 924 416 870 774 475 855 564 525 955 732 701 998 121 861 896 327 27 
291 812 83 950 74 774 948 712 5 620 233 203 855 471 616 647 847 551 967 355 960 530 857 152 605 0 846 828 600 59 263 533 663 174 214 273 113 144 385 181 68 152 403 841 979 257 756 503 563 839 
304 545 721 178 42 355 915 132 772 933 285 932 126 478 241 604 519 903 224 651 843 635 406 779 912 846 0 555 560 960 415 807 286 441 4 465 392 63 79 276 77 605 490 701 69 985 438 249 404 589 
170 474 212 112 346 34 499 393 446 620 265 640 803 473 84 47 461 122 395 889 706 437 481 642 330 828 555 0 651 596 919 908 352 421 470 190 327 382 149 742 540 786 182 544 603 926 958 681 201 34 
559 668 196 381 18 81 384 608 916 471 862 792 37 883 565 140 934 938 904 749 962 841 942 303 610 600 560 651 0 285 42 735 353 27 524 954 782 464 604 378 383 863 729 155 685 270 482 418 771 223 
688 749 582 78 707 70 629 178 636 369 382 884 631 602 406 252 36 93 668 906 731 478 287 154 587 59 960 596 285 0 957 908 756 852 510 33 809 543 234 843 179 275 929 532 653 452 837 435 915 792 
941 535 910 738 789 730 443 409 123 859 285 93 277 760 677 87 190 828 222 556 806 142 115 850 931 263 415 919 42 957 0 812 649 655 892 156 691 513 637 108 635 211 416 543 318 268 404 703 76 946 
675 44 128 457 923 289 152 237 508 719 226 77 393 504 142 166 355 300 555 322 219 155 378 60 761 533 807 908 735 908 812 0 936 270 125 562 198 8 567 1 196 1 268 987 164 268 993 407 423 683 
923 880 186 935 172 415 655 392 822 120 280 334 760 598 297 730 363 100 767 460 638 560 479 634 717 663 286 352 353 756 649 936 0 271 411 142 906 973 910 800 643 177 555 345 604 853 632 874 329 193 
141 452 225 912 40 998 580 336 419 907 467 346 61 814 689 422 656 138 711 322 127 299 944 791 924 174 441 421 27 852 655 270 271 0 423 688 111 424 883 463 691 221 978 958 214 736 733 248 7 143 
344 905 771 434 975 784 620 953 537 672 505 830 125 242 27 976 311 155 709 32 679 373 519 698 416 214 4 470 524 510 892 125 411 423 0 742 264 116 651 415 758 179 969 454 782 173 85 655 501 629 
118 887 712 985 716 846 996 511 627 960 590 506 936 577 479 114 503 519 637 521 311 198 633 100 870 273 465 190 954 33 156 562 142 688 742 0 78 540 740 853 422 202 895 995 532 852 208 267 584 807 
596 625 235 609 517 773 52 960 249 278 953 474 270 891 983 605 420 954 664 310 510 777 504 168 774 113 392 327 782 809 691 198 906 111 264 78 0 273 79 548 888 194 550 302 303 728 623 108 862 795 
530 788 895 747 236 180 359 178 852 746 454 357 644 13 459 141 465 954 15 47 551 51 169 177 475 144 63 382 464 543 513 8 973 424 116 540 273 0 192 868 648 820 297 187 911 149 609 465 43 603 
79 752 144 685 870 796 878 560 436 20 933 130 54 886 33 765 448 164 800 535 620 860 6 44 855 385 79 149 604 234 637 567 910 883 651 740 79 192 0 996 247 162 262 182 320 887 260 220 774 805 
715 88 971 565 466 95 544 865 888 365 99 785 738 831 184 803 294 687 350 109 908 638 53 38 564 181 276 742 378 843 108 1 800 463 415 853 548 868 996 0 769 76 459 849 698 566 62 844 757 929 
283 974 478 425 202 437 695 678 897 547 901 381 628 295 165 594 734 832 846 748 85 601 945 809 525 68 77 540 383 179 635 196 643 691 758 422 888 648 247 769 0 491 929 226 678 191 726 638 655 769 
31 786 473 467 956 715 16 593 752 831 754 825 726 433 651 523 527 895 47 380 81 480 408 547 955 152 605 786 863 275 211 1 177 221 179 202 194 820 162 76 491 0 240 2 367 753 616 548 72 502 
683 462 180 593 364 592 278 186 48 928 820 210 420 555 847 918 380 100 801 155 655 545 912 206 732 403 490 182 729 929 416 268 555 978 969 895 550 297 262 459 929 240 0 160 291 275 964 412 702 775 
990 199 80 314 345 768 215 945 954 311 129 520 309 849 454 79 414 797 643 548 816 37 582 166 701 841 701 544 155 532 543 987 345 958 454 995 302 187 182 849 226 2 160 0 612 751 340 673 595 449 
749 113 549 444 857 675 928 29 489 487 528 767 588 355 407 86 966 812 858 374 587 912 9 951 998 979 69 603 685 653 318 164 604 214 782 532 303 911 320 698 678 367 291 612 0 601 85 729 178 762 
857 510 275 554 994 786 717 806 372 950 625 117 931 267 764 681 917 669 469 364 554 199 743 502 121 257 985 926 270 452 268 268 853 736 173 852 728 149 887 566 191 753 275 751 601 0 919 904 751 926 
853 699 77 465 269 117 768 478 722 992 959 633 548 664 134 88 218 907 549 368 190 853 478 574 861 756 438 958 482 837 404 993 632 733 85 208 623 609 260 62 726 616 964 340 85 919 0 24 342 927 
710 581 857 900 495 341 273 964 61 795 672 673 373 289 212 186 759 380 589 275 303 498 397 862 896 503 249 681 418 435 703 407 874 248 655 267 108 465 220 844 638 548 412 673 729 904 24 0 390 94 
25 253 174 700 432 120 226 458 736 96 696 682 555 757 412 453 569 295 115 304 921 752 654 435 327 563 404 201 771 915 76 423 329 7 501 584 862 43 774 757 655 72 702 595 178 751 342 390 0 542 
132 964 626 193 776 740 50 640 450 470 74 330 570 918 9 794 627 96 645 834 464 42 676 934 27 839 589 34 223 792 946 683 193 143 629 807 795 603 805 929 769 502 775 449 762 926 927 94 542 0 
