90
0 738 774 794 950 951 66 42 768 419 914 164 696 999 172 40 956 938 346 632 35 663 444 874 525 241 514 304 623 279 70 212 368 195 5 669 145 422 710 265 192 623 428 888 973 599 279 928 888 624 911 923 287 355 148 163 595 661 466 569 291 887 132 658 81 489 326 577 910 387 841 102 10 620 341 982 571 619 262 810 594 172 732 232 526 232 394 472 244 211 
738 0 393 535 97 524 544 529 12 222 106 274 608 298 375 969 918 67 303 840 685 564 649 630 87 733 214 613 964 959 436 207 170 828 93 618 704 989 147 67 562 604 340 521 901 66 842 170 132 144 9 168 59 10 150 145 742 363 109 705 321 897 263 842 724 708 460 779 48 958 846 609 561 537 481 813 603 322 335 86 817 695 254 875 704 403 20 445 765 480 
774 393 0 501 437 376 764 279 100 823 90 230 870 47 427 830 959 964 662 123 918 984 457 3 800 152 256 27 207 10 46 652 126 525 152 563 901 267 193 352 441 282 933 662 680 360 491 638 323 505 112 240 840 921 594 991 424 850 17 630 211 414 281 337 291 785 899 543 403 91 246 844 372 178 505 403 537 348 40 211 852 503 802 691 423 748 33 846 597 50 
794 535 501 0 476 807 815 108 495 105 244 393 999 647 835 244 490 558 422 994 960 310 341 351 873 544 854 26 586 628 773 619 474 721 20 301 880 186 408 374 291 652 119 289 650 953 885 139 511 658 484 822 319 177 173 191 720 378 569 658 5 693 628 478 766 999 130 645 184 538 370 826 541 840 115 190 793 351 680 655 8 163 828 326 691 1000 869 763 377 789 
950 97 437 476 0 420 734 481 47 563 246 397 693 242 580 582 964 406 122 803 872 663 947 222 694 953 581 208 781 906 899 780 126 661 509 914 432 242 747 830 156 344 226 848 938 805 429 901 562 550 55 433 564 2 6 609 954 586 817 734 844 67 866 969 727 726 235 510 319 333 339 474 28 564 322 965 720 750 217 282 652 272 66 567 273 72 176 578 657 992 
951 524 376 807 420 0 312 852 58 177 821 136 902 407 645 572 91 335 45 118 250 366 83 321 116 651 602 119 922 20 685 546 91 860 124 99 203 435 951 612 963 123 99 216 881 95 787 971 429 831 88 30 549 522 351 664 173 304 134 94 323 818 640 765 30 763 216 232 549 166 196 511 640 294 78 520 741 864 490 521 46 577 551 594 99 901 609 271 556 742 
66 544 764 815 734 312 0 716 879 912 707 995 941 821 210 524 369 727 719 231 366 365 308 237 457 523 726 977 921 655 879 514 105 779 475 727 335 216 442 565 479 149 911 419 321 121 295 690 847 365 920 565 81 580 153 537 454 879 866 374 885 744 888 989 523 714 715 209 929 508 125 760 8 35 178 329 507 472 370 354 189 641 270 269 220 422 806 26 652 671 
42 529 279 108 481 852 716 0 399 536 414 638 876 288 351 942 848 632 802 972 391 809 359 920 489 865 392 858 570 932 851 191 200 422 965 5 447 616 27 846 504 793 483 731 432 186 673 280 817 474 603 207 634 313 126 475 178 869 684 99 800 534 290 1000 956 254 356 402 221 735 599 76 879 434 807 310 619 831 941 435 304 544 993 289 208 470 115 385 339 799 
768 12 100 495 47 58 879 399 0 836 490 684 125 841 991 730 549 393 950 283 343 26 161 776 832 822 746 662 763 532 317 658 876 957 865 346 424 602 36 222 437 525 257 561 366 248 290 914 992 591 548 334 968 708 462 799 529 559 812 643 91 480 300 966 789 165 663 212 766 698 433 202 223 41 114 588 288 755 853 279 345 400 965 313 459 426 463 339 984 627 
419 222 823 105 563 177 912 536 836 0 982 426 106 281 744 894 445 406 105 562 104 889 763 326 930 228 265 569 982 469 848 679 868 812 343 678 589 157 16 924 783 997 350 241 278 445 486 74 850 943 636 953 831 750 630 112 330 246 33 311 714 232 341 933 43 35 610 983 192 626 906 974 974 607 566 603 403 52 677 253 994 664 557 176 765 539 640 94 784 672 
914 106 90 244 246 821 707 414 490 982 0 757 850 903 449 782 297 484 744 279 675 369 536 1000 694 495 566 297 897 617 325 501 962 340 58 137 456 596 776 550 731 447 658 580 701 106 362 997 589 105 627 615 825 515 615 870 361 532 166 257 500 842 110 461 181 167 597 637 114 725 538 196 523 547 776 224 4 489 572 945 945 551 559 121 65 525 990 425 56 156 
164 274 230 393 397 136 995 638 684 426 757 0 33 555 349 142 367 882 660 316 870 773 40 759 969 914 305 96 489 308 584 61 252 528 611 163 648 27 687 989 451 95 496 483 1 845 625 368 726 636 683 595 761 74 705 81 987 9 176 476 668 111 888 272 638 850 434 637 876 472 977 326 566 473 160 567 317 136 934 394 772 968 340 532 41 44 612 27 52 139 
696 608 870 999 693 902 941 876 125 106 850 33 0 502 71 249 741 342 238 590 127 226 465 599 202 790 164 674 302 82 990 437 367 735 208 334 74 91 374 117 702 401 520 840 254 591 88 995 284 325 584 411 550 401 9 104 542 524 777 843 606 119 280 972 853 839 306 927 930 679 395 983 431 915 175 685 857 614 31 140 291 966 550 840 366 910 295 908 434 72 
999 298 47 647 242 407 821 288 841 281 903 555 502 0 102 391 190 381 362 42 572 19 320 501 50 715 835 480 629 9 516 485 623 546 976 913 864 878 104 229 787 399 488 220 470 590 962 11 970 324 52 893 694 372 745 743 86 580 575 66 588 442 902 562 340 877 474 203 754 930 783 541 328 271 112 149 860 74 159 181 749 562 74 794 285 818 889 370 749 463 
172 375 427 835 580 645 210 351 991 744 449 349 71 102 0 787 689 256 688 250 595 917 76 149 670 357 932 562 36 202 26 184 413 451 694 593 199 607 18 344 892 188 232 613 936 694 400 976 950 87 226 896 3 653 45 25 9 976 938 44 529 963 579 941 765 272 885 963 878 255 307 121 442 890 734 729 584 133 705 885 219 282 132 574 934 176 950 294 503 887 
40 969 830 244 582 572 524 942 730 894 782 142 249 391 787 0 337 31 202 915 323 966 538 208 281 767 462 939 888 255 828 621 335 763 753 391 647 323 672 779 248 957 306 197 250 161 84 938 191 637 204 866 602 741 425 882 508 238 172 395 492 1000 367 178 762 119 569 761 441 592 891 41 549 196 237 150 356 672 440 899 308 643 764 262 384 188 495 243 425 667 
956 918 959 490 964 91 369 848 549 445 297 367 741 190 689 337 0 989 268 666 355 445 427 473 13 539 265 957 429 305 505 625 894 6 332 565 445 230 225 88 345 486 823 884 980 65 660 646 53 927 663 407 724 442 231 88 980 495 44 409 152 900 385 45 906 68 961 350 298 185 789 994 670 611 230 2 675 889 999 79 816 662 485 891 103 715 978 434 562 22 
938 67 964 558 406 335 727 632 393 406 484 882 342 381 256 31 989 0 842 713 273 578 109 178 646 69 880 295 254 20 640 275 631 869 276 657 758 627 736 925 288 572 815 742 639 792 175 200 165 369 264 438 298 372 967 943 792 846 237 45 218 877 672 848 745 299 856 854 925 943 778 212 515 592 305 505 736 832 704 900 200 319 689 497 42 8 792 833 853 28 
346 303 662 422 122 45 719 802 950 105 744 660 238 362 688 202 268 842 0 878 70 256 901 269 353 199 477 206 124 419 984 687 933 927 992 789 662 823 492 914 374 162 954 222 203 961 13 36 166 393 265 587 648 165 856 352 363 332 910 838 102 245 525 387 171 868 175 185 42 19 98 415 180 403 636 383 364 649 770 529 41 34 467 40 550 322 744 912 5 653 
632 840 123 994 803 118 231 972 283 562 279 316 590 42 250 915 666 713 878 0 102 107 249 626 845 771 845 19 955 886 37 404 300 217 807 287 951 522 935 720 50 327 753 516 719 302 190 814 565 546 466 18 4 66 643 848 836 839 219 791 724 255 194 375 823 352 662 773 873 948 492 274 627 596 142 345 249 683 158 166 580 975 183 584 392 178 783 227 16 1 
35 685 918 960 872 250 366 391 343 104 675 870 127 572 595 323 355 273 70 102 0 369 92 608 563 466 430 266 479 203 139 427 46 764 405 994 905 101 594 587 610 759 167 936 294 102 327 471 236 553 838 237 922 929 196 836 747 625 101 225 179 591 3 577 355 407 570 611 507 163 550 116 274 68 51 567 169 377 389 404 282 578 992 203 507 187 390 253 164 842 
663 564 984 310 663 366 365 809 26 889 369 773 226 19 917 966 445 578 256 107 369 0 829 342 785 832 270 139 238 839 101 745 354 650 212 979 717 263 897 237 639 637 993 272 214 984 474 720 523 215 324 686 57 153 379 841 984 649 331 221 839 783 317 192 433 529 522 501 143 418 738 781 54 730 53 268 65 878 339 587 445 663 624 501 167 3 693 150 3 23 
444 649 457 341 947 83 308 359 161 763 536 40 465 320 76 538 427 109 901 249 92 829 0 722 841 805 391 385 589 271 906 442 413 676 179 545 81 260 949 348 676 179 39 615 623 53 238 123 219 592 815 720 594 189 793 787 345 535 171 286 805 428 727 217 103 257 114 184 868 62 883 543 240 273 157 862 325 747 336 895 690 502 966 636 42 759 422 387 645 944 
874 630 3 351 222 321 237 920 776 326 1000 759 599 501 149 208 473 178 269 626 608 342 722 0 672 450 371 750 18 826 6 483 361 873 545 595 415 136 868 924 998 544 22 685 791 711 187 756 698 228 866 471 966 511 414 989 312 137 738 329 314 743 164 674 615 708 620 382 843 839 657 192 735 678 877 525 740 415 280 438 642 146 908 960 8 674 948 319 810 686 
525 87 800 873 694 116 457 489 832 930 694 969 202 50 670 281 13 646 353 845 563 785 841 672 0 999 475 428 162 148 395 221 119 776 64 958 784 607 692 461 483 568 552 249 847 341 891 344 601 850 351 274 797 21 435 834 20 909 262 533 408 656 754 878 783 817 187 566 775 878 378 610 797 281 858 996 622 100 339 574 949 42 847 98 414 633 283 433 893 544 
241 733 152 544 953 651 523 865 822 228 495 914 790 715 357 767 539 69 199 771 466 832 805 450 999 0 966 300 551 719 529 685 887 716 602 13 945 331 622 742 612 480 737 585 579 427 158 880 820 356 329 234 988 611 18 880 507 335 531 57 405 59 94 291 126 695 656 71 378 277 812 989 756 900 925 335 326 82 566 498 437 894 731 776 504 748 7 10 83 889 
514 214 256 854 581 602 726 392 746 265 566 305 164 835 932 462 265 880 477 845 430 270 391 371 475 966 0 419 487 299 512 130 425 558 785 495 935 413 658 275 169 557 551 855 882 632 420 731 420 313 461 547 816 561 553 178 995 441 596 481 740 459 962 516 16 98 10 303 511 667 929 31 223 480 885 456 463 304 187 235 968 999 781 783 559 686 312 553 126 907 
304 613 27 26 208 119 977 858 662 569 297 96 674 480 562 939 957 295 206 19 266 139 385 750 428 300 419 0 386 217 365 699 732 733 149 93 387 659 111 315 41 333 794 925 141 609 580 679 843 547 677 623 681 588 308 993 492 786 251 877 354 968 928 438 700 76 530 438 86 641 752 126 325 898 50 817 506 981 847 348 527 876 322 207 463 630 199 954 767 450 
623 964 207 586 781 922 921 570 763 982 897 489 302 629 36 888 429 254 124 955 479 238 589 18 162 551 487 386 0 183 472 417 462 909 468 537 791 905 974 783 8 99 459 257 500 628 762 480 474 461 358 349 783 564 163 764 115 469 882 916 3 353 684 464 614 503 352 756 759 325 890 766 775 348 23 626 975 136 457 801 949 814 149 83 729 312 198 195 780 79 
279 959 10 628 906 20 655 932 532 469 617 308 82 9 202 255 305 20 419 886 203 839 271 826 148 719 299 217 183 0 110 782 783 793 245 748 647 948 503 405 272 392 523 398 92 897 375 418 32 831 218 332 996 367 414 724 678 963 919 809 393 380 590 528 525 186 275 171 485 130 928 108 873 450 505 964 346 879 382 729 61 599 61 56 317 826 131 346 789 401 
70 436 46 773 899 685 879 851 317 848 325 584 990 516 26 828 505 640 984 37 139 101 906 6 395 529 512 365 472 110 0 154 181 781 95 708 657 632 335 827 116 464 754 223 336 555 79 652 900 309 33 629 369 983 41 776 300 218 907 997 6 659 503 539 439 949 598 447 581 932 274 48 747 379 623 435 934 701 86 185 10 118 165 730 452 205 506 103 423 764 
212 207 652 619 780 546 514 191 658 679 501 61 437 485 184 621 625 275 687 404 427 745 442 483 221 685 130 699 417 782 154 0 100 780 422 954 670 213 902 268 659 482 551 284 882 650 15 504 84 300 204 169 484 565 638 1 295 441 205 152 544 979 915 995 111 688 948 780 252 849 399 263 683 950 546 564 951 912 67 34 563 622 554 399 187 191 399 481 631 603 
368 170 126 474 126 91 105 200 876 868 962 252 367 623 413 335 894 631 933 300 46 354 413 361 119 887 425 732 462 783 181 100 0 984 526 934 898 872 44 937 171 823 189 20 222 451 54 523 348 969 473 260 387 858 822 8 411 220 194 953 618 26 583 573 9 461 506 258 332 901 195 503 723 383 874 296 833 279 818 180 247 642 791 985 499 613 992 909 184 538 
195 828 525 721 661 860 779 422 957 812 340 528 735 546 451 763 6 869 927 217 764 650 676 873 776 716 558 733 909 793 781 780 984 0 861 154 915 796 726 276 608 583 533 291 483 79 145 557 461 370 853 645 648 22 177 246 664 967 230 162 931 574 423 467 111 635 620 25 782 697 300 389 631 185 32 113 263 176 21 76 546 873 720 545 895 248 791 910 567 372 
5 93 152 20 509 124 475 965 865 343 58 611 208 976 694 753 332 276 992 807 405 212 179 545 64 602 785 149 468 245 95 422 526 861 0 423 849 945 197 315 407 832 286 432 965 982 83 354 612 267 737 76 882 912 97 957 809 321 28 354 567 628 496 476 194 219 251 42 164 447 709 922 630 994 353 595 328 788 300 291 406 36 367 287 947 815 595 108 487 975 
669 618 563 301 914 99 727 5 346 678 137 163 334 913 593 391 565 657 789 287 994 979 545 595 958 13 495 93 537 748 708 954 934 154 423 0 461 54 602 308 881 147 526 483 188 41 930 896 963 559 890 667 153 569 806 452 859 212 839 577 850 138 391 797 245 230 771 57 635 372 364 867 518 241 350 57 634 279 305 948 837 546 966 342 114 772 145 972 335 984 
145 704 901 880 432 203 335 447 424 589 456 648 74 864 199 647 445 758 662 951 905 717 81 415 784 945 935 387 791 647 657 670 898 915 849 461 0 549 184 121 291 980 365 520 102 421 154 825 136 21 694 728 370 751 713 1000 55 660 188 952 978 529 65 749 674 36 435 9 584 970 129 227 950 845 746 403 265 252 228 752 624 921 479 993 23 544 344 429 203 531 
422 989 267 186 242 435 216 616 602 157 596 27 91 878 607 323 230 627 823 522 101 263 260 136 607 331 413 659 905 948 632 213 872 796 945 54 549 0 380 180 60 444 280 85 832 714 93 767 684 573 993 985 417 739 387 681 342 966 784 965 887 614 309 261 157 652 690 712 182 69 243 593 865 523 29 696 588 121 462 271 693 455 607 109 545 346 141 886 311 276 
710 147 193 408 747 951 442 27 36 16 776 687 374 104 18 672 225 736 492 935 594 897 949 868 692 622 658 111 974 503 335 902 44 726 197 602 184 380 0 850 549 890 510 810 398 161 499 109 694 919 352 287 783 226 667 830 813 788 644 436 832 98 42 293 994 739 433 231 50 61 432 950 950 941 759 347 453 609 808 146 880 159 784 14 384 451 844 548 590 839 
265 67 352 374 830 612 565 846 222 924 550 989 117 229 344 779 88 925 914 720 587 237 348 924 461 742 275 315 783 405 827 268 937 276 315 308 121 180 850 0 983 421 288 377 713 281 115 498 511 516 558 294 466 859 234 576 557 686 537 364 183 768 874 967 781 609 769 976 157 358 814 491 130 101 867 195 733 334 692 595 849 601 888 666 459 121 594 367 158 482 
192 562 441 291 156 963 479 504 437 783 731 451 702 787 892 248 345 288 374 50 610 639 676 998 483 612 169 41 8 272 116 659 171 608 407 881 291 60 549 983 0 731 693 249 956 11 381 565 779 709 721 488 874 211 969 327 430 163 59 763 206 654 963 806 893 629 616 366 574 983 875 407 65 567 7 20 577 387 584 707 447 656 194 321 219 163 647 648 677 57 
623 604 282 652 344 123 149 793 525 997 447 95 401 399 188 957 486 572 162 327 759 637 179 544 568 480 557 333 99 392 464 482 823 583 832 147 980 444 890 421 731 0 762 883 62 724 40 955 704 656 320 277 990 194 35 54 113 41 425 689 780 9 396 226 16 941 898 234 103 896 233 780 953 994 14 14 718 53 320 773 708 991 402 49 537 436 454 649 477 879 
428 340 933 119 226 99 911 483 257 350 658 496 520 488 232 306 823 815 954 753 167 993 39 22 552 737 551 794 459 523 754 551 189 533 286 526 365 280 510 288 693 762 0 337 256 239 732 833 254 25 731 840 479 626 72 258 578 418 623 944 135 676 615 259 735 606 660 784 142 96 237 790 924 115 126 179 353 210 363 959 234 93 798 712 719 221 322 648 638 296 
888 521 662 289 848 216 419 731 561 241 580 483 840 220 613 197 884 742 222 516 936 272 615 685 249 585 855 925 257 398 223 284 20 291 432 483 520 85 810 377 249 883 337 0 943 124 971 558 383 706 163 42 489 304 489 77 445 412 544 922 942 248 131 305 206 716 397 355 780 467 928 453 467 565 748 409 41 71 966 775 776 480 168 616 135 657 44 579 420 587 
973 901 680 650 938 881 321 432 366 278 701 1 254 470 936 250 980 639 203 719 294 214 623 791 847 579 882 141 500 92 336 882 222 483 965 188 102 832 398 713 956 62 256 943 0 501 362 835 983 666 392 699 414 99 830 881 26 634 347 942 381 107 982 451 73 108 578 904 276 545 39 932 589 617 703 527 117 64 361 100 81 105 150 495 555 979 727 580 612 425 
599 66 360 953 805 95 121 186 248 445 106 845 591 590 694 161 65 792 961 302 102 984 53 711 341 427 632 609 628 897 555 650 451 79 982 41 421 714 161 281 11 724 239 124 501 0 873 344 531 207 147 955 314 76 859 589 621 897 872 209 513 575 735 982 990 448 81 71 904 230 917 458 560 643 389 523 419 613 866 949 819 364 256 485 440 114 73 60 362 297 
279 842 491 885 429 787 295 673 290 486 362 625 88 962 400 84 660 175 13 190 327 474 238 187 891 158 420 580 762 375 79 15 54 145 83 930 154 93 499 115 381 40 732 971 362 873 0 620 226 223 706 207 212 505 287 282 760 868 198 217 779 192 957 301 610 570 167 911 740 882 166 224 321 631 649 732 992 297 703 217 519 409 776 82 265 414 716 25 634 265 
928 170 638 139 901 971 690 280 914 74 997 368 995 11 976 938 646 200 36 814 471 720 123 756 344 880 731 679 480 418 652 504 523 557 354 896 825 767 109 498 565 955 833 558 835 344 620 0 593 412 457 550 713 418 471 231 328 562 112 493 786 785 475 786 516 466 82 219 35 952 979 162 33 243 575 748 267 208 365 860 620 821 761 684 238 583 914 918 144 377 
888 132 323 511 562 429 847 817 992 850 589 726 284 970 950 191 53 165 166 565 236 523 219 698 601 820 420 843 474 32 900 84 348 461 612 963 136 684 694 511 779 704 254 383 983 531 226 593 0 410 281 161 237 66 29 54 499 247 88 802 577 601 187 819 176 934 438 383 650 649 354 470 409 37 60 991 302 977 486 679 738 767 839 974 184 219 28 35 465 467 
624 144 505 658 550 831 365 474 591 943 105 636 325 324 87 637 927 369 393 546 553 215 592 228 850 356 313 547 461 831 309 300 969 370 267 559 21 573 919 516 709 656 25 706 666 207 223 412 410 0 836 393 420 22 564 595 308 1 329 957 1 35 779 409 71 838 751 725 166 588 403 903 354 593 229 538 812 608 924 628 426 759 21 845 781 584 791 88 936 120 
911 9 112 484 55 88 920 603 548 636 627 683 584 52 226 204 663 264 265 466 838 324 815 866 351 329 461 677 358 218 33 204 473 853 737 890 694 993 352 558 721 320 731 163 392 147 706 457 281 836 0 396 936 154 174 696 576 11 798 300 528 385 702 431 91 647 11 980 458 970 903 85 395 661 457 592 793 40 382 232 975 501 628 262 6 801 957 582 164 754 
923 168 240 822 433 30 565 207 334 953 615 595 411 893 896 866 407 438 587 18 237 686 720 471 274 234 547 623 349 332 629 169 260 645 76 667 728 985 287 294 488 277 840 42 699 955 207 550 161 393 396 0 233 691 139 287 473 581 933 835 560 742 804 462 826 199 122 635 790 915 674 523 146 1 24 773 262 381 926 571 962 441 676 195 131 166 833 956 746 765 
287 59 840 319 564 549 81 634 968 831 825 761 550 694 3 602 724 298 648 4 922 57 594 966 797 988 816 681 783 996 369 484 387 648 882 153 370 417 783 466 874 990 479 489 414 314 212 713 237 420 936 233 0 790 305 506 594 766 683 144 888 317 285 154 343 807 299 695 182 424 308 563 701 878 876 141 554 422 623 719 254 578 465 18 720 121 875 665 887 558 
355 10 921 177 2 522 580 313 708 750 515 74 401 372 653 741 442 372 165 66 929 153 189 511 21 611 561 588 564 367 983 565 858 22 912 569 751 739 226 859 211 194 626 304 99 76 505 418 66 22 154 691 790 0 808 126 226 444 279 568 602 929 614 784 704 922 346 404 151 221 896 56 643 519 127 896 448 943 266 519 63 140 183 949 49 342 74 627 785 704 
148 150 594 173 6 351 153 126 462 630 615 705 9 745 45 425 231 967 856 643 196 379 793 414 435 18 553 308 163 414 41 638 822 177 97 806 713 387 667 234 969 35 72 489 830 859 287 471 29 564 174 139 305 808 0 194 387 633 160 522 336 433 867 92 583 439 339 639 433 209 765 681 657 707 946 527 769 437 710 70 838 403 143 464 188 847 9 926 831 168 
163 145 991 191 609 664 537 475 799 112 870 81 104 743 25 882 88 943 352 848 836 841 787 989 834 880 178 993 764 724 776 1 8 246 957 452 1000 681 830 576 327 54 258 77 881 589 282 231 54 595 696 287 506 126 194 0 799 518 600 17 961 535 455 300 525 888 508 289 920 516 347 217 43 467 5 752 888 842 506 383 305 45 229 666 970 411 185 120 928 785 
595 742 424 720 954 173 454 178 529 330 361 987 542 86 9 508 980 792 363 836 747 984 345 312 20 507 995 492 115 678 300 295 411 664 809 859 55 342 813 557 430 113 578 445 26 621 760 328 499 308 576 473 594 226 387 799 0 136 889 671 591 540 195 830 47 835 749 563 181 317 957 999 321 60 887 163 565 269 819 610 849 484 931 611 21 51 890 157 186 778 
661 363 850 378 586 304 879 869 559 246 532 9 524 580 976 238 495 846 332 839 625 649 535 137 909 335 441 786 469 963 218 441 220 967 321 212 660 966 788 686 163 41 418 412 634 897 868 562 247 1 11 581 766 444 633 518 136 0 827 128 669 21 957 716 855 57 630 387 725 586 737 46 645 975 208 561 595 378 170 795 214 101 405 234 503 295 390 688 424 216 
466 109 17 569 817 134 866 684 812 33 166 176 777 575 938 172 44 237 910 219 101 331 171 738 262 531 596 251 882 919 907 205 194 230 28 839 188 784 644 537 59 425 623 544 347 872 198 112 88 329 798 933 683 279 160 600 889 827 0 816 93 588 124 160 442 533 789 180 257 726 916 654 722 243 213 282 837 591 804 632 156 256 388 389 758 682 130 445 458 697 
569 705 630 658 734 94 374 99 643 311 257 476 843 66 44 395 409 45 838 791 225 221 286 329 533 57 481 877 916 809 997 152 953 162 354 577 952 965 436 364 763 689 944 922 942 209 217 493 802 957 300 835 144 568 522 17 671 128 816 0 612 550 284 88 61 77 972 849 256 228 926 523 234 647 117 446 280 954 36 83 937 191 338 324 931 95 358 60 892 815 
291 321 211 5 844 323 885 800 91 714 500 668 606 588 529 492 152 218 102 724 179 839 805 314 408 405 740 354 3 393 6 544 618 931 567 850 978 887 832 183 206 780 135 942 381 513 779 786 577 1 528 560 888 602 336 961 591 669 93 612 0 756 503 716 39 590 776 467 913 976 74 493 901 949 726 899 65 171 178 18 559 261 306 101 950 630 32 45 339 443 
887 897 414 693 67 818 744 534 480 232 842 111 119 442 963 1000 900 877 245 255 591 783 428 743 656 59 459 968 353 380 659 979 26 574 628 138 529 614 98 768 654 9 676 248 107 575 192 785 601 35 385 742 317 929 433 535 540 21 588 550 756 0 936 505 199 790 572 589 732 347 56 644 674 481 136 574 429 861 824 494 384 1 863 942 613 169 42 563 150 425 
132 263 281 628 866 640 888 290 300 341 110 888 280 902 579 367 385 672 525 194 3 317 727 164 754 94 962 928 684 590 503 915 583 423 496 391 65 309 42 874 963 396 615 131 982 735 957 475 187 779 702 804 285 614 867 455 195 957 124 284 503 936 0 607 840 868 894 344 66 35 915 6 766 613 413 762 286 894 897 211 322 110 34 167 493 386 30 786 999 550 
658 842 337 478 969 765 989 1000 966 933 461 272 972 562 941 178 45 848 387 375 577 192 217 674 878 291 516 438 464 528 539 995 573 467 476 797 749 261 293 967 806 226 259 305 451 982 301 786 819 409 431 462 154 784 92 300 830 716 160 88 716 505 607 0 827 561 51 604 519 890 471 412 585 888 446 499 893 564 463 306 325 748 551 573 310 224 682 695 391 526 
81 724 291 766 727 30 523 956 789 43 181 638 853 340 765 762 906 745 171 823 355 433 103 615 783 126 16 700 614 525 439 111 9 111 194 245 674 157 994 781 893 16 735 206 73 990 610 516 176 71 91 826 343 704 583 525 47 855 442 61 39 199 840 827 0 80 772 311 78 321 490 638 723 93 508 612 563 271 196 450 717 46 694 632 508 351 956 607 901 880 
489 708 785 999 726 763 714 254 165 35 167 850 839 877 272 119 68 299 868 352 407 529 257 708 817 695 98 76 503 186 949 688 461 635 219 230 36 652 739 609 629 941 606 716 108 448 570 466 934 838 647 199 807 922 439 888 835 57 533 77 590 790 868 561 80 0 916 125 562 610 867 87 689 638 750 119 958 239 756 680 331 616 643 245 886 190 46 954 235 739 
326 460 899 130 235 216 715 356 663 610 597 434 306 474 885 569 961 856 175 662 570 522 114 620 187 656 10 530 352 275 598 948 506 620 251 771 435 690 433 769 616 898 660 397 578 81 167 82 438 751 11 122 299 346 339 508 749 630 789 972 776 572 894 51 772 916 0 585 742 442 892 348 342 772 615 818 685 224 684 771 264 321 520 382 630 110 490 661 792 105 
577 779 543 645 510 232 209 402 212 983 637 637 927 203 963 761 350 854 185 773 611 501 184 382 566 71 303 438 756 171 447 780 258 25 42 57 9 712 231 976 366 234 784 355 904 71 911 219 383 725 980 635 695 404 639 289 563 387 180 849 467 589 344 604 311 125 585 0 303 36 990 844 433 944 78 172 880 171 613 772 870 306 895 484 124 579 59 159 701 323 
910 48 403 184 319 549 929 221 766 192 114 876 930 754 878 441 298 925 42 873 507 143 868 843 775 378 511 86 759 485 581 252 332 782 164 635 584 182 50 157 574 103 142 780 276 904 740 35 650 166 458 790 182 151 433 920 181 725 257 256 913 732 66 519 78 562 742 303 0 832 573 704 461 682 545 122 474 649 776 861 991 620 294 286 49 817 165 220 429 288 
387 958 91 538 333 166 508 735 698 626 725 472 679 930 255 592 185 943 19 948 163 418 62 839 878 277 667 641 325 130 932 849 901 697 447 372 970 69 61 358 983 896 96 467 545 230 882 952 649 588 970 915 424 221 209 516 317 586 726 228 976 347 35 890 321 610 442 36 832 0 441 86 182 925 561 760 983 720 813 657 551 385 713 363 66 257 836 891 258 964 
841 846 246 370 339 196 125 599 433 906 538 977 395 783 307 891 789 778 98 492 550 738 883 657 378 812 929 752 890 928 274 399 195 300 709 364 129 243 432 814 875 233 237 928 39 917 166 979 354 403 903 674 308 896 765 347 957 737 916 926 74 56 915 471 490 867 892 990 573 441 0 752 248 935 397 533 983 213 697 554 993 985 995 78 518 919 991 630 253 710 
102 609 844 826 474 511 760 76 202 974 196 326 983 541 121 41 994 212 415 274 116 781 543 192 610 989 31 126 766 108 48 263 503 389 922 867 227 593 950 491 407 780 790 453 932 458 224 162 470 903 85 523 563 56 681 217 999 46 654 523 493 644 6 412 638 87 348 844 704 86 752 0 442 262 612 826 974 326 243 230 162 134 839 125 237 86 59 633 618 393 
10 561 372 541 28 640 8 879 223 974 523 566 431 328 442 549 670 515 180 627 274 54 240 735 797 756 223 325 775 873 747 683 723 631 630 518 950 865 950 130 65 953 924 467 589 560 321 33 409 354 395 146 701 643 657 43 321 645 722 234 901 674 766 585 723 689 342 433 461 182 248 442 0 845 667 947 837 3 941 266 872 211 256 501 815 317 294 76 280 471 
620 537 178 840 564 294 35 434 41 607 547 473 915 271 890 196 611 592 403 596 68 730 273 678 281 900 480 898 348 450 379 950 383 185 994 241 845 523 941 101 567 994 115 565 617 643 631 243 37 593 661 1 878 519 707 467 60 975 243 647 949 481 613 888 93 638 772 944 682 925 935 262 845 0 401 606 714 983 767 199 821 243 787 907 301 419 876 45 615 542 
341 481 505 115 322 78 178 807 114 566 776 160 175 112 734 237 230 305 636 142 51 53 157 877 858 925 885 50 23 505 623 546 874 32 353 350 746 29 759 867 7 14 126 748 703 389 649 575 60 229 457 24 876 127 946 5 887 208 213 117 726 136 413 446 508 750 615 78 545 561 397 612 667 401 0 991 803 896 283 68 768 845 676 620 12 992 914 439 272 384 
982 813 403 190 965 520 329 310 588 603 224 567 685 149 729 150 2 505 383 345 567 268 862 525 996 335 456 817 626 964 435 564 296 113 595 57 403 696 347 195 20 14 179 409 527 523 732 748 991 538 592 773 141 896 527 752 163 561 282 446 899 574 762 499 612 119 818 172 122 760 533 826 947 606 991 0 840 877 449 174 995 647 994 237 433 252 889 203 480 933 
571 603 537 793 720 741 507 619 288 403 4 317 857 860 584 356 675 736 364 249 169 65 325 740 622 326 463 506 975 346 934 951 833 263 328 634 265 588 453 733 577 718 353 41 117 419 992 267 302 812 793 262 554 448 769 888 565 595 837 280 65 429 286 893 563 958 685 880 474 983 983 974 837 714 803 840 0 817 373 276 619 269 558 39 36 755 714 655 766 705 
619 322 348 351 750 864 472 831 755 52 489 136 614 74 133 672 889 832 649 683 377 878 747 415 100 82 304 981 136 879 701 912 279 176 788 279 252 121 609 334 387 53 210 71 64 613 297 208 977 608 40 381 422 943 437 842 269 378 591 954 171 861 894 564 271 239 224 171 649 720 213 326 3 983 896 877 817 0 920 204 328 304 395 204 104 568 198 751 562 786 
262 335 40 680 217 490 370 941 853 677 572 934 31 159 705 440 999 704 770 158 389 339 336 280 339 566 187 847 457 382 86 67 818 21 300 305 228 462 808 692 584 320 363 966 361 866 703 365 486 924 382 926 623 266 710 506 819 170 804 36 178 824 897 463 196 756 684 613 776 813 697 243 941 767 283 449 373 920 0 535 165 674 90 644 959 258 17 234 877 285 
810 86 211 655 282 521 354 435 279 253 945 394 140 181 885 899 79 900 529 166 404 587 895 438 574 498 235 348 801 729 185 34 180 76 291 948 752 271 146 595 707 773 959 775 100 949 217 860 679 628 232 571 719 519 70 383 610 795 632 83 18 494 211 306 450 680 771 772 861 657 554 230 266 199 68 174 276 204 535 0 143 267 672 897 980 678 14 36 598 218 
594 817 852 8 652 46 189 304 345 994 945 772 291 749 219 308 816 200 41 580 282 445 690 642 949 437 968 527 949 61 10 563 247 546 406 837 624 693 880 849 447 708 234 776 81 819 519 620 738 426 975 962 254 63 838 305 849 214 156 937 559 384 322 325 717 331 264 870 991 551 993 162 872 821 768 995 619 328 165 143 0 364 253 612 567 356 180 117 458 93 
172 695 503 163 272 577 641 544 400 664 551 968 966 562 282 643 662 319 34 975 578 663 502 146 42 894 999 876 814 599 118 622 642 873 36 546 921 455 159 601 656 991 93 480 105 364 409 821 767 759 501 441 578 140 403 45 484 101 256 191 261 1 110 748 46 616 321 306 620 385 985 134 211 243 845 647 269 304 674 267 364 0 902 345 257 928 786 253 886 43 
732 254 802 828 66 551 270 993 965 557 559 340 550 74 132 764 485 689 467 183 992 624 966 908 847 731 781 322 149 61 165 554 791 720 367 966 479 607 784 888 194 402 798 168 150 256 776 761 839 21 628 676 465 183 143 229 931 405 388 338 306 863 34 551 694 643 520 895 294 713 995 839 256 787 676 994 558 395 90 672 253 902 0 269 119 271 905 613 537 928 
232 875 691 326 567 594 269 289 313 176 121 532 840 794 574 262 891 497 40 584 203 501 636 960 98 776 783 207 83 56 730 399 985 545 287 342 993 109 14 666 321 49 712 616 495 485 82 684 974 845 262 195 18 949 464 666 611 234 389 324 101 942 167 573 632 245 382 484 286 363 78 125 501 907 620 237 39 204 644 897 612 345 269 0 510 516 605 523 552 554 
526 704 423 691 273 99 220 208 459 765 65 41 366 285 934 384 103 42 550 392 507 167 42 8 414 504 559 463 729 317 452 187 499 895 947 114 23 545 384 459 219 537 719 135 555 440 265 238 184 781 6 131 720 49 188 970 21 503 758 931 950 613 493 310 508 886 630 124 49 66 518 237 815 301 12 433 36 104 959 980 567 257 119 510 0 92 915 158 704 833 
232 403 748 1000 72 901 422 470 426 539 525 44 910 818 176 188 715 8 322 178 187 3 759 674 633 748 686 630 312 826 205 191 613 248 815 772 544 346 451 121 163 436 221 657 979 114 414 583 219 584 801 166 121 342 847 411 51 295 682 95 630 169 386 224 351 190 110 579 817 257 919 86 317 419 992 252 755 568 258 678 356 928 271 516 92 0 514 235 301 323 
394 20 33 869 176 609 806 115 463 640 990 612 295 889 950 495 978 792 744 783 390 693 422 948 283 7 312 199 198 131 506 399 992 791 595 145 344 141 844 594 647 454 322 44 727 73 716 914 28 791 957 833 875 74 9 185 890 390 130 358 32 42 30 682 956 46 490 59 165 836 991 59 294 876 914 889 714 198 17 14 180 786 905 605 915 514 0 679 203 19 
472 445 846 763 578 271 26 385 339 94 425 27 908 370 294 243 434 833 912 227 253 150 387 319 433 10 553 954 195 346 103 481 909 910 108 972 429 886 548 367 648 649 648 579 580 60 25 918 35 88 582 956 665 627 926 120 157 688 445 60 45 563 786 695 607 954 661 159 220 891 630 633 76 45 439 203 655 751 234 36 117 253 613 523 158 235 679 0 287 130 
244 765 597 377 657 556 652 339 984 784 56 52 434 749 503 425 562 853 5 16 164 3 645 810 893 83 126 767 780 789 423 631 184 567 487 335 203 311 590 158 677 477 638 420 612 362 634 144 465 936 164 746 887 785 831 928 186 424 458 892 339 150 999 391 901 235 792 701 429 258 253 618 280 615 272 480 766 562 877 598 458 886 537 552 704 301 203 287 0 804 
211 480 50 789 992 742 671 799 627 672 156 139 72 463 887 667 22 28 653 1 842 23 944 686 544 889 907 450 79 401 764 603 538 372 975 984 531 276 839 482 57 879 296 587 425 297 265 377 467 120 754 765 558 704 168 785 778 216 697 815 443 425 550 526 880 739 105 323 288 964 710 393 471 542 384 933 705 786 285 218 93 43 928 554 833 323 19 130 804 0 
