50
0 639 426 475 545 408 230 445 532 164 340 595 536 688 621 136 745 867 937 134 479 613 111 344 560 780 682 563 944 186 36 174 824 813 1000 721 220 230 165 103 745 504 49 280 543 669 767 639 535 703 
639 0 772 365 667 882 709 226 13 742 140 956 927 175 481 102 987 833 822 558 62 986 12 158 841 60 789 735 728 555 373 614 609 144 331 275 377 39 852 389 780 991 696 58 517 529 159 855 361 333 
426 772 0 412 774 318 423 931 511 834 719 245 913 273 618 526 233 113 208 507 490 246 358 230 377 700 926 434 216 454 945 70 814 277 833 587 946 607 869 456 440 587 53 352 211 22 229 443 486 789 
475 365 412 0 301 975 34 10 205 763 709 482 548 276 935 492 697 100 120 529 38 66 487 906 873 278 844 277 981 54 298 209 848 784 349 148 110 383 157 666 497 217 499 44 492 433 888 188 884 7 
545 667 774 301 0 68 921 72 906 178 297 183 21 573 163 426 223 723 273 358 72 772 819 806 280 485 302 496 335 345 339 120 584 878 3 591 945 276 14 850 453 310 384 474 235 546 251 457 269 524 
408 882 318 975 68 0 814 692 647 632 497 927 468 798 774 803 494 113 922 78 990 276 20 287 551 33 488 4 343 872 829 577 769 79 385 389 602 198 80 601 181 576 527 649 725 300 803 571 764 76 
230 709 423 34 921 814 0 1000 754 351 19 392 902 51 879 905 745 102 733 673 871 811 57 259 765 606 691 717 787 618 243 787 343 894 941 265 658 16 264 763 366 634 154 267 36 384 523 781 486 607 
445 226 931 10 72 692 1000 0 805 708 770 214 966 886 171 656 602 309 274 196 95 968 441 387 584 450 402 847 564 768 832 69 386 867 453 261 999 290 219 156 997 988 369 962 225 891 970 826 200 595 
532 13 511 205 906 647 754 805 0 373 646 562 814 33 497 615 434 343 179 553 526 247 291 392 699 903 743 340 121 898 336 461 618 650 685 508 619 863 59 565 235 705 126 400 89 622 15 522 316 545 
164 742 834 763 178 632 351 708 373 0 427 193 791 69 936 842 971 678 181 443 927 869 903 544 518 940 404 488 802 462 52 388 518 529 140 606 502 506 480 169 50 258 361 840 326 648 33 648 326 214 
340 140 719 709 297 497 19 770 646 427 0 90 252 434 345 148 951 284 903 790 437 716 841 824 586 721 315 191 222 820 22 742 869 631 454 61 308 101 93 955 426 658 397 30 91 741 529 393 376 783 
595 956 245 482 183 927 392 214 562 193 90 0 182 812 498 374 987 83 94 654 626 667 473 999 408 342 630 861 754 937 962 846 244 739 856 640 120 946 732 1000 339 459 782 872 270 632 246 608 714 339 
536 927 913 548 21 468 902 966 814 791 252 182 0 261 691 6 86 690 765 779 671 978 532 607 291 729 850 381 584 841 501 530 572 852 220 382 634 91 3 265 688 611 330 27 223 373 384 660 62 500 
688 175 273 276 573 798 51 886 33 69 434 812 261 0 438 84 477 969 690 767 698 892 148 281 84 1000 162 8 851 733 389 836 176 392 452 863 354 134 241 576 506 976 588 919 476 25 2 952 346 43 
621 481 618 935 163 774 879 171 497 936 345 498 691 438 0 719 43 286 218 675 370 217 189 377 67 273 117 255 448 508 706 311 861 839 903 789 344 879 376 262 354 752 615 305 97 658 375 491 295 944 
136 102 526 492 426 803 905 656 615 842 148 374 6 84 719 0 518 664 160 706 392 579 330 861 833 778 368 538 440 581 729 342 721 72 220 448 686 925 199 652 582 296 309 308 138 956 252 655 619 411 
745 987 233 697 223 494 745 602 434 971 951 987 86 477 43 518 0 712 363 341 42 223 173 171 942 63 610 874 791 303 594 214 523 41 251 447 592 903 380 887 563 688 376 518 939 31 489 701 94 851 
867 833 113 100 723 113 102 309 343 678 284 83 690 969 286 664 712 0 42 135 425 566 305 718 980 266 592 122 569 185 336 443 578 938 241 169 840 621 407 755 308 782 272 246 164 760 298 258 962 339 
937 822 208 120 273 922 733 274 179 181 903 94 765 690 218 160 363 42 0 744 738 257 401 456 236 666 399 358 234 583 45 28 512 982 269 680 174 889 438 928 196 220 199 793 735 311 90 992 272 781 
134 558 507 529 358 78 673 196 553 443 790 654 779 767 675 706 341 135 744 0 88 362 37 488 817 272 153 215 981 739 149 25 766 661 359 386 692 532 274 130 459 821 701 9 965 435 319 407 779 943 
479 62 490 38 72 990 871 95 526 927 437 626 671 698 370 392 42 425 738 88 0 187 866 304 575 705 472 846 209 38 179 947 538 203 65 550 561 802 242 92 76 723 902 248 775 911 213 209 229 971 
613 986 246 66 772 276 811 968 247 869 716 667 978 892 217 579 223 566 257 362 187 0 339 523 509 204 826 83 260 649 280 469 686 458 767 224 13 831 773 573 985 366 17 60 440 270 659 214 180 223 
111 12 358 487 819 20 57 441 291 903 841 473 532 148 189 330 173 305 401 37 866 339 0 423 761 193 113 283 701 669 461 783 928 461 415 396 147 872 163 722 884 345 846 809 329 564 825 740 3 94 
344 158 230 906 806 287 259 387 392 544 824 999 607 281 377 861 171 718 456 488 304 523 423 0 399 217 626 973 991 738 166 103 372 218 123 832 353 51 293 767 446 791 990 608 864 874 953 709 34 633 
560 841 377 873 280 551 765 584 699 518 586 408 291 84 67 833 942 980 236 817 575 509 761 399 0 624 210 373 627 655 123 195 280 95 537 17 612 991 389 830 114 572 182 164 216 300 609 358 289 569 
780 60 700 278 485 33 606 450 903 940 721 342 729 1000 273 778 63 266 666 272 705 204 193 217 624 0 221 514 873 282 899 505 905 108 229 883 763 351 429 42 446 965 411 57 956 151 238 69 74 771 
682 789 926 844 302 488 691 402 743 404 315 630 850 162 117 368 610 592 399 153 472 826 113 626 210 221 0 584 290 70 544 647 711 464 220 576 336 501 475 193 757 582 773 992 696 124 420 90 921 737 
563 735 434 277 496 4 717 847 340 488 191 861 381 8 255 538 874 122 358 215 846 83 283 973 373 514 584 0 500 329 44 2 567 464 75 689 47 716 111 942 363 173 406 934 748 93 786 574 285 894 
944 728 216 981 335 343 787 564 121 802 222 754 584 851 448 440 791 569 234 981 209 260 701 991 627 873 290 500 0 508 58 885 203 533 657 292 805 745 143 133 788 144 51 251 571 740 649 286 202 590 
186 555 454 54 345 872 618 768 898 462 820 937 841 733 508 581 303 185 583 739 38 649 669 738 655 282 70 329 508 0 1000 374 347 933 473 440 718 399 76 964 906 485 848 460 17 856 752 821 600 246 
36 373 945 298 339 829 243 832 336 52 22 962 501 389 706 729 594 336 45 149 179 280 461 166 123 899 544 44 58 1000 0 306 739 390 356 341 960 447 989 597 1000 931 597 373 277 529 198 716 599 596 
174 614 70 209 120 577 787 69 461 388 742 846 530 836 311 342 214 443 28 25 947 469 783 103 195 505 647 2 885 374 306 0 144 562 501 628 761 312 645 969 63 817 920 309 474 659 50 182 999 361 
824 609 814 848 584 769 343 386 618 518 869 244 572 176 861 721 523 578 512 766 538 686 928 372 280 905 711 567 203 347 739 144 0 628 340 309 980 270 905 704 898 786 901 966 736 496 109 649 348 88 
813 144 277 784 878 79 894 867 650 529 631 739 852 392 839 72 41 938 982 661 203 458 461 218 95 108 464 464 533 933 390 562 628 0 409 660 84 729 74 901 649 734 374 307 135 555 657 847 535 996 
1000 331 833 349 3 385 941 453 685 140 454 856 220 452 903 220 251 241 269 359 65 767 415 123 537 229 220 75 657 473 356 501 340 409 0 156 866 617 60 569 867 845 470 184 932 317 292 580 17 379 
721 275 587 148 591 389 265 261 508 606 61 640 382 863 789 448 447 169 680 386 550 224 396 832 17 883 576 689 292 440 341 628 309 660 156 0 341 28 463 69 453 715 717 187 440 375 673 347 32 520 
220 377 946 110 945 602 658 999 619 502 308 120 634 354 344 686 592 840 174 692 561 13 147 353 612 763 336 47 805 718 960 761 980 84 866 341 0 233 379 675 98 348 86 666 566 283 487 749 214 804 
230 39 607 383 276 198 16 290 863 506 101 946 91 134 879 925 903 621 889 532 802 831 872 51 991 351 501 716 745 399 447 312 270 729 617 28 233 0 392 794 172 770 134 199 584 554 3 650 271 189 
165 852 869 157 14 80 264 219 59 480 93 732 3 241 376 199 380 407 438 274 242 773 163 293 389 429 475 111 143 76 989 645 905 74 60 463 379 392 0 90 997 214 788 380 733 20 111 759 117 810 
103 389 456 666 850 601 763 156 565 169 955 1000 265 576 262 652 887 755 928 130 92 573 722 767 830 42 193 942 133 964 597 969 704 901 569 69 675 794 90 0 844 134 375 478 621 123 692 776 866 837 
745 780 440 497 453 181 366 997 235 50 426 339 688 506 354 582 563 308 196 459 76 985 884 446 114 446 757 363 788 906 1000 63 898 649 867 453 98 172 997 844 0 947 635 322 497 571 875 499 572 497 
504 991 587 217 310 576 634 988 705 258 658 459 611 976 752 296 688 782 220 821 723 366 345 791 572 965 582 173 144 485 931 817 786 734 845 715 348 770 214 134 947 0 40 661 846 253 800 225 337 819 
49 696 53 499 384 527 154 369 126 361 397 782 330 588 615 309 376 272 199 701 902 17 846 990 182 411 773 406 51 848 597 920 901 374 470 717 86 134 788 375 635 40 0 335 95 287 496 290 421 870 
280 58 352 44 474 649 267 962 400 840 30 872 27 919 305 308 518 246 793 9 248 60 809 608 164 57 992 934 251 460 373 309 966 307 184 187 666 199 380 478 322 661 335 0 768 41 344 811 816 209 
543 517 211 492 235 725 36 225 89 326 91 270 223 476 97 138 939 164 735 965 775 440 329 864 216 956 696 748 571 17 277 474 736 135 932 440 566 584 733 621 497 846 95 768 0 647 114 196 320 962 
669 529 22 433 546 300 384 891 622 648 741 632 373 25 658 956 31 760 311 435 911 270 564 874 300 151 124 93 740 856 529 659 496 555 317 375 283 554 20 123 571 253 287 41 647 0 118 546 812 689 
767 159 229 888 251 803 523 970 15 33 529 246 384 2 375 252 489 298 90 319 213 659 825 953 609 238 420 786 649 752 198 50 109 657 292 673 487 3 111 692 875 800 496 344 114 118 0 43 203 702 
639 855 443 188 457 571 781 826 522 648 393 608 660 952 491 655 701 258 992 407 209 214 740 709 358 69 90 574 286 821 716 182 649 847 580 347 749 650 759 776 499 225 290 811 196 546 43 0 240 807 
535 361 486 884 269 764 486 200 316 326 376 714 62 346 295 619 94 962 272 779 229 180 3 34 289 74 921 285 202 600 599 999 348 535 17 32 214 271 117 866 572 337 421 816 320 812 203 240 0 501 
703 333 789 7 524 76 607 595 545 214 783 339 500 43 944 411 851 339 781 943 971 223 94 633 569 771 737 894 590 246 596 361 88 996 379 520 804 189 810 837 497 819 870 209 962 689 702 807 501 0 
