30
0 217 195 904 189 603 144 848 372 466 500 302 114 785 108 283 326 136 914 299 177 382 880 751 456 777 280 576 988 249 
217 0 90 251 817 284 506 358 887 650 205 610 115 704 263 580 840 371 862 166 858 776 816 35 157 695 137 965 823 417 
195 90 0 892 810 665 981 412 833 617 270 190 855 919 394 816 33 450 79 613 289 449 826 806 658 953 621 692 110 668 
904 251 892 0 829 426 490 597 317 652 613 649 415 445 265 684 635 119 954 380 935 987 829 13 951 118 813 128 923 470 
189 817 810 829 0 81 896 514 542 563 694 967 404 290 635 407 254 283 174 698 548 857 684 18 811 64 952 149 892 316 
603 284 665 426 81 0 451 361 480 930 636 302 10 531 167 551 445 860 869 200 501 503 607 754 138 780 803 685 988 487 
144 506 981 490 896 451 0 54 150 902 358 650 145 25 452 506 505 382 493 158 391 23 324 294 819 183 514 18 35 17 
848 358 412 597 514 361 54 0 624 140 506 755 942 542 95 780 595 596 33 952 246 178 977 49 35 833 430 527 990 173 
372 887 833 317 542 480 150 624 0 901 313 818 719 847 331 736 881 699 360 20 204 466 313 745 560 445 340 508 477 643 
466 650 617 652 563 930 902 140 901 0 753 6 971 153 40 803 583 918 792 107 818 456 924 536 302 254 272 182 953 983 
500 205 270 613 694 636 358 506 313 753 0 553 508 448 218 253 360 662 944 867 490 938 971 848 909 123 239 711 57 157 
302 610 190 649 967 302 650 755 818 6 553 0 855 163 974 310 438 862 612 44 133 145 348 467 698 855 266 915 459 625 
114 115 855 415 404 10 145 942 719 971 508 855 0 928 402 843 769 340 165 616 248 640 207 310 48 363 164 563 688 474 
785 704 919 445 290 531 25 542 847 153 448 163 928 0 1000 549 85 43 33 581 390 499 278 597 765 544 55 741 823 809 
108 263 394 265 635 167 452 95 331 40 218 974 402 1000 0 936 592 500 452 559 99 91 765 408 491 479 572 53 519 397 
283 580 816 684 407 551 506 780 736 803 253 310 843 549 936 0 404 67 833 799 452 413 540 950 691 136 66 586 543 807 
326 840 33 635 254 445 505 595 881 583 360 438 769 85 592 404 0 761 351 94 704 850 545 262 948 988 379 707 478 209 
136 371 450 119 283 860 382 596 699 918 662 862 340 43 500 67 761 0 278 882 727 26 637 146 858 435 597 271 975 898 
914 862 79 954 174 869 493 33 360 792 944 612 165 33 452 833 351 278 0 313 462 964 250 4 770 10 354 215 713 555 
299 166 613 380 698 200 158 952 20 107 867 44 616 581 559 799 94 882 313 0 759 327 854 98 705 561 575 265 190 808 
177 858 289 935 548 501 391 246 204 818 490 133 248 390 99 452 704 727 462 759 0 992 216 445 489 73 879 85 695 205 
382 776 449 987 857 503 23 178 466 456 938 145 640 499 91 413 850 26 964 327 992 0 982 7 667 945 257 22 66 618 
880 816 826 829 684 607 324 977 313 924 971 348 207 278 765 540 545 637 250 854 216 982 0 728 280 331 282 391 657 136 
751 35 806 13 18 754 294 49 745 536 848 467 310 597 408 950 262 146 4 98 445 7 728 0 488 713 696 415 977 885 
456 157 658 951 811 138 819 35 560 302 909 698 48 765 491 691 948 858 770 705 489 667 280 488 0 222 320 452 18 808 
777 695 953 118 64 780 183 833 445 254 123 855 363 544 479 136 988 435 10 561 73 945 331 713 222 0 525 249 892 219 
280 137 621 813 952 803 514 430 340 272 239 266 164 55 572 66 379 597 354 575 879 257 282 696 320 525 0 453 226 578 
576 965 692 128 149 685 18 527 508 182 711 915 563 741 53 586 707 271 215 265 85 22 391 415 452 249 453 0 471 522 
988 823 110 923 892 988 35 990 477 953 57 459 688 823 519 543 478 975 713 190 695 66 657 977 18 892 226 471 0 186 
249 417 668 470 316 487 17 173 643 983 157 625 474 809 397 807 209 898 555 808 205 618 136 885 808 219 578 522 186 0 
