60
0 797 9 232 681 874 497 848 284 118 391 467 898 646 603 822 15 717 175 258 30 281 546 477 602 915 545 427 356 740 558 87 889 919 318 921 792 167 769 75 636 511 893 885 508 496 706 523 212 232 780 593 513 677 69 466 591 614 893 298 
797 0 705 802 384 945 720 54 866 512 572 986 938 207 848 831 91 356 326 149 230 889 380 9 482 244 37 550 710 627 515 954 925 572 755 660 516 475 713 733 986 636 718 275 842 918 105 285 273 782 433 502 671 812 862 152 408 898 53 117 
9 705 0 876 920 70 800 491 176 812 358 650 876 91 987 512 160 262 353 77 718 989 349 500 421 202 170 585 63 673 992 312 725 460 188 996 529 339 486 704 502 844 706 378 286 44 889 445 657 593 522 375 582 222 874 354 776 395 290 838 
232 802 876 0 67 281 502 143 740 41 139 620 731 624 676 233 819 733 610 104 776 498 549 433 442 422 807 23 995 32 729 770 426 18 960 492 651 461 634 390 853 124 362 583 100 389 815 918 121 424 374 896 273 274 328 715 47 486 89 41 
681 384 920 67 0 517 817 811 942 835 770 785 485 582 771 226 434 246 939 16 345 679 831 615 799 606 988 47 231 613 374 945 659 212 385 699 80 202 861 374 388 630 158 224 563 280 801 996 526 92 364 870 770 546 836 569 151 175 615 733 
874 945 70 281 517 0 787 340 677 445 903 414 496 983 967 356 356 354 338 865 929 900 145 81 248 22 524 611 243 294 508 79 214 10 253 180 743 392 871 419 188 774 832 683 108 798 391 463 503 728 679 783 979 175 216 226 196 739 188 439 
497 720 800 502 817 787 0 384 695 869 597 705 121 128 447 512 999 217 52 124 401 734 583 550 124 45 405 203 75 187 534 250 754 111 445 493 299 235 876 345 103 825 49 576 952 847 87 302 416 138 777 816 224 359 717 699 755 121 254 830 
848 54 491 143 811 340 384 0 660 787 79 413 897 875 257 547 110 133 892 212 957 292 787 260 491 226 914 906 715 690 73 290 49 789 989 155 910 242 984 921 380 62 333 276 289 590 823 398 74 66 961 382 357 748 993 847 325 906 752 39 
284 866 176 740 942 677 695 660 0 596 824 329 996 965 669 150 226 262 486 146 641 899 830 268 187 771 90 584 844 155 545 577 864 644 570 710 968 475 814 358 422 989 38 769 953 58 271 178 319 756 675 959 654 505 227 841 275 668 776 471 
118 512 812 41 835 445 869 787 596 0 175 672 47 38 315 616 99 634 443 264 344 864 253 733 985 557 791 255 87 109 10 761 420 663 617 998 855 892 665 631 362 191 302 760 580 969 376 679 954 170 942 297 33 546 30 369 455 172 623 893 
391 572 358 139 770 903 597 79 824 175 0 632 632 653 51 647 622 400 501 865 417 483 578 607 785 337 187 105 64 217 58 233 510 707 618 56 88 986 862 259 609 754 890 592 758 293 590 379 692 443 243 108 925 820 715 61 509 253 165 572 
467 986 650 620 785 414 705 413 329 672 632 0 469 223 805 978 281 774 385 368 759 246 978 719 351 867 663 109 511 252 839 203 694 434 310 619 605 376 679 113 628 196 37 448 418 841 426 50 966 162 417 724 760 746 795 110 612 457 570 475 
898 938 876 731 485 496 121 897 996 47 632 469 0 708 761 677 754 194 338 724 798 66 402 263 45 949 299 493 718 491 270 767 456 431 535 531 542 280 325 652 244 781 573 718 841 333 394 946 878 83 669 28 148 422 290 193 371 940 685 88 
646 207 91 624 582 983 128 875 965 38 653 223 708 0 782 306 855 589 88 389 119 630 669 444 633 264 576 557 981 768 890 374 713 767 456 381 146 604 803 435 148 525 726 832 612 507 489 818 95 576 559 566 557 579 361 189 842 936 746 822 
603 848 987 676 771 967 447 257 669 315 51 805 761 782 0 704 987 195 768 105 2 149 251 957 303 37 104 179 763 287 790 621 775 960 68 351 518 633 259 96 993 448 937 928 545 758 983 531 304 103 987 657 603 237 614 257 274 69 435 388 
822 831 512 233 226 356 512 547 150 616 647 978 677 306 704 0 356 224 8 482 183 75 184 52 59 443 147 51 890 435 331 786 192 665 668 847 767 654 856 369 243 469 977 516 889 411 255 244 987 614 726 521 41 909 573 99 351 719 502 592 
15 91 160 819 434 356 999 110 226 99 622 281 754 855 987 356 0 154 832 729 697 848 396 896 967 402 751 687 644 571 664 511 459 74 765 55 60 730 780 581 770 40 153 221 743 223 722 686 376 905 415 425 752 162 320 718 563 422 405 206 
717 356 262 733 246 354 217 133 262 634 400 774 194 589 195 224 154 0 992 68 68 450 141 832 504 553 914 635 133 683 27 637 903 769 859 624 454 587 880 220 11 632 382 682 349 944 455 105 502 446 172 569 247 665 753 103 217 666 737 701 
175 326 353 610 939 338 52 892 486 443 501 385 338 88 768 8 832 992 0 700 115 337 955 883 195 930 689 781 810 908 143 441 641 176 141 937 630 246 438 427 769 358 674 785 462 776 353 127 864 53 179 979 389 133 213 936 62 901 68 871 
258 149 77 104 16 865 124 212 146 264 865 368 724 389 105 482 729 68 700 0 161 563 663 801 738 804 737 720 401 526 146 521 884 819 306 345 946 658 824 810 63 354 140 451 486 352 738 899 605 806 122 765 368 784 917 457 939 654 176 691 
30 230 718 776 345 929 401 957 641 344 417 759 798 119 2 183 697 68 115 161 0 179 322 212 414 492 517 111 438 174 934 599 236 287 90 39 124 441 128 374 397 285 495 161 652 631 78 461 921 83 636 612 613 309 823 27 153 339 137 590 
281 889 989 498 679 900 734 292 899 864 483 246 66 630 149 75 848 450 337 563 179 0 864 422 540 452 60 629 842 535 421 969 908 818 254 755 978 257 385 407 69 305 841 57 916 454 365 90 832 517 428 320 458 644 741 349 95 152 977 288 
546 380 349 549 831 145 583 787 830 253 578 978 402 669 251 184 396 141 955 663 322 864 0 38 398 608 945 567 861 51 896 470 787 303 538 92 143 594 359 948 311 449 779 179 228 98 989 871 190 337 317 693 666 956 730 415 564 27 981 776 
477 9 500 433 615 81 550 260 268 733 607 719 263 444 957 52 896 832 883 801 212 422 38 0 77 876 245 864 530 135 307 673 80 17 972 742 817 751 921 45 200 261 267 742 597 936 434 614 891 164 28 806 190 8 582 618 884 178 481 765 
602 482 421 442 799 248 124 491 187 985 785 351 45 633 303 59 967 504 195 738 414 540 398 77 0 664 139 437 744 156 761 837 972 511 757 368 62 369 635 803 318 922 589 931 164 752 959 970 293 966 551 910 201 80 743 966 744 881 754 839 
915 244 202 422 606 22 45 226 771 557 337 867 949 264 37 443 402 553 930 804 492 452 608 876 664 0 36 866 675 8 728 784 727 790 152 361 944 469 634 532 400 798 283 710 119 927 27 21 189 580 100 931 545 195 811 650 33 199 516 708 
545 37 170 807 988 524 405 914 90 791 187 663 299 576 104 147 751 914 689 737 517 60 945 245 139 36 0 558 243 843 284 384 994 997 328 815 630 859 566 779 494 275 897 772 301 917 960 880 369 890 776 563 53 778 948 603 645 7 512 239 
427 550 585 23 47 611 203 906 584 255 105 109 493 557 179 51 687 635 781 720 111 629 567 864 437 866 558 0 849 795 623 194 143 302 8 125 512 925 255 5 199 152 777 852 420 88 731 140 330 507 703 382 636 2 336 280 8 847 518 856 
356 710 63 995 231 243 75 715 844 87 64 511 718 981 763 890 644 133 810 401 438 842 861 530 744 675 243 849 0 993 492 401 136 145 409 612 657 685 866 13 884 17 141 735 789 229 817 928 558 675 982 291 310 983 626 941 342 824 811 197 
740 627 673 32 613 294 187 690 155 109 217 252 491 768 287 435 571 683 908 526 174 535 51 135 156 8 843 795 993 0 816 302 598 951 447 358 562 455 42 428 467 277 796 608 363 936 836 180 216 745 854 549 35 516 532 12 456 873 835 266 
558 515 992 729 374 508 534 73 545 10 58 839 270 890 790 331 664 27 143 146 934 421 896 307 761 728 284 623 492 816 0 422 650 920 371 953 718 728 866 172 121 645 638 750 793 245 112 728 432 643 943 176 849 492 562 364 375 573 171 599 
87 954 312 770 945 79 250 290 577 761 233 203 767 374 621 786 511 637 441 521 599 969 470 673 837 784 384 194 401 302 422 0 407 789 372 409 60 742 361 777 821 226 300 942 223 937 43 15 534 154 94 317 149 37 845 997 880 406 712 606 
889 925 725 426 659 214 754 49 864 420 510 694 456 713 775 192 459 903 641 884 236 908 787 80 972 727 994 143 136 598 650 407 0 331 882 556 737 22 928 497 81 669 857 209 490 435 508 783 657 797 177 23 682 330 116 998 830 504 842 826 
919 572 460 18 212 10 111 789 644 663 707 434 431 767 960 665 74 769 176 819 287 818 303 17 511 790 997 302 145 951 920 789 331 0 735 600 537 340 930 771 896 18 144 175 515 577 843 371 785 684 157 645 818 165 441 994 187 122 676 655 
318 755 188 960 385 253 445 989 570 617 618 310 535 456 68 668 765 859 141 306 90 254 538 972 757 152 328 8 409 447 371 372 882 735 0 471 505 158 313 683 893 912 219 584 193 341 831 210 837 5 724 413 200 95 549 235 603 193 53 768 
921 660 996 492 699 180 493 155 710 998 56 619 531 381 351 847 55 624 937 345 39 755 92 742 368 361 815 125 612 358 953 409 556 600 471 0 985 46 306 106 73 960 577 578 470 241 260 362 504 830 297 696 523 480 905 359 484 629 123 35 
792 516 529 651 80 743 299 910 968 855 88 605 542 146 518 767 60 454 630 946 124 978 143 817 62 944 630 512 657 562 718 60 737 537 505 985 0 75 671 270 29 864 322 796 848 719 454 306 144 413 234 721 882 474 332 595 329 513 244 24 
167 475 339 461 202 392 235 242 475 892 986 376 280 604 633 654 730 587 246 658 441 257 594 751 369 469 859 925 685 455 728 742 22 340 158 46 75 0 35 723 280 745 558 260 867 593 334 538 862 363 753 535 510 952 605 963 609 748 728 842 
769 713 486 634 861 871 876 984 814 665 862 679 325 803 259 856 780 880 438 824 128 385 359 921 635 634 566 255 866 42 866 361 928 930 313 306 671 35 0 820 609 667 503 556 347 16 799 370 402 873 2 147 430 261 365 22 947 254 235 661 
75 733 704 390 374 419 345 921 358 631 259 113 652 435 96 369 581 220 427 810 374 407 948 45 803 532 779 5 13 428 172 777 497 771 683 106 270 723 820 0 6 121 170 310 78 485 918 825 212 112 997 172 130 499 79 477 866 877 198 268 
636 986 502 853 388 188 103 380 422 362 609 628 244 148 993 243 770 11 769 63 397 69 311 200 318 400 494 199 884 467 121 821 81 896 893 73 29 280 609 6 0 749 199 414 179 460 778 552 406 32 139 66 389 259 587 698 336 423 968 513 
511 636 844 124 630 774 825 62 989 191 754 196 781 525 448 469 40 632 358 354 285 305 449 261 922 798 275 152 17 277 645 226 669 18 912 960 864 745 667 121 749 0 634 79 861 158 208 359 236 684 225 465 882 492 565 432 257 95 891 386 
893 718 706 362 158 832 49 333 38 302 890 37 573 726 937 977 153 382 674 140 495 841 779 267 589 283 897 777 141 796 638 300 857 144 219 577 322 558 503 170 199 634 0 647 648 769 785 65 158 395 652 207 731 74 526 595 60 604 455 217 
885 275 378 583 224 683 576 276 769 760 592 448 718 832 928 516 221 682 785 451 161 57 179 742 931 710 772 852 735 608 750 942 209 175 584 578 796 260 556 310 414 79 647 0 164 165 804 199 741 268 432 232 833 864 840 927 754 226 925 754 
508 842 286 100 563 108 952 289 953 580 758 418 841 612 545 889 743 349 462 486 652 916 228 597 164 119 301 420 789 363 793 223 490 515 193 470 848 867 347 78 179 861 648 164 0 346 61 818 503 456 821 62 538 247 587 132 306 543 938 874 
496 918 44 389 280 798 847 590 58 969 293 841 333 507 758 411 223 944 776 352 631 454 98 936 752 927 917 88 229 936 245 937 435 577 341 241 719 593 16 485 460 158 769 165 346 0 706 102 677 256 843 297 688 426 481 551 618 407 656 195 
706 105 889 815 801 391 87 823 271 376 590 426 394 489 983 255 722 455 353 738 78 365 989 434 959 27 960 731 817 836 112 43 508 843 831 260 454 334 799 918 778 208 785 804 61 706 0 684 409 540 744 579 395 199 399 456 88 645 394 219 
523 285 445 918 996 463 302 398 178 679 379 50 946 818 531 244 686 105 127 899 461 90 871 614 970 21 880 140 928 180 728 15 783 371 210 362 306 538 370 825 552 359 65 199 818 102 684 0 302 936 508 175 993 962 204 249 804 500 936 581 
212 273 657 121 526 503 416 74 319 954 692 966 878 95 304 987 376 502 864 605 921 832 190 891 293 189 369 330 558 216 432 534 657 785 837 504 144 862 402 212 406 236 158 741 503 677 409 302 0 980 838 198 738 493 392 421 254 284 165 832 
232 782 593 424 92 728 138 66 756 170 443 162 83 576 103 614 905 446 53 806 83 517 337 164 966 580 890 507 675 745 643 154 797 684 5 830 413 363 873 112 32 684 395 268 456 256 540 936 980 0 678 715 582 485 803 227 878 373 528 166 
780 433 522 374 364 679 777 961 675 942 243 417 669 559 987 726 415 172 179 122 636 428 317 28 551 100 776 703 982 854 943 94 177 157 724 297 234 753 2 997 139 225 652 432 821 843 744 508 838 678 0 881 703 158 842 258 758 997 109 693 
593 502 375 896 870 783 816 382 959 297 108 724 28 566 657 521 425 569 979 765 612 320 693 806 910 931 563 382 291 549 176 317 23 645 413 696 721 535 147 172 66 465 207 232 62 297 579 175 198 715 881 0 929 88 882 127 177 375 870 950 
513 671 582 273 770 979 224 357 654 33 925 760 148 557 603 41 752 247 389 368 613 458 666 190 201 545 53 636 310 35 849 149 682 818 200 523 882 510 430 130 389 882 731 833 538 688 395 993 738 582 703 929 0 980 153 466 163 182 180 744 
677 812 222 274 546 175 359 748 505 546 820 746 422 579 237 909 162 665 133 784 309 644 956 8 80 195 778 2 983 516 492 37 330 165 95 480 474 952 261 499 259 492 74 864 247 426 199 962 493 485 158 88 980 0 666 334 970 896 707 498 
69 862 874 328 836 216 717 993 227 30 715 795 290 361 614 573 320 753 213 917 823 741 730 582 743 811 948 336 626 532 562 845 116 441 549 905 332 605 365 79 587 565 526 840 587 481 399 204 392 803 842 882 153 666 0 61 939 552 570 132 
466 152 354 715 569 226 699 847 841 369 61 110 193 189 257 99 718 103 936 457 27 349 415 618 966 650 603 280 941 12 364 997 998 994 235 359 595 963 22 477 698 432 595 927 132 551 456 249 421 227 258 127 466 334 61 0 161 328 128 269 
591 408 776 47 151 196 755 325 275 455 509 612 371 842 274 351 563 217 62 939 153 95 564 884 744 33 645 8 342 456 375 880 830 187 603 484 329 609 947 866 336 257 60 754 306 618 88 804 254 878 758 177 163 970 939 161 0 372 408 708 
614 898 395 486 175 739 121 906 668 172 253 457 940 936 69 719 422 666 901 654 339 152 27 178 881 199 7 847 824 873 573 406 504 122 193 629 513 748 254 877 423 95 604 226 543 407 645 500 284 373 997 375 182 896 552 328 372 0 254 534 
893 53 290 89 615 188 254 752 776 623 165 570 685 746 435 502 405 737 68 176 137 977 981 481 754 516 512 518 811 835 171 712 842 676 53 123 244 728 235 198 968 891 455 925 938 656 394 936 165 528 109 870 180 707 570 128 408 254 0 884 
298 117 838 41 733 439 830 39 471 893 572 475 88 822 388 592 206 701 871 691 590 288 776 765 839 708 239 856 197 266 599 606 826 655 768 35 24 842 661 268 513 386 217 754 874 195 219 581 832 166 693 950 744 498 132 269 708 534 884 0 
