90
0 313 34 659 140 740 943 384 138 144 908 609 801 461 1000 70 687 481 768 251 277 226 81 155 469 240 883 30 527 648 725 845 313 110 504 452 850 798 836 339 941 743 947 94 556 299 163 594 779 282 844 408 507 277 562 976 516 444 357 42 443 81 887 107 190 742 559 391 891 746 730 831 840 28 276 747 326 791 340 105 424 536 864 283 164 425 610 679 220 966 
313 0 72 14 398 310 121 587 403 31 330 293 128 59 476 967 86 103 66 764 893 757 220 669 644 83 951 807 859 912 837 430 877 261 443 274 922 915 212 325 945 541 969 424 951 444 743 37 899 808 152 143 916 371 811 560 453 113 366 663 24 555 92 900 815 534 525 736 801 737 412 97 629 381 521 580 176 263 968 74 70 119 217 337 489 27 896 293 492 614 
34 72 0 955 515 168 46 415 982 931 291 69 731 27 481 828 656 861 700 235 36 962 554 462 383 672 678 719 512 56 615 804 547 228 758 414 747 155 828 728 85 118 148 168 497 628 347 504 488 46 90 876 359 643 689 741 314 718 459 825 773 425 980 672 652 737 85 750 243 264 477 679 733 625 846 581 604 544 84 444 941 173 671 299 815 359 39 480 76 850 
659 14 955 0 656 200 274 635 223 278 723 659 27 965 274 856 644 7 832 841 939 435 737 23 878 677 547 900 328 714 258 366 193 685 567 201 885 841 835 107 470 558 118 496 874 391 703 869 397 534 62 688 321 150 710 198 826 608 98 153 321 707 871 866 392 437 418 628 629 252 86 98 161 203 946 387 594 648 255 342 182 668 29 502 817 90 51 995 698 500 
140 398 515 656 0 499 370 207 369 587 950 158 4 577 138 608 662 236 768 865 181 506 458 180 761 151 361 780 180 214 597 621 265 943 670 116 441 40 322 162 978 623 671 982 199 808 589 861 395 708 77 575 214 886 755 326 36 467 457 567 681 53 188 297 347 857 412 788 248 86 301 226 708 971 559 907 778 499 119 525 206 195 451 771 80 557 448 115 24 905 
740 310 168 200 499 0 34 56 309 221 352 656 429 115 795 29 200 95 254 260 417 164 518 546 662 636 70 219 830 521 342 261 77 789 375 452 45 408 507 354 980 210 9 761 677 155 789 228 249 394 487 665 557 4 210 570 991 632 140 820 152 833 432 228 974 159 680 18 918 538 371 898 748 731 658 424 885 798 651 485 191 490 501 99 845 63 20 836 694 511 
943 121 46 274 370 34 0 7 845 344 439 424 317 597 455 334 514 993 57 763 92 787 772 867 24 569 869 508 111 710 9 561 555 423 580 390 116 443 396 312 786 186 87 454 782 542 787 648 886 843 410 329 982 182 547 5 102 415 512 213 125 872 773 31 294 705 420 761 147 167 424 284 705 511 737 486 404 875 485 289 718 895 969 51 76 515 55 529 281 918 
384 587 415 635 207 56 7 0 741 757 790 866 787 435 922 558 548 68 77 971 703 781 481 439 618 884 313 103 524 382 997 492 432 424 358 486 952 639 756 45 395 545 262 534 331 183 91 878 602 519 849 304 299 681 94 917 917 406 371 440 140 367 284 571 142 641 409 445 279 164 841 26 60 102 559 390 284 1 620 885 520 820 540 170 500 633 86 416 391 456 
138 403 982 223 369 309 845 741 0 208 530 174 491 100 667 483 860 112 114 23 952 139 82 406 49 824 689 401 443 926 920 614 817 90 113 450 527 881 840 335 88 369 860 930 820 527 412 680 990 525 54 293 15 136 698 63 311 739 464 105 664 735 718 832 176 182 281 703 414 472 389 501 840 248 782 12 126 194 691 115 70 744 408 85 231 457 499 541 195 962 
144 31 931 278 587 221 344 757 208 0 997 210 49 714 42 224 248 322 926 661 794 314 514 985 914 295 996 39 840 38 154 910 134 913 994 364 369 492 257 916 806 253 125 854 319 166 77 918 840 355 578 985 20 91 321 933 738 317 324 577 706 829 486 839 741 831 555 461 323 811 376 480 415 501 333 85 18 761 354 857 467 932 193 487 374 514 771 111 182 94 
908 330 291 723 950 352 439 790 530 997 0 40 887 922 525 78 14 356 632 475 30 794 202 509 560 702 193 997 72 305 350 280 772 633 473 610 7 338 380 469 519 826 508 757 747 385 834 761 92 465 587 121 610 788 981 170 842 525 518 265 829 867 544 952 500 368 561 858 705 941 678 223 766 186 980 864 922 165 976 13 982 914 133 591 54 465 112 895 341 629 
609 293 69 659 158 656 424 866 174 210 40 0 511 169 848 54 473 699 774 33 908 478 325 585 53 442 122 384 658 43 548 985 55 529 899 539 472 952 355 583 198 695 564 708 216 763 113 688 461 886 72 368 364 749 304 768 542 426 151 199 820 698 184 227 579 434 117 50 385 472 984 934 518 547 641 733 309 105 772 121 991 196 840 706 296 144 473 837 569 975 
801 128 731 27 4 429 317 787 491 49 887 511 0 388 388 672 923 614 250 356 731 651 92 554 635 25 71 181 17 156 842 473 279 962 815 474 154 520 769 297 344 958 865 318 345 604 342 267 570 943 974 300 594 417 205 228 793 275 760 161 782 953 633 61 915 448 534 420 319 655 716 15 612 580 684 308 535 25 926 104 320 899 755 265 667 959 492 459 586 603 
461 59 27 965 577 115 597 435 100 714 922 169 388 0 619 367 556 603 779 822 50 313 241 369 319 956 383 930 887 418 589 421 443 514 877 114 764 631 378 430 942 221 888 879 823 858 245 378 460 24 199 510 688 791 230 358 746 964 639 984 381 227 757 175 740 633 640 503 615 17 932 908 237 171 786 60 28 31 789 487 406 340 348 445 130 929 802 228 244 440 
1000 476 481 274 138 795 455 922 667 42 525 848 388 619 0 211 977 666 967 503 757 951 143 259 566 159 542 473 748 712 259 807 91 641 947 929 398 638 629 842 768 557 995 347 153 786 557 129 451 876 631 559 826 773 817 391 284 710 216 31 421 826 189 863 818 135 791 215 773 419 408 892 328 402 238 832 539 146 960 989 21 942 899 847 67 715 589 350 424 156 
70 967 828 856 608 29 334 558 483 224 78 54 672 367 211 0 380 196 981 568 410 798 54 200 364 178 971 771 69 650 524 658 481 62 804 440 402 176 733 300 22 799 366 963 148 141 118 527 688 451 446 97 600 500 297 964 677 619 86 98 268 610 755 748 23 558 539 777 86 271 428 107 422 794 421 569 286 891 448 974 341 893 70 292 744 718 255 773 688 341 
687 86 656 644 662 200 514 548 860 248 14 473 923 556 977 380 0 870 955 302 624 54 676 534 592 452 619 215 880 77 988 673 850 556 958 740 355 283 432 600 705 723 343 422 330 115 110 22 336 416 323 960 470 998 845 413 450 463 979 681 891 966 705 740 874 14 831 228 297 262 827 1 337 522 774 666 988 883 687 324 651 361 283 120 358 479 884 159 293 863 
481 103 861 7 236 95 993 68 112 322 356 699 614 603 666 196 870 0 839 183 828 543 275 701 557 105 281 205 367 107 205 55 980 330 720 968 213 758 291 215 118 925 334 827 755 217 986 47 431 176 229 611 71 503 663 979 960 943 183 678 402 739 732 381 68 803 700 632 560 342 846 29 266 531 855 372 100 192 418 530 368 999 492 790 853 155 768 812 97 302 
768 66 700 832 768 254 57 77 114 926 632 774 250 779 967 981 955 839 0 489 498 40 220 231 459 22 930 443 933 272 288 961 889 171 816 261 270 359 678 151 726 676 643 515 881 149 634 692 245 935 181 95 326 752 325 785 126 606 227 58 877 866 371 766 36 538 378 657 896 407 160 974 435 154 840 315 302 474 6 546 760 538 640 86 290 316 222 767 922 800 
251 764 235 841 865 260 763 971 23 661 475 33 356 822 503 568 302 183 489 0 824 150 17 546 267 53 83 644 61 331 51 220 304 837 373 143 151 674 968 156 572 728 694 563 165 335 231 386 101 152 537 276 653 553 174 920 957 256 915 18 586 317 589 241 153 314 736 303 339 703 459 910 782 504 825 946 190 55 683 642 558 219 917 210 772 90 129 728 698 396 
277 893 36 939 181 417 92 703 952 794 30 908 731 50 757 410 624 828 498 824 0 97 635 712 38 876 865 351 611 167 689 665 977 951 799 832 775 96 21 181 779 662 738 349 931 947 472 372 428 552 421 823 1000 56 886 37 283 750 387 893 269 428 909 245 378 707 429 504 803 449 684 933 463 773 633 745 719 105 116 498 8 537 672 7 944 558 44 226 659 782 
226 757 962 435 506 164 787 781 139 314 794 478 651 313 951 798 54 543 40 150 97 0 470 927 209 730 524 938 437 952 793 591 752 828 523 214 600 155 958 671 611 426 168 618 314 192 625 609 101 20 834 759 801 655 686 362 384 561 299 172 512 444 762 615 271 284 181 871 791 138 541 401 915 60 19 228 251 995 836 703 14 21 462 166 27 499 527 763 59 178 
81 220 554 737 458 518 772 481 82 514 202 325 92 241 143 54 676 275 220 17 635 470 0 934 922 621 48 536 891 683 716 113 473 206 5 226 472 65 596 700 667 590 887 370 955 260 183 120 286 681 999 48 739 176 334 12 148 381 899 390 63 967 503 888 172 507 113 643 923 708 694 942 649 933 663 603 192 845 722 829 877 720 229 967 247 914 978 394 294 876 
155 669 462 23 180 546 867 439 406 985 509 585 554 369 259 200 534 701 231 546 712 927 934 0 784 708 194 638 595 365 496 59 360 419 766 405 712 414 337 726 16 880 570 90 709 798 161 289 764 760 202 741 153 847 968 288 554 162 925 501 878 421 559 589 191 325 994 254 90 330 979 458 562 900 899 622 697 59 910 460 818 463 552 323 309 871 610 214 384 535 
469 644 383 878 761 662 24 618 49 914 560 53 635 319 566 364 592 557 459 267 38 209 922 784 0 66 262 307 625 850 497 301 195 750 390 877 728 199 438 627 97 59 675 508 320 134 325 782 37 647 442 907 609 7 643 143 73 904 449 697 105 297 349 652 46 738 528 125 289 317 103 385 375 777 892 46 262 569 179 650 567 620 908 175 978 550 669 50 805 469 
240 83 672 677 151 636 569 884 824 295 702 442 25 956 159 178 452 105 22 53 876 730 621 708 66 0 98 262 765 446 913 162 536 440 286 824 108 740 208 834 516 452 879 129 20 57 778 586 28 686 113 357 587 781 407 392 250 504 653 366 950 565 528 485 356 165 660 463 905 867 648 772 670 526 253 689 934 30 627 313 67 739 669 654 519 75 397 120 931 49 
883 951 678 547 361 70 869 313 689 996 193 122 71 383 542 971 619 281 930 83 865 524 48 194 262 98 0 486 880 965 365 716 672 881 375 486 137 593 133 261 263 658 513 303 943 542 929 255 961 667 923 614 538 350 10 9 280 410 846 511 726 210 578 397 443 952 882 579 896 366 839 510 23 351 813 317 245 93 571 205 112 845 170 1 546 531 9 177 292 855 
30 807 719 900 780 219 508 103 401 39 997 384 181 930 473 771 215 205 443 644 351 938 536 638 307 262 486 0 687 17 416 616 413 858 567 646 437 815 11 627 676 385 330 488 701 926 933 623 482 44 819 651 44 365 533 52 541 176 258 580 192 674 195 956 531 114 953 319 280 963 298 955 699 627 795 751 552 727 373 33 122 191 35 165 907 919 568 800 94 826 
527 859 512 328 180 830 111 524 443 840 72 658 17 887 748 69 880 367 933 61 611 437 891 595 625 765 880 687 0 379 637 499 573 592 381 38 544 700 317 858 997 272 908 975 66 658 526 792 30 910 913 572 296 429 831 214 348 630 659 525 8 295 375 932 238 756 970 781 807 286 990 155 909 897 129 974 906 6 117 287 267 381 210 562 161 40 127 509 669 785 
648 912 56 714 214 521 710 382 926 38 305 43 156 418 712 650 77 107 272 331 167 952 683 365 850 446 965 17 379 0 33 28 431 760 960 668 515 281 800 673 918 789 827 827 37 307 152 294 664 269 580 930 649 789 843 162 829 969 670 849 105 54 877 535 813 836 202 679 468 1 351 385 141 529 211 529 835 715 822 498 983 753 779 983 541 621 144 721 941 165 
725 837 615 258 597 342 9 997 920 154 350 548 842 589 259 524 988 205 288 51 689 793 716 496 497 913 365 416 637 33 0 922 45 219 798 579 31 985 132 62 452 484 412 836 976 941 399 856 127 113 29 625 447 781 755 781 674 376 925 746 316 89 667 361 659 464 291 42 800 775 103 251 258 514 439 586 806 189 441 933 653 470 909 451 602 663 231 275 390 155 
845 430 804 366 621 261 561 492 614 910 280 985 473 421 807 658 673 55 961 220 665 591 113 59 301 162 716 616 499 28 922 0 21 706 596 39 418 606 855 60 647 654 834 749 257 444 615 47 29 772 587 821 56 239 290 964 689 892 979 919 518 720 426 890 777 373 929 194 978 783 606 625 788 791 725 396 586 691 442 966 463 28 787 518 618 76 834 658 319 164 
313 877 547 193 265 77 555 432 817 134 772 55 279 443 91 481 850 980 889 304 977 752 473 360 195 536 672 413 573 431 45 21 0 929 837 883 354 78 660 78 6 205 55 140 810 31 280 953 108 675 538 798 469 504 260 496 290 130 466 717 963 123 388 126 51 576 8 756 653 667 833 11 224 240 150 33 622 781 985 729 456 875 527 924 378 138 771 19 267 236 
110 261 228 685 943 789 423 424 90 913 633 529 962 514 641 62 556 330 171 837 951 828 206 419 750 440 881 858 592 760 219 706 929 0 735 229 711 474 706 761 49 714 869 702 732 701 64 955 292 565 340 914 346 324 642 153 550 520 428 927 10 198 945 276 786 32 857 848 505 562 608 906 627 476 959 711 529 22 665 820 586 4 733 931 680 727 83 229 598 510 
504 443 758 567 670 375 580 358 113 994 473 899 815 877 947 804 958 720 816 373 799 523 5 766 390 286 375 567 381 960 798 596 837 735 0 508 607 60 452 235 197 835 443 44 340 356 3 597 335 479 555 45 359 576 709 530 161 65 615 444 96 341 526 676 290 388 183 249 447 987 835 643 821 277 38 512 984 40 108 318 870 662 714 228 589 775 758 750 839 724 
452 274 414 201 116 452 390 486 450 364 610 539 474 114 929 440 740 968 261 143 832 214 226 405 877 824 486 646 38 668 579 39 883 229 508 0 193 286 64 70 961 705 457 496 953 255 482 787 249 654 415 286 166 399 678 625 68 547 639 782 127 227 556 236 328 746 959 520 31 22 942 343 726 750 838 31 5 319 817 605 973 232 243 490 630 920 114 49 466 752 
850 922 747 885 441 45 116 952 527 369 7 472 154 764 398 402 355 213 270 151 775 600 472 712 728 108 137 437 544 515 31 418 354 711 607 193 0 830 592 331 385 827 658 130 785 530 512 158 471 855 236 572 692 266 576 363 434 533 335 665 775 176 646 694 289 695 511 393 876 103 75 613 281 732 742 418 613 606 575 435 460 162 7 503 779 934 865 213 466 551 
798 915 155 841 40 408 443 639 881 492 338 952 520 631 638 176 283 758 359 674 96 155 65 414 199 740 593 815 700 281 985 606 78 474 60 286 830 0 229 592 78 227 285 719 273 148 463 148 250 537 760 882 620 854 299 233 811 226 667 622 739 673 124 518 959 341 82 424 243 662 16 321 888 652 391 512 799 853 660 400 389 771 634 8 976 284 240 138 861 259 
836 212 828 835 322 507 396 756 840 257 380 355 769 378 629 733 432 291 678 968 21 958 596 337 438 208 133 11 317 800 132 855 660 706 452 64 592 229 0 759 600 283 235 469 241 575 550 17 169 211 384 841 451 35 231 962 186 83 973 937 823 96 570 831 423 206 422 561 66 680 319 665 963 905 133 555 831 34 571 1000 597 954 192 399 341 423 360 526 857 685 
339 325 728 107 162 354 312 45 335 916 469 583 297 430 842 300 600 215 151 156 181 671 700 726 627 834 261 627 858 673 62 60 78 761 235 70 331 592 759 0 814 680 132 736 510 554 941 283 466 6 963 137 23 277 41 507 831 872 541 754 223 489 707 414 887 47 836 598 924 693 282 90 724 413 825 585 319 117 867 784 474 181 920 496 457 313 355 640 184 247 
941 945 85 470 978 980 786 395 88 806 519 198 344 942 768 22 705 118 726 572 779 611 667 16 97 516 263 676 997 918 452 647 6 49 197 961 385 78 600 814 0 393 406 735 451 819 973 850 7 570 125 51 204 214 774 968 390 358 286 506 224 422 980 405 341 827 213 653 181 204 188 779 948 593 513 751 764 837 600 770 407 724 820 610 938 593 577 679 950 215 
743 541 118 558 623 210 186 545 369 253 826 695 958 221 557 799 723 925 676 728 662 426 590 880 59 452 658 385 272 789 484 654 205 714 835 705 827 227 283 680 393 0 185 525 636 516 281 328 694 846 333 227 49 520 5 349 465 870 99 228 706 698 349 112 773 168 73 62 112 2 741 61 216 277 937 203 792 218 882 837 415 214 63 463 86 68 163 902 289 261 
947 969 148 118 671 9 87 262 860 125 508 564 865 888 995 366 343 334 643 694 738 168 887 570 675 879 513 330 908 827 412 834 55 869 443 457 658 285 235 132 406 185 0 129 994 310 477 458 435 996 530 496 107 883 588 519 450 864 455 652 7 24 534 844 438 99 906 253 536 325 767 437 613 28 917 959 689 393 416 123 740 297 619 846 180 206 716 629 422 171 
94 424 168 496 982 761 454 534 930 854 757 708 318 879 347 963 422 827 515 563 349 618 370 90 508 129 303 488 975 827 836 749 140 702 44 496 130 719 469 736 735 525 129 0 633 428 546 518 623 336 616 529 940 152 205 706 940 170 85 857 128 126 601 895 248 341 191 218 538 370 776 254 999 549 776 983 976 673 500 599 8 467 479 299 970 35 357 910 204 793 
556 951 497 874 199 677 782 331 820 319 747 216 345 823 153 148 330 755 881 165 931 314 955 709 320 20 943 701 66 37 976 257 810 732 340 953 785 273 241 510 451 636 994 633 0 766 683 918 366 577 518 58 768 87 596 489 862 849 839 762 976 821 738 648 320 688 8 787 518 306 756 552 14 17 108 807 782 790 76 500 719 593 557 838 680 152 326 893 352 165 
299 444 628 391 808 155 542 183 527 166 385 763 604 858 786 141 115 217 149 335 947 192 260 798 134 57 542 926 658 307 941 444 31 701 356 255 530 148 575 554 819 516 310 428 766 0 655 327 985 744 975 657 431 982 795 300 639 902 851 653 919 958 811 52 100 886 551 818 479 460 7 510 611 332 754 315 496 408 993 833 503 967 489 285 300 283 584 291 184 435 
163 743 347 703 589 789 787 91 412 77 834 113 342 245 557 118 110 986 634 231 472 625 183 161 325 778 929 933 526 152 399 615 280 64 3 482 512 463 550 941 973 281 477 546 683 655 0 943 454 744 105 506 195 990 56 364 820 515 370 329 478 702 83 144 549 842 136 381 697 455 221 981 754 503 565 44 39 351 338 492 446 794 349 641 784 757 356 955 623 726 
594 37 504 869 861 228 648 878 680 918 761 688 267 378 129 527 22 47 692 386 372 609 120 289 782 586 255 623 792 294 856 47 953 955 597 787 158 148 17 283 850 328 458 518 918 327 943 0 636 452 779 70 595 327 911 731 60 959 537 280 940 290 135 856 686 173 558 375 16 3 169 365 995 304 473 703 258 95 428 245 547 558 314 493 884 577 575 943 535 111 
779 899 488 397 395 249 886 602 990 840 92 461 570 460 451 688 336 431 245 101 428 101 286 764 37 28 961 482 30 664 127 29 108 292 335 249 471 250 169 466 7 694 435 623 366 985 454 636 0 575 474 753 709 681 790 881 238 164 248 593 684 964 939 339 436 641 949 883 68 193 781 625 507 273 861 83 848 155 617 310 729 443 62 437 123 851 669 361 367 269 
282 808 46 534 708 394 843 519 525 355 465 886 943 24 876 451 416 176 935 152 552 20 681 760 647 686 667 44 910 269 113 772 675 565 479 654 855 537 211 6 570 846 996 336 577 744 744 452 575 0 305 402 232 243 741 20 884 689 902 303 233 682 280 739 306 492 173 505 646 142 815 727 584 876 515 706 727 536 418 445 804 722 846 35 965 938 406 200 626 307 
844 152 90 62 77 487 410 849 54 578 587 72 974 199 631 446 323 229 181 537 421 834 999 202 442 113 923 819 913 580 29 587 538 340 555 415 236 760 384 963 125 333 530 616 518 975 105 779 474 305 0 502 211 340 133 301 646 624 474 150 270 615 316 348 198 192 862 255 270 749 673 714 552 746 911 939 62 849 344 261 826 3 115 36 694 247 337 691 871 810 
408 143 876 688 575 665 329 304 293 985 121 368 300 510 559 97 960 611 95 276 823 759 48 741 907 357 614 651 572 930 625 821 798 914 45 286 572 882 841 137 51 227 496 529 58 657 506 70 753 402 502 0 193 492 776 508 191 973 699 404 579 320 153 603 385 704 349 296 994 762 144 690 23 969 692 489 357 385 735 693 76 957 854 620 800 629 127 990 953 178 
507 916 359 321 214 557 982 299 15 20 610 364 594 688 826 600 470 71 326 653 1000 801 739 153 609 587 538 44 296 649 447 56 469 346 359 166 692 620 451 23 204 49 107 940 768 431 195 595 709 232 211 193 0 746 883 497 898 486 882 953 186 177 299 947 672 988 321 640 679 809 348 415 896 40 842 204 245 461 356 225 588 697 529 765 442 412 613 691 897 494 
277 371 643 150 886 4 182 681 136 91 788 749 417 791 773 500 998 503 752 553 56 655 176 847 7 781 350 365 429 789 781 239 504 324 576 399 266 854 35 277 214 520 883 152 87 982 990 327 681 243 340 492 746 0 644 434 22 942 380 693 929 701 685 959 861 32 725 108 424 567 312 668 379 667 245 966 363 773 82 157 184 695 847 432 540 490 865 562 783 245 
562 811 689 710 755 210 547 94 698 321 981 304 205 230 817 297 845 663 325 174 886 686 334 968 643 407 10 533 831 843 755 290 260 642 709 678 576 299 231 41 774 5 588 205 596 795 56 911 790 741 133 776 883 644 0 254 63 297 290 373 509 322 98 617 97 16 928 116 394 946 360 712 660 133 793 816 316 839 15 100 379 856 964 940 639 560 545 53 208 835 
976 560 741 198 326 570 5 917 63 933 170 768 228 358 391 964 413 979 785 920 37 362 12 288 143 392 9 52 214 162 781 964 496 153 530 625 363 233 962 507 968 349 519 706 489 300 364 731 881 20 301 508 497 434 254 0 426 717 508 523 333 604 538 612 719 931 909 79 994 920 211 787 88 878 977 102 977 355 957 293 646 947 204 191 1000 412 377 425 480 884 
516 453 314 826 36 991 102 917 311 738 842 542 793 746 284 677 450 960 126 957 283 384 148 554 73 250 280 541 348 829 674 689 290 550 161 68 434 811 186 831 390 465 450 940 862 639 820 60 238 884 646 191 898 22 63 426 0 299 812 487 188 775 205 470 35 635 464 954 197 250 41 427 226 142 755 933 451 47 578 397 251 120 396 14 496 820 493 379 470 656 
444 113 718 608 467 632 415 406 739 317 525 426 275 964 710 619 463 943 606 256 750 561 381 162 904 504 410 176 630 969 376 892 130 520 65 547 533 226 83 872 358 870 864 170 849 902 515 959 164 689 624 973 486 942 297 717 299 0 217 657 782 774 127 816 408 590 121 605 191 162 31 416 655 785 700 457 184 278 854 786 397 249 151 245 421 643 623 242 650 840 
357 366 459 98 457 140 512 371 464 324 518 151 760 639 216 86 979 183 227 915 387 299 899 925 449 653 846 258 659 670 925 979 466 428 615 639 335 667 973 541 286 99 455 85 839 851 370 537 248 902 474 699 882 380 290 508 812 217 0 899 431 965 25 598 372 966 718 328 156 231 710 923 238 847 623 694 382 252 899 167 1000 500 317 244 272 311 219 513 312 410 
42 663 825 153 567 820 213 440 105 577 265 199 161 984 31 98 681 678 58 18 893 172 390 501 697 366 511 580 525 849 746 919 717 927 444 782 665 622 937 754 506 228 652 857 762 653 329 280 593 303 150 404 953 693 373 523 487 657 899 0 411 742 374 787 691 745 752 760 425 907 343 486 182 580 332 804 625 713 55 876 231 406 375 899 650 998 561 868 510 872 
443 24 773 321 681 152 125 140 664 706 829 820 782 381 421 268 891 402 877 586 269 512 63 878 105 950 726 192 8 105 316 518 963 10 96 127 775 739 823 223 224 706 7 128 976 919 478 940 684 233 270 579 186 929 509 333 188 782 431 411 0 277 273 965 650 411 655 746 163 767 522 421 109 8 602 40 691 757 16 404 163 891 986 569 617 885 218 614 797 437 
81 555 425 707 53 833 872 367 735 829 867 698 953 227 826 610 966 739 866 317 428 444 967 421 297 565 210 674 295 54 89 720 123 198 341 227 176 673 96 489 422 698 24 126 821 958 702 290 964 682 615 320 177 701 322 604 775 774 965 742 277 0 476 669 65 748 633 714 158 640 811 672 758 685 93 866 692 46 257 382 155 272 137 317 515 123 885 131 359 454 
887 92 980 871 188 432 773 284 718 486 544 184 633 757 189 755 705 732 371 589 909 762 503 559 349 528 578 195 375 877 667 426 388 945 526 556 646 124 570 707 980 349 534 601 738 811 83 135 939 280 316 153 299 685 98 538 205 127 25 374 273 476 0 97 155 890 572 175 306 671 808 19 828 799 182 500 556 866 944 773 909 341 29 290 495 652 427 164 166 901 
107 900 672 866 297 228 31 571 832 839 952 227 61 175 863 748 740 381 766 241 245 615 888 589 652 485 397 956 932 535 361 890 126 276 676 236 694 518 831 414 405 112 844 895 648 52 144 856 339 739 348 603 947 959 617 612 470 816 598 787 965 669 97 0 48 649 259 854 745 765 95 668 940 401 338 99 771 517 249 304 16 804 169 311 928 77 4 308 719 498 
190 815 652 392 347 974 294 142 176 741 500 579 915 740 818 23 874 68 36 153 378 271 172 191 46 356 443 531 238 813 659 777 51 786 290 328 289 959 423 887 341 773 438 248 320 100 549 686 436 306 198 385 672 861 97 719 35 408 372 691 650 65 155 48 0 959 497 13 125 397 413 773 7 266 869 771 712 888 710 112 225 160 235 741 408 538 109 563 59 771 
742 534 737 437 857 159 705 641 182 831 368 434 448 633 135 558 14 803 538 314 707 284 507 325 738 165 952 114 756 836 464 373 576 32 388 746 695 341 206 47 827 168 99 341 688 886 842 173 641 492 192 704 988 32 16 931 635 590 966 745 411 748 890 649 959 0 490 487 774 797 205 624 756 701 636 232 449 400 356 455 665 576 226 377 463 287 840 39 447 426 
559 525 85 418 412 680 420 409 281 555 561 117 534 640 791 539 831 700 378 736 429 181 113 994 528 660 882 953 970 202 291 929 8 857 183 959 511 82 422 836 213 73 906 191 8 551 136 558 949 173 862 349 321 725 928 909 464 121 718 752 655 633 572 259 497 490 0 131 206 964 591 769 22 714 258 508 487 407 65 462 514 117 450 745 566 849 452 20 866 27 
391 736 750 628 788 18 761 445 703 461 858 50 420 503 215 777 228 632 657 303 504 871 643 254 125 463 579 319 781 679 42 194 756 848 249 520 393 424 561 598 653 62 253 218 787 818 381 375 883 505 255 296 640 108 116 79 954 605 328 760 746 714 175 854 13 487 131 0 597 594 841 236 785 879 34 211 361 239 174 952 7 547 665 617 406 503 23 822 317 536 
891 801 243 629 248 918 147 279 414 323 705 385 319 615 773 86 297 560 896 339 803 791 923 90 289 905 896 280 807 468 800 978 653 505 447 31 876 243 66 924 181 112 536 538 518 479 697 16 68 646 270 994 679 424 394 994 197 191 156 425 163 158 306 745 125 774 206 597 0 939 118 632 504 318 83 875 183 461 472 128 301 707 913 531 92 123 243 330 648 194 
746 737 264 252 86 538 167 164 472 811 941 472 655 17 419 271 262 342 407 703 449 138 708 330 317 867 366 963 286 1 775 783 667 562 987 22 103 662 680 693 204 2 325 370 306 460 455 3 193 142 749 762 809 567 946 920 250 162 231 907 767 640 671 765 397 797 964 594 939 0 337 546 210 953 303 65 327 125 733 862 63 202 845 918 519 279 792 54 739 263 
730 412 477 86 301 371 424 841 389 376 678 984 716 932 408 428 827 846 160 459 684 541 694 979 103 648 839 298 990 351 103 606 833 608 835 942 75 16 319 282 188 741 767 776 756 7 221 169 781 815 673 144 348 312 360 211 41 31 710 343 522 811 808 95 413 205 591 841 118 337 0 181 391 321 93 273 412 567 515 94 566 61 430 111 622 734 414 38 60 890 
831 97 679 98 226 898 284 26 501 480 223 934 15 908 892 107 1 29 974 910 933 401 942 458 385 772 510 955 155 385 251 625 11 906 643 343 613 321 665 90 779 61 437 254 552 510 981 365 625 727 714 690 415 668 712 787 427 416 923 486 421 672 19 668 773 624 769 236 632 546 181 0 770 273 952 971 117 869 842 747 12 895 485 275 75 227 947 520 499 711 
840 629 733 161 708 748 705 60 840 415 766 518 612 237 328 422 337 266 435 782 463 915 649 562 375 670 23 699 909 141 258 788 224 627 821 726 281 888 963 724 948 216 613 999 14 611 754 995 507 584 552 23 896 379 660 88 226 655 238 182 109 758 828 940 7 756 22 785 504 210 391 770 0 86 13 804 652 425 585 114 47 670 879 84 81 768 854 353 71 176 
28 381 625 203 971 731 511 102 248 501 186 547 580 171 402 794 522 531 154 504 773 60 933 900 777 526 351 627 897 529 514 791 240 476 277 750 732 652 905 413 593 277 28 549 17 332 503 304 273 876 746 969 40 667 133 878 142 785 847 580 8 685 799 401 266 701 714 879 318 953 321 273 86 0 821 291 17 567 303 263 403 929 338 629 227 857 479 937 294 843 
276 521 846 946 559 658 737 559 782 333 980 641 684 786 238 421 774 855 840 825 633 19 663 899 892 253 813 795 129 211 439 725 150 959 38 838 742 391 133 825 513 937 917 776 108 754 565 473 861 515 911 692 842 245 793 977 755 700 623 332 602 93 182 338 869 636 258 34 83 303 93 952 13 821 0 92 297 268 28 411 314 697 641 749 777 761 954 481 831 130 
747 580 581 387 907 424 486 390 12 85 864 733 308 60 832 569 666 372 315 946 745 228 603 622 46 689 317 751 974 529 586 396 33 711 512 31 418 512 555 585 751 203 959 983 807 315 44 703 83 706 939 489 204 966 816 102 933 457 694 804 40 866 500 99 771 232 508 211 875 65 273 971 804 291 92 0 653 474 498 571 128 761 325 56 450 305 282 658 783 571 
326 176 604 594 778 885 404 284 126 18 922 309 535 28 539 286 988 100 302 190 719 251 192 697 262 934 245 552 906 835 806 586 622 529 984 5 613 799 831 319 764 792 689 976 782 496 39 258 848 727 62 357 245 363 316 977 451 184 382 625 691 692 556 771 712 449 487 361 183 327 412 117 652 17 297 653 0 951 626 14 600 245 42 362 910 90 2 658 219 762 
791 263 544 648 499 798 875 1 194 761 165 105 25 31 146 891 883 192 474 55 105 995 845 59 569 30 93 727 6 715 189 691 781 22 40 319 606 853 34 117 837 218 393 673 790 408 351 95 155 536 849 385 461 773 839 355 47 278 252 713 757 46 866 517 888 400 407 239 461 125 567 869 425 567 268 474 951 0 612 51 945 93 704 770 942 274 897 702 951 952 
340 968 84 255 119 651 485 620 691 354 976 772 926 789 960 448 687 418 6 683 116 836 722 910 179 627 571 373 117 822 441 442 985 665 108 817 575 660 571 867 600 882 416 500 76 993 338 428 617 418 344 735 356 82 15 957 578 854 899 55 16 257 944 249 710 356 65 174 472 733 515 842 585 303 28 498 626 612 0 503 255 585 160 38 507 463 15 521 62 259 
105 74 444 342 525 485 289 885 115 857 13 121 104 487 989 974 324 530 546 642 498 703 829 460 650 313 205 33 287 498 933 966 729 820 318 605 435 400 1000 784 770 837 123 599 500 833 492 245 310 445 261 693 225 157 100 293 397 786 167 876 404 382 773 304 112 455 462 952 128 862 94 747 114 263 411 571 14 51 503 0 914 775 520 355 776 177 573 890 140 624 
424 70 941 182 206 191 718 520 70 467 982 991 320 406 21 341 651 368 760 558 8 14 877 818 567 67 112 122 267 983 653 463 456 586 870 973 460 389 597 474 407 415 740 8 719 503 446 547 729 804 826 76 588 184 379 646 251 397 1000 231 163 155 909 16 225 665 514 7 301 63 566 12 47 403 314 128 600 945 255 914 0 186 232 679 955 174 952 851 227 902 
536 119 173 668 195 490 895 820 744 932 914 196 899 340 942 893 361 999 538 219 537 21 720 463 620 739 845 191 381 753 470 28 875 4 662 232 162 771 954 181 724 214 297 467 593 967 794 558 443 722 3 957 697 695 856 947 120 249 500 406 891 272 341 804 160 576 117 547 707 202 61 895 670 929 697 761 245 93 585 775 186 0 154 730 509 90 241 546 597 703 
864 217 671 29 451 501 969 540 408 193 133 840 755 348 899 70 283 492 640 917 672 462 229 552 908 669 170 35 210 779 909 787 527 733 714 243 7 634 192 920 820 63 619 479 557 489 349 314 62 846 115 854 529 847 964 204 396 151 317 375 986 137 29 169 235 226 450 665 913 845 430 485 879 338 641 325 42 704 160 520 232 154 0 912 469 116 522 734 890 41 
283 337 299 502 771 99 51 170 85 487 591 706 265 445 847 292 120 790 86 210 7 166 967 323 175 654 1 165 562 983 451 518 924 931 228 490 503 8 399 496 610 463 846 299 838 285 641 493 437 35 36 620 765 432 940 191 14 245 244 899 569 317 290 311 741 377 745 617 531 918 111 275 84 629 749 56 362 770 38 355 679 730 912 0 88 18 569 661 907 709 
164 489 815 817 80 845 76 500 231 374 54 296 667 130 67 744 358 853 290 772 944 27 247 309 978 519 546 907 161 541 602 618 378 680 589 630 779 976 341 457 938 86 180 970 680 300 784 884 123 965 694 800 442 540 639 1000 496 421 272 650 617 515 495 928 408 463 566 406 92 519 622 75 81 227 777 450 910 942 507 776 955 509 469 88 0 636 444 940 314 398 
425 27 359 90 557 63 515 633 457 514 465 144 959 929 715 718 479 155 316 90 558 499 914 871 550 75 531 919 40 621 663 76 138 727 775 920 934 284 423 313 593 68 206 35 152 283 757 577 851 938 247 629 412 490 560 412 820 643 311 998 885 123 652 77 538 287 849 503 123 279 734 227 768 857 761 305 90 274 463 177 174 90 116 18 636 0 465 617 600 692 
610 896 39 51 448 20 55 86 499 771 112 473 492 802 589 255 884 768 222 129 44 527 978 610 669 397 9 568 127 144 231 834 771 83 758 114 865 240 360 355 577 163 716 357 326 584 356 575 669 406 337 127 613 865 545 377 493 623 219 561 218 885 427 4 109 840 452 23 243 792 414 947 854 479 954 282 2 897 15 573 952 241 522 569 444 465 0 871 105 773 
679 293 480 995 115 836 529 416 541 111 895 837 459 228 350 773 159 812 767 728 226 763 394 214 50 120 177 800 509 721 275 658 19 229 750 49 213 138 526 640 679 902 629 910 893 291 955 943 361 200 691 990 691 562 53 425 379 242 513 868 614 131 164 308 563 39 20 822 330 54 38 520 353 937 481 658 658 702 521 890 851 546 734 661 940 617 871 0 379 194 
220 492 76 698 24 694 281 391 195 182 341 569 586 244 424 688 293 97 922 698 659 59 294 384 805 931 292 94 669 941 390 319 267 598 839 466 466 861 857 184 950 289 422 204 352 184 623 535 367 626 871 953 897 783 208 480 470 650 312 510 797 359 166 719 59 447 866 317 648 739 60 499 71 294 831 783 219 951 62 140 227 597 890 907 314 600 105 379 0 13 
966 614 850 500 905 511 918 456 962 94 629 975 603 440 156 341 863 302 800 396 782 178 876 535 469 49 855 826 785 165 155 164 236 510 724 752 551 259 685 247 215 261 171 793 165 435 726 111 269 307 810 178 494 245 835 884 656 840 410 872 437 454 901 498 771 426 27 536 194 263 890 711 176 843 130 571 762 952 259 624 902 703 41 709 398 692 773 194 13 0 
