20
0 15 43 552 25 488 667 784 144 59 331 674 960 493 914 694 605 617 95 249 
15 0 192 632 817 217 570 524 492 574 604 751 120 182 117 514 85 141 1 751 
43 192 0 925 497 161 255 522 120 99 435 166 703 52 260 303 595 243 119 811 
552 632 925 0 164 995 654 737 598 404 208 779 521 721 863 13 73 966 937 569 
25 817 497 164 0 126 543 443 598 641 877 763 695 280 374 998 226 968 468 389 
488 217 161 995 126 0 131 462 42 219 411 446 426 541 318 498 404 330 570 721 
667 570 255 654 543 131 0 267 491 198 809 933 147 802 161 261 496 441 634 845 
784 524 522 737 443 462 267 0 18 601 313 406 83 126 448 301 537 245 78 77 
144 492 120 598 598 42 491 18 0 562 575 832 891 145 904 509 987 102 670 919 
59 574 99 404 641 219 198 601 562 0 600 471 79 861 966 871 846 811 889 447 
331 604 435 208 877 411 809 313 575 600 0 123 646 881 600 93 182 488 689 611 
674 751 166 779 763 446 933 406 832 471 123 0 917 250 186 748 493 682 4 353 
960 120 703 521 695 426 147 83 891 79 646 917 0 668 457 22 938 56 492 16 
493 182 52 721 280 541 802 126 145 861 881 250 668 0 916 458 239 762 268 479 
914 117 260 863 374 318 161 448 904 966 600 186 457 916 0 560 742 124 440 693 
694 514 303 13 998 498 261 301 509 871 93 748 22 458 560 0 569 973 181 257 
605 85 595 73 226 404 496 537 987 846 182 493 938 239 742 569 0 936 97 859 
617 141 243 966 968 330 441 245 102 811 488 682 56 762 124 973 936 0 121 196 
95 1 119 937 468 570 634 78 670 889 689 4 492 268 440 181 97 121 0 703 
249 751 811 569 389 721 845 77 919 447 611 353 16 479 693 257 859 196 703 0 
