100
0 132 152 144 14 700 291 976 16 515 245 47 829 638 993 278 886 340 95 482 17 383 614 681 653 149 108 938 849 117 973 169 600 125 312 614 176 603 941 192 469 537 238 649 174 230 927 60 921 373 893 289 108 858 969 760 6 77 49 855 193 374 375 793 498 39 758 673 993 50 864 813 587 453 461 760 34 739 819 954 112 63 242 219 921 211 330 278 639 731 484 831 104 859 975 601 249 84 625 241 
132 0 134 841 53 720 293 865 831 327 604 650 632 715 64 226 933 984 436 614 262 74 344 745 256 447 955 583 399 203 666 24 795 151 216 199 870 860 64 701 538 667 702 170 733 117 395 17 101 182 630 714 607 974 810 862 772 765 444 523 319 462 546 466 612 113 664 834 972 79 886 510 97 939 679 829 55 425 845 507 606 475 220 212 800 382 425 923 498 221 445 168 682 342 633 645 454 649 830 778 
152 134 0 727 67 287 176 5 317 4 412 93 849 918 698 675 490 261 826 223 37 100 720 257 545 887 290 886 872 287 692 520 116 469 598 183 107 773 539 775 777 302 867 977 572 916 3 413 528 180 635 564 279 354 821 823 592 462 61 463 748 104 334 216 572 932 750 30 56 288 804 184 942 22 512 513 937 514 925 464 693 559 27 972 264 199 146 855 661 206 318 408 661 3 623 232 934 372 613 342 
144 841 727 0 12 768 525 953 789 37 465 725 550 741 188 595 299 567 918 562 765 415 768 425 973 437 185 633 440 807 217 373 531 829 714 542 597 591 846 385 627 662 462 528 402 1 474 700 567 743 613 684 158 380 108 130 817 644 762 608 451 330 332 333 159 46 226 107 988 71 843 614 732 656 493 485 657 967 184 223 709 148 906 218 879 366 347 47 9 461 654 811 790 986 143 300 383 720 406 370 
14 53 67 12 0 790 601 335 873 256 827 357 912 145 892 487 206 39 744 423 270 461 122 316 470 582 970 632 371 955 127 671 337 846 428 706 988 28 40 212 636 218 921 547 715 812 385 920 203 129 342 472 589 815 787 410 396 756 394 119 710 520 141 398 717 920 103 56 948 494 268 935 64 188 481 778 351 218 697 553 346 390 24 286 205 163 696 952 918 89 70 980 960 210 377 676 130 832 84 429 
700 720 287 768 790 0 677 351 363 740 538 195 517 888 412 565 793 109 955 168 395 511 330 90 462 600 530 532 931 841 93 659 868 222 490 951 2 167 301 716 258 190 911 775 430 674 339 222 783 645 741 529 155 71 970 617 22 499 148 952 339 240 610 206 814 452 157 815 970 809 883 227 999 145 353 780 818 692 1 952 688 93 480 843 163 449 459 536 299 958 487 989 549 449 195 362 900 703 529 869 
291 293 176 525 601 677 0 511 411 95 861 555 448 640 724 491 992 28 178 85 507 372 599 308 830 135 606 139 973 595 688 421 141 49 320 195 929 540 57 691 635 918 597 434 909 321 276 253 700 805 689 206 177 639 865 6 773 823 497 746 417 184 518 909 584 838 103 513 729 159 555 715 428 152 148 689 824 775 293 523 580 981 80 756 619 945 113 744 767 609 841 535 792 358 795 376 547 897 240 276 
976 865 5 953 335 351 511 0 407 794 990 187 297 490 875 120 264 167 994 195 499 74 950 117 370 415 212 488 23 52 374 167 762 168 894 308 416 133 583 174 278 925 360 575 414 586 46 29 104 40 224 602 113 525 71 834 939 282 321 962 686 694 128 447 861 373 106 628 505 689 801 134 965 513 708 730 98 754 758 202 145 333 155 257 858 577 442 796 859 762 109 896 807 588 694 19 960 799 646 816 
16 831 317 789 873 363 411 407 0 839 446 950 803 958 9 532 408 114 642 961 258 326 115 866 183 692 307 331 902 420 791 149 226 731 842 244 690 640 241 858 479 39 159 633 996 167 517 755 633 158 715 242 483 830 460 18 873 118 700 774 538 490 922 115 220 115 711 262 754 951 471 584 989 629 217 337 147 733 91 779 242 158 373 76 987 832 93 211 949 144 336 838 634 609 953 205 723 15 818 828 
515 327 4 37 256 740 95 794 839 0 965 288 412 306 916 628 642 415 712 84 193 305 241 917 380 579 748 825 789 49 968 124 886 953 732 190 510 806 204 327 634 521 615 45 826 882 24 819 296 735 902 841 391 143 757 770 721 857 594 862 905 914 985 142 866 69 684 375 874 887 54 507 759 20 903 584 901 926 402 549 12 304 741 402 798 849 524 870 705 117 731 961 382 68 455 248 488 138 974 361 
245 604 412 465 827 538 861 990 446 965 0 24 27 220 135 46 122 718 299 400 472 199 411 127 939 165 924 787 688 145 844 156 876 156 538 295 610 137 782 747 110 494 123 489 65 257 886 539 326 184 938 797 382 700 923 672 216 198 811 903 343 6 411 570 161 948 216 771 436 997 869 897 842 991 385 259 599 271 797 925 806 86 721 540 137 996 211 353 193 373 607 887 378 17 456 539 316 671 661 751 
47 650 93 725 357 195 555 187 950 288 24 0 19 881 1000 213 872 384 471 822 6 619 746 164 704 819 703 840 814 265 544 358 638 151 597 367 519 52 257 835 75 269 937 445 150 936 657 21 672 479 842 29 97 940 192 800 758 894 992 923 511 535 280 500 37 876 866 556 280 123 742 706 391 30 502 540 318 159 912 341 989 106 369 86 45 561 237 154 806 580 76 668 467 707 167 503 935 385 410 566 
829 632 849 550 912 517 448 297 803 412 27 19 0 859 503 271 601 885 772 141 202 282 404 894 271 861 262 708 257 174 296 410 332 876 837 999 342 544 518 844 830 902 606 395 760 108 17 360 992 140 852 545 422 256 438 44 468 52 103 725 225 398 134 908 273 971 907 614 866 424 810 695 325 767 441 436 874 457 795 218 596 647 114 369 254 904 412 721 955 514 445 531 264 931 791 536 253 697 502 470 
638 715 918 741 145 888 640 490 958 306 220 881 859 0 472 311 164 148 77 604 583 302 412 729 871 7 375 337 376 980 240 139 701 546 5 497 428 268 779 218 155 383 266 656 852 89 318 367 236 746 970 170 400 733 899 270 740 625 958 467 605 549 605 657 446 609 505 226 228 284 443 383 18 61 38 870 149 356 236 737 101 558 258 852 290 156 122 29 133 431 495 737 980 452 393 777 412 249 2 640 
993 64 698 188 892 412 724 875 9 916 135 1000 503 472 0 532 797 22 550 857 411 771 357 118 6 445 571 563 703 422 205 210 895 233 342 326 80 430 657 883 822 433 294 423 435 933 954 231 306 855 439 717 977 147 834 983 944 404 897 998 826 101 559 720 686 901 397 117 330 53 999 504 838 292 278 272 225 231 854 530 438 644 246 414 142 432 748 85 835 645 434 12 97 993 732 782 245 128 898 926 
278 226 675 595 487 565 491 120 532 628 46 213 271 311 532 0 533 248 781 370 540 58 993 764 641 198 645 78 193 243 843 334 674 943 771 508 939 556 520 35 548 603 169 792 82 418 718 966 666 498 687 205 556 679 320 196 228 964 625 420 206 819 106 231 761 228 739 51 783 610 86 331 564 606 474 997 375 543 963 40 41 649 596 948 680 915 495 907 231 471 679 788 289 784 19 402 11 109 452 145 
886 933 490 299 206 793 992 264 408 642 122 872 601 164 797 533 0 70 889 475 985 494 301 981 869 843 943 260 883 944 856 182 623 122 676 881 704 146 559 492 787 342 862 188 704 322 639 849 391 528 675 375 373 975 707 241 818 2 853 52 945 708 586 919 181 613 799 885 111 358 728 897 51 589 436 755 910 74 955 652 953 629 378 326 956 84 918 773 85 770 176 381 829 761 299 362 374 450 246 836 
340 984 261 567 39 109 28 167 114 415 718 384 885 148 22 248 70 0 159 325 732 209 265 167 315 526 592 269 177 545 250 554 222 205 989 491 329 74 613 504 806 793 617 457 154 342 906 751 177 64 75 908 624 691 426 939 216 17 559 392 913 808 297 486 12 286 977 692 711 941 196 868 733 812 324 239 505 229 989 681 644 416 588 268 458 365 206 674 733 764 417 646 924 714 483 287 351 811 979 413 
95 436 826 918 744 955 178 994 642 712 299 471 772 77 550 781 889 159 0 751 526 632 836 337 956 74 841 536 414 873 180 181 812 447 639 176 4 664 908 767 80 905 42 145 740 329 847 550 659 259 653 184 891 488 872 198 913 64 733 678 936 912 211 747 710 849 274 713 864 181 832 943 438 873 88 177 553 934 78 211 545 730 394 787 569 265 984 481 328 68 511 615 332 721 361 41 921 634 754 784 
482 614 223 562 423 168 85 195 961 84 400 822 141 604 857 370 475 325 751 0 167 937 726 956 809 165 132 362 451 209 924 995 291 318 133 859 934 468 692 614 535 202 228 866 274 941 259 194 926 12 977 92 948 54 399 108 219 882 821 669 443 745 15 733 414 147 943 699 614 634 312 500 187 892 718 460 832 976 653 109 339 981 553 638 35 951 745 605 833 918 625 275 662 991 7 427 489 949 125 102 
17 262 37 765 270 395 507 499 258 193 472 6 202 583 411 540 985 732 526 167 0 935 789 953 121 680 670 581 863 645 585 971 983 566 523 620 952 826 717 556 658 634 532 932 647 522 290 425 10 590 549 463 524 689 415 997 720 437 577 934 433 513 257 416 78 779 387 381 604 103 288 613 88 819 544 86 692 185 510 701 775 411 515 650 99 282 646 171 718 222 104 150 87 360 917 516 491 656 897 94 
383 74 100 415 461 511 372 74 326 305 199 619 282 302 771 58 494 209 632 937 935 0 110 184 59 198 355 954 283 46 139 793 99 913 555 613 914 653 246 560 823 315 133 279 817 219 638 733 735 128 388 631 574 850 166 632 47 520 585 681 566 75 825 664 339 379 628 253 384 226 812 558 540 944 836 356 515 474 441 249 953 828 231 878 29 396 509 75 916 446 108 833 520 932 848 859 663 827 463 398 
614 344 720 768 122 330 599 950 115 241 411 746 404 412 357 993 301 265 836 726 789 110 0 52 274 955 592 569 791 299 83 616 739 331 920 919 561 798 947 309 658 374 576 103 481 408 975 764 607 185 778 433 647 175 837 272 130 428 840 272 726 923 887 817 253 806 735 166 955 681 474 613 54 401 67 534 808 41 650 766 577 427 198 575 602 34 846 83 813 686 354 891 608 592 707 212 749 793 377 704 
681 745 257 425 316 90 308 117 866 917 127 164 894 729 118 764 981 167 337 956 953 184 52 0 473 202 316 879 602 734 764 761 127 413 878 703 192 76 278 793 461 475 227 626 160 580 868 767 171 926 979 271 718 707 974 190 261 641 68 862 375 832 975 501 596 852 555 787 279 184 931 92 659 157 69 818 736 936 937 258 861 267 529 578 325 854 119 585 847 539 447 221 370 773 73 317 976 979 104 255 
653 256 545 973 470 462 830 370 183 380 939 704 271 871 6 641 869 315 956 809 121 59 274 473 0 163 34 698 821 191 766 990 278 701 278 536 561 896 416 490 221 621 608 805 467 498 603 39 867 375 111 536 351 90 639 957 604 24 654 424 214 419 765 844 471 395 731 383 290 146 872 510 766 831 315 585 329 917 623 547 644 734 82 346 175 72 654 778 96 307 553 661 77 669 504 547 63 234 929 705 
149 447 887 437 582 600 135 415 692 579 165 819 861 7 445 198 843 526 74 165 680 198 955 202 163 0 379 800 214 497 982 880 433 310 149 55 209 144 140 642 489 314 714 142 443 809 800 995 469 876 16 973 422 78 206 350 782 937 501 348 785 482 227 217 144 727 271 704 870 763 345 710 428 58 851 871 866 650 217 687 877 232 11 298 662 216 999 795 504 499 494 288 333 73 856 828 799 479 531 669 
108 955 290 185 970 530 606 212 307 748 924 703 262 375 571 645 943 592 841 132 670 355 592 316 34 379 0 241 875 378 668 285 581 890 502 582 459 188 459 42 198 108 55 766 107 850 621 957 695 261 289 767 116 468 566 594 998 586 186 225 315 206 861 247 447 362 829 905 902 639 299 451 98 353 568 204 554 189 513 249 449 153 15 564 621 932 510 970 517 47 546 184 252 406 430 699 768 610 955 21 
938 583 886 633 632 532 139 488 331 825 787 840 708 337 563 78 260 269 536 362 581 954 569 879 698 800 241 0 600 253 471 698 606 39 253 159 227 117 759 27 270 774 590 242 705 451 211 574 498 109 757 749 514 538 799 633 500 106 653 451 358 124 500 315 514 753 826 92 221 584 118 490 357 707 83 414 510 294 339 7 754 447 107 267 984 258 900 835 363 904 286 72 379 785 387 892 889 564 983 110 
849 399 872 440 371 931 973 23 902 789 688 814 257 376 703 193 883 177 414 451 863 283 791 602 821 214 875 600 0 147 100 951 856 159 34 269 668 679 607 26 432 53 484 698 388 741 949 575 455 205 860 527 583 996 265 475 885 828 809 346 974 909 296 829 419 329 449 86 359 407 463 790 459 946 840 199 687 788 773 141 992 984 19 927 979 283 401 215 110 209 560 84 469 208 264 887 888 713 324 247 
117 203 287 807 955 841 595 52 420 49 145 265 174 980 422 243 944 545 873 209 645 46 299 734 191 497 378 253 147 0 471 786 36 282 84 875 480 122 15 604 262 358 587 633 284 917 915 36 132 25 597 43 460 65 602 75 304 490 139 627 736 610 765 123 891 848 350 370 969 716 973 582 73 911 566 709 827 481 744 310 857 340 353 316 757 954 742 60 795 881 38 530 490 802 5 380 1 706 101 321 
973 666 692 217 127 93 688 374 791 968 844 544 296 240 205 843 856 250 180 924 585 139 83 764 766 982 668 471 100 471 0 421 425 255 845 335 820 905 513 300 649 823 508 340 175 175 448 480 917 507 275 797 897 156 286 50 512 17 403 217 117 723 989 893 329 834 227 149 738 91 800 738 913 308 430 439 482 877 919 398 736 193 546 984 700 831 33 212 199 435 428 315 510 417 559 838 602 785 338 691 
169 24 520 373 671 659 421 167 149 124 156 358 410 139 210 334 182 554 181 995 971 793 616 761 990 880 285 698 951 786 421 0 876 138 781 140 797 210 579 278 438 497 28 525 41 925 508 92 756 893 303 306 679 83 973 188 499 531 378 452 668 715 142 543 204 922 34 1000 483 612 630 921 460 9 797 852 933 657 944 40 549 598 346 579 680 318 119 530 200 496 981 867 562 123 761 118 396 795 117 879 
600 795 116 531 337 868 141 762 226 886 876 638 332 701 895 674 623 222 812 291 983 99 739 127 278 433 581 606 856 36 425 876 0 758 98 151 218 106 299 421 391 955 716 782 855 314 127 434 993 796 552 523 996 399 855 862 312 329 623 429 725 769 898 955 526 995 457 743 453 755 516 195 710 231 976 564 544 455 349 889 250 252 763 597 2 617 811 314 946 785 742 22 553 991 976 78 986 432 173 790 
125 151 469 829 846 222 49 168 731 953 156 151 876 546 233 943 122 205 447 318 566 913 331 413 701 310 890 39 159 282 255 138 758 0 186 688 984 247 270 959 811 814 413 511 54 15 763 816 611 764 432 773 429 729 557 523 750 109 513 725 187 850 508 711 639 46 750 974 292 19 285 454 184 697 965 237 63 79 52 26 194 836 798 623 564 355 497 314 815 9 390 353 859 250 63 849 295 812 823 938 
312 216 598 714 428 490 320 894 842 732 538 597 837 5 342 771 676 989 639 133 523 555 920 878 278 149 502 253 34 84 845 781 98 186 0 183 107 392 366 155 708 603 570 786 6 595 331 841 392 305 757 98 801 70 913 810 811 265 20 60 328 868 706 491 42 644 673 500 387 39 7 94 993 576 231 350 522 561 191 913 866 299 363 666 368 275 827 530 539 846 942 218 66 647 61 459 290 85 311 28 
614 199 183 542 706 951 195 308 244 190 295 367 999 497 326 508 881 491 176 859 620 613 919 703 536 55 582 159 269 875 335 140 151 688 183 0 475 669 121 467 244 703 169 117 616 711 29 833 9 743 498 728 17 677 257 908 874 198 477 291 845 889 750 486 974 412 514 448 80 986 267 675 689 435 791 304 145 171 136 153 914 985 880 282 13 136 189 887 686 18 177 882 906 278 367 879 689 232 679 120 
176 870 107 597 988 2 929 416 690 510 610 519 342 428 80 939 704 329 4 934 952 914 561 192 561 209 459 227 668 480 820 797 218 984 107 475 0 218 945 794 258 379 936 561 875 107 48 27 372 384 258 653 397 745 194 635 430 211 811 311 468 441 30 699 481 261 377 601 830 321 746 87 51 682 999 925 140 398 303 863 782 912 867 530 656 60 164 438 622 326 100 442 766 481 140 599 94 516 199 923 
603 860 773 591 28 167 540 133 640 806 137 52 544 268 430 556 146 74 664 468 826 653 798 76 896 144 188 117 679 122 905 210 106 247 392 669 218 0 188 944 362 238 977 712 514 468 110 168 330 243 431 197 124 438 608 287 875 230 964 327 671 82 807 162 680 900 677 878 175 864 173 888 453 502 599 318 969 60 837 651 654 267 847 777 704 454 415 931 35 731 257 57 812 415 218 491 315 246 720 841 
941 64 539 846 40 301 57 583 241 204 782 257 518 779 657 520 559 613 908 692 717 246 947 278 416 140 459 759 607 15 513 579 299 270 366 121 945 188 0 109 244 728 913 745 326 230 714 738 66 364 391 332 562 168 388 367 934 318 402 664 574 810 475 988 28 317 654 273 36 494 734 632 221 998 376 899 580 441 636 645 156 26 329 717 545 716 436 831 33 837 494 958 998 321 297 25 989 951 650 377 
192 701 775 385 212 716 691 174 858 327 747 835 844 218 883 35 492 504 767 614 556 560 309 793 490 642 42 27 26 604 300 278 421 959 155 467 794 944 109 0 796 735 8 17 84 383 915 663 176 902 308 331 279 988 400 824 55 835 6 439 23 851 396 20 523 692 397 512 994 398 888 790 484 247 158 567 629 424 230 804 325 889 487 603 876 238 778 282 72 135 720 446 986 467 817 508 510 213 371 504 
469 538 777 627 636 258 635 278 479 634 110 75 830 155 822 548 787 806 80 535 658 823 658 461 221 489 198 270 432 262 649 438 391 811 708 244 258 362 244 796 0 962 258 645 445 504 802 12 485 225 593 640 901 481 478 503 708 715 633 989 138 767 708 935 104 526 752 612 35 316 334 538 278 592 534 74 447 335 85 283 559 29 275 811 509 752 314 568 819 298 556 308 416 615 243 520 140 994 483 527 
537 667 302 662 218 190 918 925 39 521 494 269 902 383 433 603 342 793 905 202 634 315 374 475 621 314 108 774 53 358 823 497 955 814 603 703 379 238 728 735 962 0 661 816 64 938 759 950 12 558 284 448 192 195 477 466 5 337 570 670 905 388 319 812 47 735 779 289 606 270 634 88 796 295 255 212 232 14 161 595 923 796 43 114 990 871 580 347 559 501 16 815 240 335 979 286 421 757 575 26 
238 702 867 462 921 911 597 360 159 615 123 937 606 266 294 169 862 617 42 228 532 133 576 227 608 714 55 590 484 587 508 28 716 413 570 169 936 977 913 8 258 661 0 26 208 113 174 502 367 385 86 732 897 680 654 692 74 768 682 296 699 28 855 199 395 21 438 729 999 75 501 755 649 526 133 209 990 658 710 709 394 147 440 290 827 446 981 252 213 14 548 263 393 754 461 788 774 250 868 773 
649 170 977 528 547 775 434 575 633 45 489 445 395 656 423 792 188 457 145 866 932 279 103 626 805 142 766 242 698 633 340 525 782 511 786 117 561 712 745 17 645 816 26 0 324 721 879 325 246 11 533 236 20 594 944 413 741 735 702 919 180 35 170 392 48 69 654 793 822 466 932 596 67 151 720 743 871 598 419 117 961 951 704 980 896 647 393 636 733 94 554 913 480 76 304 880 144 310 672 966 
174 733 572 402 715 430 909 414 996 826 65 150 760 852 435 82 704 154 740 274 647 817 481 160 467 443 107 705 388 284 175 41 855 54 6 616 875 514 326 84 445 64 208 324 0 127 955 913 546 105 632 640 328 581 58 796 541 8 499 873 903 497 265 891 229 710 444 141 190 871 797 69 15 458 92 332 936 46 596 833 502 579 472 829 159 529 976 52 888 474 924 791 322 540 33 903 601 828 395 790 
230 117 916 1 812 674 321 586 167 882 257 936 108 89 933 418 322 342 329 941 522 219 408 580 498 809 850 451 741 917 175 925 314 15 595 711 107 468 230 383 504 938 113 721 127 0 699 543 210 65 1000 653 396 288 50 991 120 552 569 592 732 79 120 60 130 8 885 405 150 207 296 182 461 897 361 855 38 59 398 600 123 749 252 870 36 302 860 156 205 780 747 288 211 218 347 692 577 232 97 78 
927 395 3 474 385 339 276 46 517 24 886 657 17 318 954 718 639 906 847 259 290 638 975 868 603 800 621 211 949 915 448 508 127 763 331 29 48 110 714 915 802 759 174 879 955 699 0 790 744 259 602 640 972 456 678 30 205 277 505 954 880 374 989 181 586 496 737 717 594 377 927 812 723 971 388 306 67 466 447 162 76 48 802 399 856 831 429 60 459 285 365 338 10 354 871 595 201 607 664 795 
60 17 413 700 920 222 253 29 755 819 539 21 360 367 231 966 849 751 550 194 425 733 764 767 39 995 957 574 575 36 480 92 434 816 841 833 27 168 738 663 12 950 502 325 913 543 790 0 983 942 606 58 912 345 715 330 162 514 492 590 913 645 988 768 475 768 180 933 52 544 622 414 249 492 360 450 451 23 596 785 317 553 194 228 249 909 910 411 774 401 352 686 397 691 806 871 459 337 155 862 
921 101 528 567 203 783 700 104 633 296 326 672 992 236 306 666 391 177 659 926 10 735 607 171 867 469 695 498 455 132 917 756 993 611 392 9 372 330 66 176 485 12 367 246 546 210 744 983 0 232 776 275 481 620 635 282 70 9 229 854 325 781 48 905 29 308 814 791 433 566 494 470 314 185 627 536 995 963 690 208 195 817 483 27 436 469 660 857 829 888 63 506 668 462 410 48 121 575 839 553 
373 182 180 743 129 645 805 40 158 735 184 479 140 746 855 498 528 64 259 12 590 128 185 926 375 876 261 109 205 25 507 893 796 764 305 743 384 243 364 902 225 558 385 11 105 65 259 942 232 0 492 332 374 805 868 1 340 862 963 381 70 509 549 904 535 337 724 194 193 904 433 607 409 452 68 170 500 540 96 690 92 587 373 466 743 241 466 434 454 780 166 875 289 715 130 823 51 853 369 595 
893 630 635 613 342 741 689 224 715 902 938 842 852 970 439 687 675 75 653 977 549 388 778 979 111 16 289 757 860 597 275 303 552 432 757 498 258 431 391 308 593 284 86 533 632 1000 602 606 776 492 0 757 153 202 165 605 269 687 104 809 782 793 252 721 517 69 463 109 886 249 563 666 414 437 306 128 567 480 178 771 848 125 879 1 326 396 957 946 82 60 106 863 204 710 935 720 778 398 829 664 
289 714 564 684 472 529 206 602 242 841 797 29 545 170 717 205 375 908 184 92 463 631 433 271 536 973 767 749 527 43 797 306 523 773 98 728 653 197 332 331 640 448 732 236 640 653 640 58 275 332 757 0 998 743 681 411 531 986 539 449 465 68 220 665 192 450 17 869 845 973 815 926 384 920 141 587 629 75 658 759 824 838 774 821 932 806 584 463 143 474 911 607 893 482 623 437 284 991 305 128 
108 607 279 158 589 155 177 113 483 391 382 97 422 400 977 556 373 624 891 948 524 574 647 718 351 422 116 514 583 460 897 679 996 429 801 17 397 124 562 279 901 192 897 20 328 396 972 912 481 374 153 998 0 315 119 406 698 391 898 636 371 972 646 481 148 483 254 320 767 59 903 229 201 376 491 160 621 325 134 57 608 477 361 87 791 832 492 489 574 389 124 944 713 121 777 212 956 30 531 722 
858 974 354 380 815 71 639 525 830 143 700 940 256 733 147 679 975 691 488 54 689 850 175 707 90 78 468 538 996 65 156 83 399 729 70 677 745 438 168 988 481 195 680 594 581 288 456 345 620 805 202 743 315 0 441 786 950 993 161 792 504 133 116 990 189 75 466 550 162 256 381 653 744 954 394 220 249 106 340 25 317 647 407 199 368 199 984 669 191 497 461 47 629 928 36 818 355 501 719 516 
969 810 821 108 787 970 865 71 460 757 923 192 438 899 834 320 707 426 872 399 415 166 837 974 639 206 566 799 265 602 286 973 855 557 913 257 194 608 388 400 478 477 654 944 58 50 678 715 635 868 165 681 119 441 0 756 99 520 852 404 913 71 4 370 762 381 38 409 787 589 128 337 572 797 527 420 257 573 49 536 608 218 890 460 936 405 216 386 277 67 789 541 489 144 911 250 524 300 10 662 
760 862 823 130 410 617 6 834 18 770 672 800 44 270 983 196 241 939 198 108 997 632 272 190 957 350 594 633 475 75 50 188 862 523 810 908 635 287 367 824 503 466 692 413 796 991 30 330 282 1 605 411 406 786 756 0 240 138 998 812 934 877 583 542 801 631 77 761 200 319 220 135 723 435 520 351 501 660 892 989 156 154 591 31 453 952 693 45 441 42 856 726 918 790 619 71 773 696 831 972 
6 772 592 817 396 22 773 939 873 721 216 758 468 740 944 228 818 216 913 219 720 47 130 261 604 782 998 500 885 304 512 499 312 750 811 874 430 875 934 55 708 5 74 741 541 120 205 162 70 340 269 531 698 950 99 240 0 366 50 459 88 485 330 439 337 342 682 678 497 835 620 527 639 923 571 683 364 613 538 441 882 680 60 952 452 107 134 423 472 184 881 911 20 211 701 708 904 382 737 400 
77 765 462 644 756 499 823 282 118 857 198 894 52 625 404 964 2 17 64 882 437 520 428 641 24 937 586 106 828 490 17 531 329 109 265 198 211 230 318 835 715 337 768 735 8 552 277 514 9 862 687 986 391 993 520 138 366 0 216 356 278 855 279 849 537 994 813 427 786 46 106 845 350 557 951 483 331 774 18 564 685 37 126 737 97 29 119 833 428 334 189 57 540 819 905 77 164 69 855 949 
49 444 61 762 394 148 497 321 700 594 811 992 103 958 897 625 853 559 733 821 577 585 840 68 654 501 186 653 809 139 403 378 623 513 20 477 811 964 402 6 633 570 682 702 499 569 505 492 229 963 104 539 898 161 852 998 50 216 0 115 960 146 816 868 448 298 198 222 668 761 258 56 886 994 152 914 464 985 693 150 525 750 689 695 6 765 210 75 971 510 541 930 655 356 797 455 653 347 28 320 
855 523 463 608 119 952 746 962 774 862 903 923 725 467 998 420 52 392 678 669 934 681 272 862 424 348 225 451 346 627 217 452 429 725 60 291 311 327 664 439 989 670 296 919 873 592 954 590 854 381 809 449 636 792 404 812 459 356 115 0 107 637 376 993 982 879 258 446 215 951 595 739 52 283 785 57 400 994 131 370 856 671 652 862 26 800 316 31 146 343 702 253 331 429 597 313 308 854 758 522 
193 319 748 451 710 339 417 686 538 905 343 511 225 605 826 206 945 913 936 443 433 566 726 375 214 785 315 358 974 736 117 668 725 187 328 845 468 671 574 23 138 905 699 180 903 732 880 913 325 70 782 465 371 504 913 934 88 278 960 107 0 156 704 613 559 338 397 616 89 743 746 811 598 769 462 459 146 613 127 176 759 821 230 11 152 658 959 464 317 164 573 191 672 628 803 230 965 551 845 406 
374 462 104 330 520 240 184 694 490 914 6 535 398 549 101 819 708 808 912 745 513 75 923 832 419 482 206 124 909 610 723 715 769 850 868 889 441 82 810 851 767 388 28 35 497 79 374 645 781 509 793 68 972 133 71 877 485 855 146 637 156 0 293 943 216 242 711 29 53 208 641 179 384 399 999 965 761 502 622 719 317 291 235 889 481 906 868 635 135 833 185 332 590 830 274 805 423 336 185 475 
375 546 334 332 141 610 518 128 922 985 411 280 134 605 559 106 586 297 211 15 257 825 887 975 765 227 861 500 296 765 989 142 898 508 706 750 30 807 475 396 708 319 855 170 265 120 989 988 48 549 252 220 646 116 4 583 330 279 816 376 704 293 0 543 177 5 926 576 356 242 688 857 864 759 174 154 993 414 986 250 282 620 384 466 156 67 55 985 340 211 408 675 395 234 218 571 239 495 498 594 
793 466 216 333 398 206 909 447 115 142 570 500 908 657 720 231 919 486 747 733 416 664 817 501 844 217 247 315 829 123 893 543 955 711 491 486 699 162 988 20 935 812 199 392 891 60 181 768 905 904 721 665 481 990 370 542 439 849 868 993 613 943 543 0 737 538 450 952 648 975 457 992 389 442 241 670 413 976 487 568 43 541 905 382 751 312 409 497 545 978 419 135 472 269 728 560 158 530 863 805 
498 612 572 159 717 814 584 861 220 866 161 37 273 446 686 761 181 12 710 414 78 339 253 596 471 144 447 514 419 891 329 204 526 639 42 974 481 680 28 523 104 47 395 48 229 130 586 475 29 535 517 192 148 189 762 801 337 537 448 982 559 216 177 737 0 504 319 796 244 112 36 265 876 363 751 444 405 643 700 139 393 11 547 241 907 876 12 394 699 280 121 259 437 2 121 241 506 792 388 749 
39 113 932 46 920 452 838 373 115 69 948 876 971 609 901 228 613 286 849 147 779 379 806 852 395 727 362 753 329 848 834 922 995 46 644 412 261 900 317 692 526 735 21 69 710 8 496 768 308 337 69 450 483 75 381 631 342 994 298 879 338 242 5 538 504 0 255 775 366 131 137 116 926 542 759 625 32 503 987 930 96 245 805 107 638 503 738 111 113 526 112 586 766 969 377 505 70 631 279 435 
758 664 750 226 103 157 103 106 711 684 216 866 907 505 397 739 799 977 274 943 387 628 735 555 731 271 829 826 449 350 227 34 457 750 673 514 377 677 654 397 752 779 438 654 444 885 737 180 814 724 463 17 254 466 38 77 682 813 198 258 397 711 926 450 319 255 0 113 415 550 38 308 660 14 339 163 352 620 258 597 424 716 586 279 453 696 391 978 808 976 95 776 704 599 845 687 229 631 799 643 
673 834 30 107 56 815 513 628 262 375 771 556 614 226 117 51 885 692 713 699 381 253 166 787 383 704 905 92 86 370 149 1000 743 974 500 448 601 878 273 512 612 289 729 793 141 405 717 933 791 194 109 869 320 550 409 761 678 427 222 446 616 29 576 952 796 775 113 0 181 189 303 840 554 993 354 906 613 963 502 388 678 87 666 482 135 409 811 294 736 905 69 440 855 266 126 83 248 276 78 428 
993 972 56 988 948 970 729 505 754 874 436 280 866 228 330 783 111 711 864 614 604 384 955 279 290 870 902 221 359 969 738 483 453 292 387 80 830 175 36 994 35 606 999 822 190 150 594 52 433 193 886 845 767 162 787 200 497 786 668 215 89 53 356 648 244 366 415 181 0 464 380 620 370 372 973 275 336 288 776 724 965 214 741 799 348 501 609 641 237 514 62 676 720 679 153 155 926 428 232 706 
50 79 288 71 494 809 159 689 951 887 997 123 424 284 53 610 358 941 181 634 103 226 681 184 146 763 639 584 407 716 91 612 755 19 39 986 321 864 494 398 316 270 75 466 871 207 377 544 566 904 249 973 59 256 589 319 835 46 761 951 743 208 242 975 112 131 550 189 464 0 244 963 325 613 686 649 239 374 936 14 449 253 579 189 51 279 42 659 919 278 524 332 305 244 362 809 398 288 588 981 
864 886 804 843 268 883 555 801 471 54 869 742 810 443 999 86 728 196 832 312 288 812 474 931 872 345 299 118 463 973 800 630 516 285 7 267 746 173 734 888 334 634 501 932 797 296 927 622 494 433 563 815 903 381 128 220 620 106 258 595 746 641 688 457 36 137 38 303 380 244 0 345 183 295 669 795 332 669 33 705 605 398 153 857 329 694 907 607 87 565 877 364 441 209 20 684 922 828 433 209 
813 510 184 614 935 227 715 134 584 507 897 706 695 383 504 331 897 868 943 500 613 558 613 92 510 710 451 490 790 582 738 921 195 454 94 675 87 888 632 790 538 88 755 596 69 182 812 414 470 607 666 926 229 653 337 135 527 845 56 739 811 179 857 992 265 116 308 840 620 963 345 0 767 765 905 950 59 573 96 742 594 481 799 198 878 303 406 558 996 664 164 434 580 41 797 20 601 168 703 522 
587 97 942 732 64 999 428 965 989 759 842 391 325 18 838 564 51 733 438 187 88 540 54 659 766 428 98 357 459 73 913 460 710 184 993 689 51 453 221 484 278 796 649 67 15 461 723 249 314 409 414 384 201 744 572 723 639 350 886 52 598 384 864 389 876 926 660 554 370 325 183 767 0 347 487 83 114 251 987 63 661 912 158 755 505 638 553 54 868 855 811 425 203 474 941 636 53 333 785 73 
453 939 22 656 188 145 152 513 629 20 991 30 767 61 292 606 589 812 873 892 819 944 401 157 831 58 353 707 946 911 308 9 231 697 576 435 682 502 998 247 592 295 526 151 458 897 971 492 185 452 437 920 376 954 797 435 923 557 994 283 769 399 759 442 363 542 14 993 372 613 295 765 347 0 285 952 127 806 651 614 240 764 216 579 826 877 490 335 631 346 325 535 751 192 389 561 968 591 34 908 
461 679 512 493 481 353 148 708 217 903 385 502 441 38 278 474 436 324 88 718 544 836 67 69 315 851 568 83 840 566 430 797 976 965 231 791 999 599 376 158 534 255 133 720 92 361 388 360 627 68 306 141 491 394 527 520 571 951 152 785 462 999 174 241 751 759 339 354 973 686 669 905 487 285 0 579 86 592 363 510 876 666 989 682 316 602 273 79 169 851 256 45 340 591 27 37 915 561 787 458 
760 829 513 485 778 780 689 730 337 584 259 540 436 870 272 997 755 239 177 460 86 356 534 818 585 871 204 414 199 709 439 852 564 237 350 304 925 318 899 567 74 212 209 743 332 855 306 450 536 170 128 587 160 220 420 351 683 483 914 57 459 965 154 670 444 625 163 906 275 649 795 950 83 952 579 0 302 347 425 892 380 685 470 818 276 184 327 152 850 315 185 165 268 809 596 437 660 851 833 351 
34 55 937 657 351 818 824 98 147 901 599 318 874 149 225 375 910 505 553 832 692 515 808 736 329 866 554 510 687 827 482 933 544 63 522 145 140 969 580 629 447 232 990 871 936 38 67 451 995 500 567 629 621 249 257 501 364 331 464 400 146 761 993 413 405 32 352 613 336 239 332 59 114 127 86 302 0 793 212 388 59 124 526 516 425 873 293 669 604 977 490 421 604 674 100 107 523 766 643 687 
739 425 514 967 218 692 775 754 733 926 271 159 457 356 231 543 74 229 934 976 185 474 41 936 917 650 189 294 788 481 877 657 455 79 561 171 398 60 441 424 335 14 658 598 46 59 466 23 963 540 480 75 325 106 573 660 613 774 985 994 613 502 414 976 643 503 620 963 288 374 669 573 251 806 592 347 793 0 386 452 282 174 463 485 6 813 277 569 552 336 693 78 203 469 950 495 137 905 823 627 
819 845 925 184 697 1 293 758 91 402 797 912 795 236 854 963 955 989 78 653 510 441 650 937 623 217 513 339 773 744 919 944 349 52 191 136 303 837 636 230 85 161 710 419 596 398 447 596 690 96 178 658 134 340 49 892 538 18 693 131 127 622 986 487 700 987 258 502 776 936 33 96 987 651 363 425 212 386 0 326 779 300 777 237 822 542 880 860 279 683 494 452 145 330 810 309 606 378 861 293 
954 507 464 223 553 952 523 202 779 549 925 341 218 737 530 40 652 681 211 109 701 249 766 258 547 687 249 7 141 310 398 40 889 26 913 153 863 651 645 804 283 595 709 117 833 600 162 785 208 690 771 759 57 25 536 989 441 564 150 370 176 719 250 568 139 930 597 388 724 14 705 742 63 614 510 892 388 452 326 0 422 938 848 891 239 694 379 143 869 5 820 647 304 596 883 477 490 114 689 120 
112 606 693 709 346 688 580 145 242 12 806 989 596 101 438 41 953 644 545 339 775 953 577 861 644 877 449 754 992 857 736 549 250 194 866 914 782 654 156 325 559 923 394 961 502 123 76 317 195 92 848 824 608 317 608 156 882 685 525 856 759 317 282 43 393 96 424 678 965 449 605 594 661 240 876 380 59 282 779 422 0 148 534 572 644 863 381 953 820 110 813 465 884 102 312 774 692 5 152 186 
63 475 559 148 390 93 981 333 158 304 86 106 647 558 644 649 629 416 730 981 411 828 427 267 734 232 153 447 984 340 193 598 252 836 299 985 912 267 26 889 29 796 147 951 579 749 48 553 817 587 125 838 477 647 218 154 680 37 750 671 821 291 620 541 11 245 716 87 214 253 398 481 912 764 666 685 124 174 300 938 148 0 873 509 6 871 164 953 106 993 794 219 33 914 719 566 485 362 780 217 
242 220 27 906 24 480 80 155 373 741 721 369 114 258 246 596 378 588 394 553 515 231 198 529 82 11 15 107 19 353 546 346 763 798 363 880 867 847 329 487 275 43 440 704 472 252 802 194 483 373 879 774 361 407 890 591 60 126 689 652 230 235 384 905 547 805 586 666 741 579 153 799 158 216 989 470 526 463 777 848 534 873 0 666 599 678 478 63 561 931 374 686 974 731 190 160 603 698 165 474 
219 212 972 218 286 843 756 257 76 402 540 86 369 852 414 948 326 268 787 638 650 878 575 578 346 298 564 267 927 316 984 579 597 623 666 282 530 777 717 603 811 114 290 980 829 870 399 228 27 466 1 821 87 199 460 31 952 737 695 862 11 889 466 382 241 107 279 482 799 189 857 198 755 579 682 818 516 485 237 891 572 509 666 0 861 469 579 853 263 149 237 176 219 802 660 581 581 228 246 532 
921 800 264 879 205 163 619 858 987 798 137 45 254 290 142 680 956 458 569 35 99 29 602 325 175 662 621 984 979 757 700 680 2 564 368 13 656 704 545 876 509 990 827 896 159 36 856 249 436 743 326 932 791 368 936 453 452 97 6 26 152 481 156 751 907 638 453 135 348 51 329 878 505 826 316 276 425 6 822 239 644 6 599 861 0 905 76 594 466 358 320 151 332 402 692 843 356 389 359 181 
211 382 199 366 163 449 945 577 832 849 996 561 904 156 432 915 84 365 265 951 282 396 34 854 72 216 932 258 283 954 831 318 617 355 275 136 60 454 716 238 752 871 446 647 529 302 831 909 469 241 396 806 832 199 405 952 107 29 765 800 658 906 67 312 876 503 696 409 501 279 694 303 638 877 602 184 873 813 542 694 863 871 678 469 905 0 602 827 111 806 89 260 43 616 830 844 627 762 777 854 
330 425 146 347 696 459 113 442 93 524 211 237 412 122 748 495 918 206 984 745 646 509 846 119 654 999 510 900 401 742 33 119 811 497 827 189 164 415 436 778 314 580 981 393 976 860 429 910 660 466 957 584 492 984 216 693 134 119 210 316 959 868 55 409 12 738 391 811 609 42 907 406 553 490 273 327 293 277 880 379 381 164 478 579 76 602 0 360 308 759 787 253 576 144 924 78 827 677 770 21 
278 923 855 47 952 536 744 796 211 870 353 154 721 29 85 907 773 674 481 605 171 75 83 585 778 795 970 835 215 60 212 530 314 314 530 887 438 931 831 282 568 347 252 636 52 156 60 411 857 434 946 463 489 669 386 45 423 833 75 31 464 635 985 497 394 111 978 294 641 659 607 558 54 335 79 152 669 569 860 143 953 953 63 853 594 827 360 0 33 158 379 213 111 558 324 917 646 935 959 614 
639 498 661 9 918 299 767 859 949 705 193 806 955 133 835 231 85 733 328 833 718 916 813 847 96 504 517 363 110 795 199 200 946 815 539 686 622 35 33 72 819 559 213 733 888 205 459 774 829 454 82 143 574 191 277 441 472 428 971 146 317 135 340 545 699 113 808 736 237 919 87 996 868 631 169 850 604 552 279 869 820 106 561 263 466 111 308 33 0 764 154 240 526 282 94 885 941 204 671 546 
731 221 206 461 89 958 609 762 144 117 373 580 514 431 645 471 770 764 68 918 222 446 686 539 307 499 47 904 209 881 435 496 785 9 846 18 326 731 837 135 298 501 14 94 474 780 285 401 888 780 60 474 389 497 67 42 184 334 510 343 164 833 211 978 280 526 976 905 514 278 565 664 855 346 851 315 977 336 683 5 110 993 931 149 358 806 759 158 764 0 779 166 469 208 345 146 977 365 530 487 
484 445 318 654 70 487 841 109 336 731 607 76 445 495 434 679 176 417 511 625 104 108 354 447 553 494 546 286 560 38 428 981 742 390 942 177 100 257 494 720 556 16 548 554 924 747 365 352 63 166 106 911 124 461 789 856 881 189 541 702 573 185 408 419 121 112 95 69 62 524 877 164 811 325 256 185 490 693 494 820 813 794 374 237 320 89 787 379 154 779 0 744 742 597 301 65 865 298 351 175 
831 168 408 811 980 989 535 896 838 961 887 668 531 737 12 788 381 646 615 275 150 833 891 221 661 288 184 72 84 530 315 867 22 353 218 882 442 57 958 446 308 815 263 913 791 288 338 686 506 875 863 607 944 47 541 726 911 57 930 253 191 332 675 135 259 586 776 440 676 332 364 434 425 535 45 165 421 78 452 647 465 219 686 176 151 260 253 213 240 166 744 0 263 115 329 503 992 610 596 228 
104 682 661 790 960 549 792 807 634 382 378 467 264 980 97 289 829 924 332 662 87 520 608 370 77 333 252 379 469 490 510 562 553 859 66 906 766 812 998 986 416 240 393 480 322 211 10 397 668 289 204 893 713 629 489 918 20 540 655 331 672 590 395 472 437 766 704 855 720 305 441 580 203 751 340 268 604 203 145 304 884 33 974 219 332 43 576 111 526 469 742 263 0 903 151 898 448 929 415 916 
859 342 3 986 210 449 358 588 609 68 17 707 931 452 993 784 761 714 721 991 360 932 592 773 669 73 406 785 208 802 417 123 991 250 647 278 481 415 321 467 615 335 754 76 540 218 354 691 462 715 710 482 121 928 144 790 211 819 356 429 628 830 234 269 2 969 599 266 679 244 209 41 474 192 591 809 674 469 330 596 102 914 731 802 402 616 144 558 282 208 597 115 903 0 136 111 413 465 476 294 
975 633 623 143 377 195 795 694 953 455 456 167 791 393 732 19 299 483 361 7 917 848 707 73 504 856 430 387 264 5 559 761 976 63 61 367 140 218 297 817 243 979 461 304 33 347 871 806 410 130 935 623 777 36 911 619 701 905 797 597 803 274 218 728 121 377 845 126 153 362 20 797 941 389 27 596 100 950 810 883 312 719 190 660 692 830 924 324 94 345 301 329 151 136 0 303 571 36 899 223 
601 645 232 300 676 362 376 19 205 248 539 503 536 777 782 402 362 287 41 427 516 859 212 317 547 828 699 892 887 380 838 118 78 849 459 879 599 491 25 508 520 286 788 880 903 692 595 871 48 823 720 437 212 818 250 71 708 77 455 313 230 805 571 560 241 505 687 83 155 809 684 20 636 561 37 437 107 495 309 477 774 566 160 581 843 844 78 917 885 146 65 503 898 111 303 0 452 116 872 803 
249 454 934 383 130 900 547 960 723 488 316 935 253 412 245 11 374 351 921 489 491 663 749 976 63 799 768 889 888 1 602 396 986 295 290 689 94 315 989 510 140 421 774 144 601 577 201 459 121 51 778 284 956 355 524 773 904 164 653 308 965 423 239 158 506 70 229 248 926 398 922 601 53 968 915 660 523 137 606 490 692 485 603 581 356 627 827 646 941 977 865 992 448 413 571 452 0 290 135 917 
84 649 372 720 832 703 897 799 15 138 671 385 697 249 128 109 450 811 634 949 656 827 793 979 234 479 610 564 713 706 785 795 432 812 85 232 516 246 951 213 994 757 250 310 828 232 607 337 575 853 398 991 30 501 300 696 382 69 347 854 551 336 495 530 792 631 631 276 428 288 828 168 333 591 561 851 766 905 378 114 5 362 698 228 389 762 677 935 204 365 298 610 929 465 36 116 290 0 618 637 
625 830 613 406 84 529 240 646 818 974 661 410 502 2 898 452 246 979 754 125 897 463 377 104 929 531 955 983 324 101 338 117 173 823 311 679 199 720 650 371 483 575 868 672 395 97 664 155 839 369 829 305 531 719 10 831 737 855 28 758 845 185 498 863 388 279 799 78 232 588 433 703 785 34 787 833 643 823 861 689 152 780 165 246 359 777 770 959 671 530 351 596 415 476 899 872 135 618 0 260 
241 778 342 370 429 869 276 816 828 361 751 566 470 640 926 145 836 413 784 102 94 398 704 255 705 669 21 110 247 321 691 879 790 938 28 120 923 841 377 504 527 26 773 966 790 78 795 862 553 595 664 128 722 516 662 972 400 949 320 522 406 475 594 805 749 435 643 428 706 981 209 522 73 908 458 351 687 627 293 120 186 217 474 532 181 854 21 614 546 487 175 228 916 294 223 803 917 637 260 0 
