60
0 960 534 721 733 275 211 47 978 514 635 662 345 738 90 472 936 154 108 837 405 749 693 375 331 91 9 95 584 919 774 555 231 308 275 963 582 837 9 911 350 644 572 47 733 13 518 668 519 977 856 923 726 900 297 408 342 657 502 925 
960 0 928 276 479 158 935 753 472 868 942 480 778 643 475 701 689 560 714 207 227 232 535 435 506 612 334 802 19 28 810 873 952 737 500 783 246 434 887 717 301 828 549 78 471 375 778 159 934 843 717 513 426 252 947 931 863 632 84 882 
534 928 0 659 246 106 963 982 605 745 580 38 631 648 690 459 196 119 929 571 248 439 504 91 156 368 868 759 314 799 973 298 234 854 308 479 311 270 813 915 14 392 304 645 39 993 103 587 111 383 509 359 821 364 801 328 732 668 86 45 
721 276 659 0 818 411 694 52 264 2 882 575 271 694 841 285 437 145 929 828 137 383 766 600 765 274 958 937 637 110 617 368 777 54 765 947 464 458 998 80 811 231 6 82 925 846 718 713 990 998 540 479 380 657 78 496 930 387 432 919 
733 479 246 818 0 496 48 286 624 102 402 570 565 212 919 644 22 150 649 455 426 495 172 138 836 169 30 314 548 38 391 43 968 777 827 886 624 226 523 248 327 925 817 244 136 88 239 509 589 888 964 14 734 135 503 921 656 884 235 555 
275 158 106 411 496 0 922 977 950 241 106 776 126 729 1 1000 328 680 924 497 275 411 584 513 272 172 752 235 537 837 721 391 758 376 275 344 283 548 320 232 788 777 359 265 858 711 264 185 390 540 681 16 950 616 529 221 787 632 807 675 
211 935 963 694 48 922 0 469 880 66 578 607 692 921 889 239 592 120 378 369 478 642 226 189 257 762 930 796 443 298 98 410 178 318 197 809 477 223 277 356 640 854 962 331 126 203 921 718 674 298 438 152 939 15 692 548 776 973 343 570 
47 753 982 52 286 977 469 0 622 440 980 799 110 528 608 586 750 236 293 390 90 606 720 567 808 641 284 834 290 721 985 581 735 28 128 863 352 470 432 974 910 411 772 371 938 731 956 688 967 600 429 408 557 500 974 717 492 610 550 782 
978 472 605 264 624 950 880 622 0 330 886 362 417 913 841 279 616 310 62 941 571 473 65 941 410 795 248 449 761 199 877 520 756 377 494 472 220 103 21 1 784 906 714 552 170 554 182 785 216 244 78 138 716 142 431 477 936 678 926 49 
514 868 745 2 102 241 66 440 330 0 877 154 568 632 882 61 455 102 515 475 454 651 732 168 202 901 73 736 37 640 979 114 130 46 255 560 522 191 589 799 591 465 953 158 448 834 219 254 935 85 728 389 735 459 908 289 711 332 24 748 
635 942 580 882 402 106 578 980 886 877 0 972 354 213 101 399 468 12 272 10 600 71 600 417 375 757 864 208 327 470 495 764 197 235 850 8 494 138 718 825 513 817 148 218 30 600 968 849 611 240 210 563 662 809 979 36 917 194 595 596 
662 480 38 575 570 776 607 799 362 154 972 0 663 441 359 860 27 208 219 520 346 288 697 210 457 196 428 486 796 395 686 758 986 895 320 999 55 298 386 971 844 333 566 506 773 924 717 152 132 935 23 829 575 719 390 31 915 169 868 62 
345 778 631 271 565 126 692 110 417 568 354 663 0 916 553 819 901 799 491 252 853 140 637 823 983 969 741 489 94 664 557 245 147 844 267 327 418 338 69 800 252 237 667 665 152 571 483 405 369 325 656 573 465 292 395 799 613 135 287 706 
738 643 648 694 212 729 921 528 913 632 213 441 916 0 151 196 302 649 39 568 328 456 905 396 607 508 984 273 172 136 195 7 540 915 331 547 487 147 190 233 946 802 720 584 859 222 779 160 870 817 80 549 624 336 944 230 844 280 854 15 
90 475 690 841 919 1 889 608 841 882 101 359 553 151 0 415 400 373 306 314 704 204 152 850 393 385 147 547 104 731 405 677 509 917 898 678 996 447 653 331 742 235 174 21 440 541 435 840 913 92 505 968 295 657 170 40 393 316 586 848 
472 701 459 285 644 1000 239 586 279 61 399 860 819 196 415 0 46 990 524 907 258 421 936 253 867 588 936 609 174 461 981 614 1 768 805 266 859 661 585 506 317 754 545 61 70 130 908 467 471 431 373 729 852 660 333 70 248 268 30 773 
936 689 196 437 22 328 592 750 616 455 468 27 901 302 400 46 0 729 11 738 81 778 894 346 988 555 283 493 223 36 37 284 457 518 191 924 989 974 296 69 177 308 401 246 555 669 276 679 749 638 417 829 415 662 527 402 216 809 247 439 
154 560 119 145 150 680 120 236 310 102 12 208 799 649 373 990 729 0 196 283 74 653 153 616 576 141 589 223 561 765 530 313 11 436 333 638 115 81 275 883 262 41 544 788 794 112 948 40 902 143 675 975 795 827 590 722 319 531 945 879 
108 714 929 929 649 924 378 293 62 515 272 219 491 39 306 524 11 196 0 295 474 191 657 910 524 294 376 956 920 610 217 960 153 356 754 616 303 145 517 798 819 491 592 645 433 314 963 963 610 193 609 83 736 266 344 611 559 71 566 831 
837 207 571 828 455 497 369 390 941 475 10 520 252 568 314 907 738 283 295 0 680 783 142 185 490 247 800 793 392 669 942 210 511 885 207 943 198 169 257 159 714 866 594 449 131 289 59 41 360 976 871 391 758 365 575 600 611 727 392 2 
405 227 248 137 426 275 478 90 571 454 600 346 853 328 704 258 81 74 474 680 0 395 685 564 905 569 770 200 119 290 456 277 3 673 870 803 803 159 861 196 870 837 418 260 946 782 187 545 393 913 288 394 659 972 309 563 541 78 114 659 
749 232 439 383 495 411 642 606 473 651 71 288 140 456 204 421 778 653 191 783 395 0 368 570 287 722 594 157 525 397 667 385 944 536 573 361 147 871 495 333 415 887 597 55 632 255 378 941 170 270 370 283 928 89 204 567 811 798 723 335 
693 535 504 766 172 584 226 720 65 732 600 697 637 905 152 936 894 153 657 142 685 368 0 546 741 71 489 276 996 201 422 866 695 107 632 933 703 686 917 958 416 209 479 685 930 761 965 19 317 531 829 114 605 515 659 345 585 499 620 580 
375 435 91 600 138 513 189 567 941 168 417 210 823 396 850 253 346 616 910 185 564 570 546 0 51 393 797 98 499 429 382 554 466 298 863 233 858 341 918 788 453 882 806 769 412 634 234 368 148 892 712 84 742 683 16 145 427 812 242 926 
331 506 156 765 836 272 257 808 410 202 375 457 983 607 393 867 988 576 524 490 905 287 741 51 0 592 623 831 410 273 693 642 130 33 911 917 485 792 74 606 555 59 839 922 206 83 985 642 824 667 657 968 94 820 561 371 764 184 201 525 
91 612 368 274 169 172 762 641 795 901 757 196 969 508 385 588 555 141 294 247 569 722 71 393 592 0 456 893 518 937 277 429 854 113 572 279 718 479 338 557 752 895 639 737 536 814 755 544 782 848 716 694 570 479 877 770 355 684 14 872 
9 334 868 958 30 752 930 284 248 73 864 428 741 984 147 936 283 589 376 800 770 594 489 797 623 456 0 621 290 652 826 755 224 104 472 54 441 28 157 336 18 893 871 832 1000 767 965 847 482 658 417 312 535 538 666 570 904 889 190 545 
95 802 759 937 314 235 796 834 449 736 208 486 489 273 547 609 493 223 956 793 200 157 276 98 831 893 621 0 541 15 299 116 119 771 521 911 150 677 246 168 922 469 999 921 587 963 119 68 620 535 731 506 425 396 76 328 636 617 872 528 
584 19 314 637 548 537 443 290 761 37 327 796 94 172 104 174 223 561 920 392 119 525 996 499 410 518 290 541 0 632 171 995 102 293 515 12 442 192 610 609 465 430 959 385 16 921 503 435 893 390 165 750 814 912 177 493 547 794 716 75 
919 28 799 110 38 837 298 721 199 640 470 395 664 136 731 461 36 765 610 669 290 397 201 429 273 937 652 15 632 0 777 238 421 230 530 936 593 324 479 202 932 943 983 243 679 998 515 181 432 407 570 596 509 735 859 37 579 406 182 295 
774 810 973 617 391 721 98 985 877 979 495 686 557 195 405 981 37 530 217 942 456 667 422 382 693 277 826 299 171 777 0 832 958 532 252 187 414 539 132 737 17 333 20 311 316 262 989 665 777 522 97 535 443 44 395 530 903 432 108 660 
555 873 298 368 43 391 410 581 520 114 764 758 245 7 677 614 284 313 960 210 277 385 866 554 642 429 755 116 995 238 832 0 613 402 843 923 286 94 461 51 985 592 139 1 925 158 664 592 772 652 608 900 525 704 786 968 100 181 497 354 
231 952 234 777 968 758 178 735 756 130 197 986 147 540 509 1 457 11 153 511 3 944 695 466 130 854 224 119 102 421 958 613 0 964 604 365 576 358 207 498 995 652 959 45 636 550 183 989 826 692 652 769 815 655 377 66 180 432 204 147 
308 737 854 54 777 376 318 28 377 46 235 895 844 915 917 768 518 436 356 885 673 536 107 298 33 113 104 771 293 230 532 402 964 0 883 736 995 236 699 598 952 274 307 158 124 301 810 434 697 797 335 231 785 513 275 788 281 89 795 9 
275 500 308 765 827 275 197 128 494 255 850 320 267 331 898 805 191 333 754 207 870 573 632 863 911 572 472 521 515 530 252 843 604 883 0 507 974 441 710 472 675 445 466 263 143 415 214 768 722 372 243 22 533 28 71 681 363 301 466 227 
963 783 479 947 886 344 809 863 472 560 8 999 327 547 678 266 924 638 616 943 803 361 933 233 917 279 54 911 12 936 187 923 365 736 507 0 575 605 859 16 399 868 522 724 660 231 195 334 27 12 596 169 427 810 288 148 533 883 521 417 
582 246 311 464 624 283 477 352 220 522 494 55 418 487 996 859 989 115 303 198 803 147 703 858 485 718 441 150 442 593 414 286 576 995 974 575 0 910 591 97 272 892 914 850 818 519 709 833 269 576 354 993 235 936 539 920 962 551 868 482 
837 434 270 458 226 548 223 470 103 191 138 298 338 147 447 661 974 81 145 169 159 871 686 341 792 479 28 677 192 324 539 94 358 236 441 605 910 0 329 677 122 828 561 4 348 977 913 291 73 537 534 987 386 351 857 94 184 125 21 889 
9 887 813 998 523 320 277 432 21 589 718 386 69 190 653 585 296 275 517 257 861 495 917 918 74 338 157 246 610 479 132 461 207 699 710 859 591 329 0 469 607 825 8 527 138 910 394 972 590 422 93 417 334 448 764 310 360 406 734 248 
911 717 915 80 248 232 356 974 1 799 825 971 800 233 331 506 69 883 798 159 196 333 958 788 606 557 336 168 609 202 737 51 498 598 472 16 97 677 469 0 939 720 986 290 576 431 825 53 452 713 521 410 889 880 288 27 789 33 350 378 
350 301 14 811 327 788 640 910 784 591 513 844 252 946 742 317 177 262 819 714 870 415 416 453 555 752 18 922 465 932 17 985 995 952 675 399 272 122 607 939 0 454 442 146 139 889 910 448 600 315 182 200 254 253 185 895 181 967 719 233 
644 828 392 231 925 777 854 411 906 465 817 333 237 802 235 754 308 41 491 866 837 887 209 882 59 895 893 469 430 943 333 592 652 274 445 868 892 828 825 720 454 0 418 431 753 180 320 633 467 698 773 500 399 503 305 840 648 444 80 909 
572 549 304 6 817 359 962 772 714 953 148 566 667 720 174 545 401 544 592 594 418 597 479 806 839 639 871 999 959 983 20 139 959 307 466 522 914 561 8 986 442 418 0 243 31 576 424 230 829 677 766 75 857 733 793 441 502 575 193 681 
47 78 645 82 244 265 331 371 552 158 218 506 665 584 21 61 246 788 645 449 260 55 685 769 922 737 832 921 385 243 311 1 45 158 263 724 850 4 527 290 146 431 243 0 246 177 500 295 302 999 693 804 655 884 803 98 963 712 341 346 
733 471 39 925 136 858 126 938 170 448 30 773 152 859 440 70 555 794 433 131 946 632 930 412 206 536 1000 587 16 679 316 925 636 124 143 660 818 348 138 576 139 753 31 246 0 287 116 927 467 144 693 541 352 777 685 792 630 259 337 663 
13 375 993 846 88 711 203 731 554 834 600 924 571 222 541 130 669 112 314 289 782 255 761 634 83 814 767 963 921 998 262 158 550 301 415 231 519 977 910 431 889 180 576 177 287 0 505 865 162 151 166 512 844 321 166 727 124 616 42 835 
518 778 103 718 239 264 921 956 182 219 968 717 483 779 435 908 276 948 963 59 187 378 965 234 985 755 965 119 503 515 989 664 183 810 214 195 709 913 394 825 910 320 424 500 116 505 0 308 387 473 423 313 939 919 357 831 270 485 515 414 
668 159 587 713 509 185 718 688 785 254 849 152 405 160 840 467 679 40 963 41 545 941 19 368 642 544 847 68 435 181 665 592 989 434 768 334 833 291 972 53 448 633 230 295 927 865 308 0 115 125 102 777 981 966 938 132 484 449 975 804 
519 934 111 990 589 390 674 967 216 935 611 132 369 870 913 471 749 902 610 360 393 170 317 148 824 782 482 620 893 432 777 772 826 697 722 27 269 73 590 452 600 467 829 302 467 162 387 115 0 966 53 279 581 94 465 888 832 937 663 497 
977 843 383 998 888 540 298 600 244 85 240 935 325 817 92 431 638 143 193 976 913 270 531 892 667 848 658 535 390 407 522 652 692 797 372 12 576 537 422 713 315 698 677 999 144 151 473 125 966 0 227 581 205 57 202 690 923 967 804 48 
856 717 509 540 964 681 438 429 78 728 210 23 656 80 505 373 417 675 609 871 288 370 829 712 657 716 417 731 165 570 97 608 652 335 243 596 354 534 93 521 182 773 766 693 693 166 423 102 53 227 0 68 580 380 34 869 511 869 669 837 
923 513 359 479 14 16 152 408 138 389 563 829 573 549 968 729 829 975 83 391 394 283 114 84 968 694 312 506 750 596 535 900 769 231 22 169 993 987 417 410 200 500 75 804 541 512 313 777 279 581 68 0 672 634 242 303 567 335 767 806 
726 426 821 380 734 950 939 557 716 735 662 575 465 624 295 852 415 795 736 758 659 928 605 742 94 570 535 425 814 509 443 525 815 785 533 427 235 386 334 889 254 399 857 655 352 844 939 981 581 205 580 672 0 519 704 468 367 282 400 571 
900 252 364 657 135 616 15 500 142 459 809 719 292 336 657 660 662 827 266 365 972 89 515 683 820 479 538 396 912 735 44 704 655 513 28 810 936 351 448 880 253 503 733 884 777 321 919 966 94 57 380 634 519 0 339 954 260 613 920 63 
297 947 801 78 503 529 692 974 431 908 979 390 395 944 170 333 527 590 344 575 309 204 659 16 561 877 666 76 177 859 395 786 377 275 71 288 539 857 764 288 185 305 793 803 685 166 357 938 465 202 34 242 704 339 0 12 340 994 392 373 
408 931 328 496 921 221 548 717 477 289 36 31 799 230 40 70 402 722 611 600 563 567 345 145 371 770 570 328 493 37 530 968 66 788 681 148 920 94 310 27 895 840 441 98 792 727 831 132 888 690 869 303 468 954 12 0 862 254 593 530 
342 863 732 930 656 787 776 492 936 711 917 915 613 844 393 248 216 319 559 611 541 811 585 427 764 355 904 636 547 579 903 100 180 281 363 533 962 184 360 789 181 648 502 963 630 124 270 484 832 923 511 567 367 260 340 862 0 91 616 516 
657 632 668 387 884 632 973 610 678 332 194 169 135 280 316 268 809 531 71 727 78 798 499 812 184 684 889 617 794 406 432 181 432 89 301 883 551 125 406 33 967 444 575 712 259 616 485 449 937 967 869 335 282 613 994 254 91 0 332 918 
502 84 86 432 235 807 343 550 926 24 595 868 287 854 586 30 247 945 566 392 114 723 620 242 201 14 190 872 716 182 108 497 204 795 466 521 868 21 734 350 719 80 193 341 337 42 515 975 663 804 669 767 400 920 392 593 616 332 0 82 
925 882 45 919 555 675 570 782 49 748 596 62 706 15 848 773 439 879 831 2 659 335 580 926 525 872 545 528 75 295 660 354 147 9 227 417 482 889 248 378 233 909 681 346 663 835 414 804 497 48 837 806 571 63 373 530 516 918 82 0 
