90
0 448 538 940 960 947 620 83 819 987 941 123 803 777 101 381 774 42 775 69 116 393 686 129 727 4 524 506 228 656 770 791 103 659 82 415 606 701 497 424 687 789 898 842 566 998 222 691 391 997 111 858 389 796 986 115 152 861 973 379 517 94 521 971 752 603 385 357 303 882 132 342 670 29 183 587 26 404 277 768 752 387 625 493 535 962 959 686 823 283 
448 0 416 339 376 936 309 128 538 46 484 193 927 968 534 948 996 68 535 374 823 811 141 575 550 766 419 84 727 377 769 901 660 184 591 387 471 900 514 9 945 350 553 223 317 86 170 312 153 704 37 327 867 530 901 416 295 671 499 373 48 619 626 59 802 216 445 272 467 311 632 763 660 184 985 976 621 507 639 125 210 28 452 428 557 352 843 203 375 693 
538 416 0 927 422 311 552 832 112 768 628 736 234 938 719 997 597 903 333 924 875 839 915 1000 401 942 451 828 498 154 23 52 528 715 978 301 26 530 484 489 297 112 224 882 49 295 230 998 549 915 273 423 753 539 422 505 480 872 333 329 378 707 380 905 421 358 558 446 239 41 935 887 152 510 768 553 804 350 902 352 264 174 127 368 713 548 873 544 772 557 
940 339 927 0 225 149 263 956 405 683 665 962 481 903 3 415 789 506 276 909 410 80 258 311 783 873 837 909 240 901 809 112 444 580 668 20 80 930 976 484 965 640 798 445 895 152 211 683 657 486 943 67 917 200 729 700 72 565 960 312 465 768 775 261 699 795 280 778 724 607 614 40 599 763 836 493 914 46 527 922 532 470 340 800 21 421 499 445 985 811 
960 376 422 225 0 756 802 578 882 62 629 676 693 758 752 652 723 791 250 485 627 742 750 24 268 24 907 89 715 707 110 135 205 554 120 15 661 273 945 542 334 573 570 378 330 321 381 53 463 630 889 441 723 639 465 343 14 371 431 728 77 540 863 634 445 982 1000 105 254 944 999 939 868 568 668 550 888 49 954 350 30 842 143 753 832 607 447 845 329 877 
947 936 311 149 756 0 573 406 769 787 391 213 120 390 670 725 686 668 663 905 235 682 454 122 82 407 823 464 601 317 216 784 923 14 629 604 890 553 361 10 339 751 575 458 492 244 182 177 911 196 434 145 229 887 618 663 646 792 126 598 109 693 381 383 706 361 986 947 265 346 957 603 448 531 412 940 774 945 468 36 492 901 180 721 140 149 383 137 940 508 
620 309 552 263 802 573 0 734 400 200 466 783 905 827 120 203 91 466 159 46 913 41 809 204 166 754 672 201 245 572 732 317 63 880 699 199 820 558 284 219 757 750 1 13 928 121 568 370 938 726 767 202 119 576 406 284 329 77 837 925 1000 568 242 63 448 292 261 267 850 897 837 958 646 190 323 925 662 890 646 599 967 413 152 85 988 557 721 668 985 909 
83 128 832 956 578 406 734 0 944 337 476 537 399 923 829 11 541 678 907 730 987 904 919 309 180 580 198 826 530 165 238 33 601 577 942 321 596 926 229 891 614 57 428 12 331 256 375 224 285 633 953 271 537 223 580 68 154 129 893 683 645 482 67 246 410 8 918 357 286 499 248 899 555 27 263 237 634 989 460 918 621 764 540 509 986 471 577 139 600 821 
819 538 112 405 882 769 400 944 0 173 244 303 240 489 64 599 759 421 884 257 20 135 163 46 397 399 679 385 859 948 357 622 487 866 960 958 794 98 909 614 271 152 268 862 993 332 460 103 752 696 359 123 830 521 168 578 271 198 314 481 145 670 103 983 887 414 940 680 511 200 294 133 352 561 994 696 244 454 798 347 149 508 469 330 380 636 907 650 185 220 
987 46 768 683 62 787 200 337 173 0 131 329 241 585 312 128 998 603 807 508 803 452 641 506 365 986 201 608 791 350 955 291 857 423 620 236 411 526 237 595 97 367 276 338 951 587 817 300 541 975 808 343 427 800 848 143 137 400 750 928 101 56 218 309 831 838 544 241 715 133 187 812 499 462 501 802 400 317 101 941 643 260 283 69 59 483 211 196 882 313 
941 484 628 665 629 391 466 476 244 131 0 475 983 720 692 291 550 529 187 790 596 671 329 759 169 790 259 970 190 927 423 130 569 682 764 990 93 246 552 640 128 864 114 462 584 805 104 485 686 642 627 281 312 955 39 833 744 649 154 285 927 576 766 495 610 530 836 702 775 388 341 254 603 806 67 538 962 171 23 647 164 649 279 828 603 669 660 698 669 813 
123 193 736 962 676 213 783 537 303 329 475 0 983 595 741 100 442 350 629 277 403 404 664 743 9 619 548 76 156 509 598 178 508 761 826 138 588 780 807 247 478 827 412 812 422 152 911 863 853 540 491 255 295 507 349 303 125 248 378 280 108 975 810 615 88 635 105 675 415 263 274 244 89 37 55 510 540 965 724 392 856 215 998 150 73 346 805 197 593 534 
803 927 234 481 693 120 905 399 240 241 983 983 0 828 700 509 637 667 948 272 771 974 38 385 247 281 473 283 335 335 174 651 58 565 507 624 562 656 696 259 812 244 851 346 72 903 206 708 921 153 331 43 126 720 427 725 352 899 359 38 233 533 689 643 449 195 618 11 202 666 621 366 909 824 711 980 78 916 40 998 68 722 40 545 794 818 269 145 716 628 
777 968 938 903 758 390 827 923 489 585 720 595 828 0 183 301 512 871 295 960 417 912 322 970 577 943 335 838 766 45 169 843 312 560 192 379 282 231 924 75 48 544 571 115 523 753 767 34 975 61 994 743 325 315 65 253 609 751 90 374 148 611 568 459 170 759 838 451 341 113 877 740 656 800 207 179 552 973 564 879 386 557 973 710 224 37 314 832 140 404 
101 534 719 3 752 670 120 829 64 312 692 741 700 183 0 206 287 14 125 745 535 884 934 986 576 398 214 316 406 13 522 936 917 846 499 147 231 56 119 292 631 508 606 462 647 361 667 933 726 144 29 260 379 963 597 954 712 163 621 117 175 494 52 443 340 903 589 922 310 60 214 940 567 171 401 213 531 420 145 608 563 525 219 941 839 816 894 551 978 515 
381 948 997 415 652 725 203 11 599 128 291 100 509 301 206 0 667 504 8 71 299 699 325 239 621 634 298 834 573 864 356 973 76 886 392 572 845 306 97 63 246 287 878 492 837 207 358 856 63 717 278 361 416 602 599 36 235 249 221 807 112 928 131 540 813 875 463 9 180 559 71 778 198 949 269 34 507 626 889 569 694 518 281 109 119 232 496 353 480 68 
774 996 597 789 723 686 91 541 759 998 550 442 637 512 287 667 0 511 591 995 994 482 159 868 945 167 399 855 238 176 52 538 796 86 396 773 326 317 467 844 597 927 962 180 423 667 659 842 529 602 837 522 83 347 741 27 514 140 882 103 667 285 640 463 370 387 587 48 703 53 891 652 980 204 831 754 222 842 595 751 443 783 272 877 130 365 256 643 504 489 
42 68 903 506 791 668 466 678 421 603 529 350 667 871 14 504 511 0 745 522 773 736 984 495 474 571 542 177 975 432 828 954 987 658 59 209 499 654 959 293 436 582 170 565 946 777 559 801 265 655 323 37 742 658 531 216 580 72 392 555 855 219 860 842 228 919 50 79 924 360 371 359 941 892 276 239 668 834 39 284 489 713 321 230 371 203 797 302 627 188 
775 535 333 276 250 663 159 907 884 807 187 629 948 295 125 8 591 745 0 208 481 758 68 674 338 338 75 416 613 434 138 971 727 382 246 965 401 432 355 685 272 68 357 853 790 559 650 443 185 189 651 18 947 70 43 636 407 118 403 371 551 892 341 277 273 939 593 26 722 948 710 993 367 66 845 156 976 846 598 513 35 600 882 333 669 924 320 427 41 722 
69 374 924 909 485 905 46 730 257 508 790 277 272 960 745 71 995 522 208 0 797 592 613 490 220 238 428 813 263 149 760 972 493 478 389 689 985 716 535 582 228 921 534 109 253 202 33 572 629 73 645 777 16 257 266 236 846 693 400 108 193 511 431 37 988 171 726 972 887 612 905 114 532 438 575 136 640 607 59 620 31 703 396 47 311 662 634 157 706 33 
116 823 875 410 627 235 913 987 20 803 596 403 771 417 535 299 994 773 481 797 0 616 251 543 47 639 530 217 364 853 455 327 757 569 210 547 495 345 538 453 755 157 483 809 904 881 472 917 514 980 975 898 595 225 792 993 863 673 562 579 525 16 905 634 936 115 180 430 811 717 882 566 225 717 726 480 597 197 397 463 176 371 712 123 947 504 115 809 176 28 
393 811 839 80 742 682 41 904 135 452 671 404 974 912 884 699 482 736 758 592 616 0 739 701 44 644 686 331 110 865 761 272 933 994 189 509 710 915 988 659 111 384 473 639 106 184 113 52 687 227 213 215 255 951 267 650 946 952 980 55 168 92 327 452 86 515 960 147 781 947 157 244 683 629 234 788 165 346 840 203 924 52 417 530 2 683 179 300 986 511 
686 141 915 258 750 454 809 919 163 641 329 664 38 322 934 325 159 984 68 613 251 739 0 354 153 602 32 604 39 899 915 186 31 862 694 274 544 323 507 683 839 852 522 41 128 925 458 657 279 492 836 578 478 698 283 982 299 667 938 338 565 852 875 947 65 568 221 960 242 79 643 80 283 516 121 410 441 930 66 71 421 253 648 250 950 930 584 249 596 521 
129 575 1000 311 24 122 204 309 46 506 759 743 385 970 986 239 868 495 674 490 543 701 354 0 938 512 724 812 459 789 731 31 748 973 109 742 404 743 610 876 152 50 805 570 472 578 822 119 179 772 48 762 372 996 282 661 507 358 824 317 146 554 347 245 878 808 339 634 550 948 509 702 349 666 271 820 595 444 938 773 567 337 887 290 332 168 950 191 877 773 
727 550 401 783 268 82 166 180 397 365 169 9 247 577 576 621 945 474 338 220 47 44 153 938 0 859 22 679 206 619 908 365 957 893 914 904 402 967 604 419 589 423 13 385 712 137 951 48 23 241 732 543 542 274 419 667 132 793 697 689 411 604 53 719 849 319 974 250 637 577 20 578 351 384 314 62 520 264 461 895 856 544 437 398 817 855 416 301 999 112 
4 766 942 873 24 407 754 580 399 986 790 619 281 943 398 634 167 571 338 238 639 644 602 512 859 0 989 409 67 394 127 915 64 100 516 52 28 535 981 378 918 294 791 790 558 252 684 765 147 120 514 964 326 929 616 325 40 604 85 107 349 564 21 764 15 537 816 43 71 796 772 341 90 563 130 999 166 165 763 312 636 277 627 313 557 242 637 597 198 74 
524 419 451 837 907 823 672 198 679 201 259 548 473 335 214 298 399 542 75 428 530 686 32 724 22 989 0 703 546 637 723 662 3 611 477 45 34 624 169 374 65 731 855 415 896 371 530 559 6 158 186 318 714 427 307 310 976 380 12 874 368 87 535 370 49 11 767 82 986 935 807 51 17 661 465 264 31 346 822 388 503 7 706 217 786 364 526 761 743 890 
506 84 828 909 89 464 201 826 385 608 970 76 283 838 316 834 855 177 416 813 217 331 604 812 679 409 703 0 634 462 976 520 183 24 882 301 458 868 235 264 270 251 277 86 514 659 432 688 47 934 694 104 150 831 467 676 944 561 565 929 22 892 449 556 267 330 857 724 197 443 988 818 46 616 904 911 274 335 598 320 620 644 423 770 474 889 797 769 449 713 
228 727 498 240 715 601 245 530 859 791 190 156 335 766 406 573 238 975 613 263 364 110 39 459 206 67 546 634 0 698 822 604 146 378 222 827 586 298 24 28 637 841 73 252 96 984 525 782 933 845 402 576 267 171 402 508 319 170 308 31 219 130 986 364 859 207 191 444 504 566 823 140 758 248 391 206 583 916 987 515 112 388 443 730 910 844 237 228 365 545 
656 377 154 901 707 317 572 165 948 350 927 509 335 45 13 864 176 432 434 149 853 865 899 789 619 394 637 462 698 0 258 584 26 243 299 236 802 489 31 657 406 853 797 516 452 539 721 34 806 707 549 917 447 343 647 356 186 235 936 550 131 545 485 508 140 784 743 941 624 773 597 30 978 745 897 429 636 617 463 441 675 363 358 121 705 356 829 242 590 764 
770 769 23 809 110 216 732 238 357 955 423 598 174 169 522 356 52 828 138 760 455 761 915 731 908 127 723 976 822 258 0 143 73 660 628 580 799 411 323 91 386 447 40 415 424 136 311 853 771 279 315 212 954 29 921 74 85 276 254 326 217 369 468 641 29 447 221 179 209 895 622 595 341 13 361 765 500 672 617 271 302 283 834 255 311 106 681 395 733 934 
791 901 52 112 135 784 317 33 622 291 130 178 651 843 936 973 538 954 971 972 327 272 186 31 365 915 662 520 604 584 143 0 72 949 303 539 590 683 986 162 213 546 56 834 140 396 198 501 160 698 524 128 320 825 410 153 432 72 258 112 466 342 397 537 290 51 428 231 733 765 744 946 310 799 131 450 547 329 950 58 26 825 186 345 649 947 849 80 19 458 
103 660 528 444 205 923 63 601 487 857 569 508 58 312 917 76 796 987 727 493 757 933 31 748 957 64 3 183 146 26 73 72 0 543 836 799 940 725 440 990 504 23 75 268 766 20 929 917 150 378 815 830 679 872 855 503 409 551 504 708 751 935 726 208 478 913 358 417 637 150 758 140 172 832 759 289 203 688 205 705 417 371 534 448 243 741 302 3 643 805 
659 184 715 580 554 14 880 577 866 423 682 761 565 560 846 886 86 658 382 478 569 994 862 973 893 100 611 24 378 243 660 949 543 0 710 394 92 787 953 569 700 663 337 688 812 446 180 983 278 290 623 832 977 828 536 746 198 422 193 792 162 846 795 804 3 856 549 94 643 854 14 694 516 350 381 327 795 912 661 424 202 283 256 530 462 143 275 12 564 819 
82 591 978 668 120 629 699 942 960 620 764 826 507 192 499 392 396 59 246 389 210 189 694 109 914 516 477 882 222 299 628 303 836 710 0 803 77 665 949 233 19 157 781 112 799 634 125 492 501 826 224 827 972 136 839 748 337 122 355 866 935 497 493 946 413 311 101 489 327 401 721 697 557 854 808 355 839 284 198 340 461 422 518 433 909 357 180 245 830 534 
415 387 301 20 15 604 199 321 958 236 990 138 624 379 147 572 773 209 965 689 547 509 274 742 904 52 45 301 827 236 580 539 799 394 803 0 462 116 382 954 62 794 617 514 635 295 914 707 992 823 560 151 529 399 787 727 90 247 500 607 679 408 315 210 4 144 95 817 260 477 123 673 622 739 186 256 385 451 963 376 273 522 879 154 272 665 880 361 911 379 
606 471 26 80 661 890 820 596 794 411 93 588 562 282 231 845 326 499 401 985 495 710 544 404 402 28 34 458 586 802 799 590 940 92 77 462 0 320 942 138 634 151 141 130 598 957 741 74 79 413 695 169 950 303 906 752 265 281 377 138 511 530 410 175 409 122 86 139 441 379 628 427 529 120 556 126 76 296 551 507 60 598 27 9 900 932 112 164 565 488 
701 900 530 930 273 553 558 926 98 526 246 780 656 231 56 306 317 654 432 716 345 915 323 743 967 535 624 868 298 489 411 683 725 787 665 116 320 0 653 75 17 62 250 777 536 687 267 328 65 894 754 945 365 661 423 793 956 973 299 15 922 677 375 821 961 487 984 525 326 637 951 695 50 552 823 937 590 442 617 654 687 370 951 52 31 373 844 338 697 494 
497 514 484 976 945 361 284 229 909 237 552 807 696 924 119 97 467 959 355 535 538 988 507 610 604 981 169 235 24 31 323 986 440 953 949 382 942 653 0 705 619 170 431 791 482 917 127 358 595 115 309 641 516 860 463 453 450 904 69 455 591 790 405 642 172 129 485 510 178 330 566 148 851 996 938 333 265 64 690 859 178 998 499 694 210 313 146 11 217 566 
424 9 489 484 542 10 219 891 614 595 640 247 259 75 292 63 844 293 685 582 453 659 683 876 419 378 374 264 28 657 91 162 990 569 233 954 138 75 705 0 817 159 355 574 800 879 702 636 740 879 317 305 378 167 300 316 499 564 379 189 774 557 538 624 602 747 937 99 109 153 664 926 663 370 499 462 600 552 449 339 783 765 643 160 931 295 475 782 210 206 
687 945 297 965 334 339 757 614 271 97 128 478 812 48 631 246 597 436 272 228 755 111 839 152 589 918 65 270 637 406 386 213 504 700 19 62 634 17 619 817 0 970 984 114 859 959 715 606 895 813 66 399 828 343 61 549 193 874 149 745 674 487 879 790 482 390 73 776 865 854 337 422 175 672 535 33 631 601 990 525 765 56 276 592 398 688 492 943 562 640 
789 350 112 640 573 751 750 57 152 367 864 827 244 544 508 287 927 582 68 921 157 384 852 50 423 294 731 251 841 853 447 546 23 663 157 794 151 62 170 159 970 0 687 587 127 917 377 960 306 449 735 522 302 71 943 476 743 829 508 725 429 498 601 545 905 876 136 654 564 628 596 477 619 634 63 97 550 439 56 856 887 142 377 540 565 672 15 307 852 875 
898 553 224 798 570 575 1 428 268 276 114 412 851 571 606 878 962 170 357 534 483 473 522 805 13 791 855 277 73 797 40 56 75 337 781 617 141 250 431 355 984 687 0 383 281 372 983 825 628 859 313 281 774 292 877 602 910 510 664 7 412 455 414 267 693 556 995 233 120 18 599 778 870 473 160 502 196 142 678 823 352 990 104 477 633 332 78 895 193 94 
842 223 882 445 378 458 13 12 862 338 462 812 346 115 462 492 180 565 853 109 809 639 41 570 385 790 415 86 252 516 415 834 268 688 112 514 130 777 791 574 114 587 383 0 253 604 900 666 222 592 573 217 176 692 586 775 821 455 247 980 956 795 474 986 617 177 327 72 654 960 755 83 206 948 528 458 551 427 475 125 371 48 341 546 739 278 672 560 733 271 
566 317 49 895 330 492 928 331 993 951 584 422 72 523 647 837 423 946 790 253 904 106 128 472 712 558 896 514 96 452 424 140 766 812 799 635 598 536 482 800 859 127 281 253 0 891 40 65 364 25 33 893 704 457 898 663 211 332 868 158 860 677 61 638 151 185 360 198 877 906 289 506 577 200 590 847 90 630 263 806 6 296 698 709 752 947 723 314 278 942 
998 86 295 152 321 244 121 256 332 587 805 152 903 753 361 207 667 777 559 202 881 184 925 578 137 252 371 659 984 539 136 396 20 446 634 295 957 687 917 879 959 917 372 604 891 0 472 489 618 884 127 769 420 486 318 648 743 606 153 672 805 743 870 247 724 133 52 81 780 101 142 883 47 216 196 676 158 19 165 127 902 291 895 673 128 565 672 223 522 177 
222 170 230 211 381 182 568 375 460 817 104 911 206 767 667 358 659 559 650 33 472 113 458 822 951 684 530 432 525 721 311 198 929 180 125 914 741 267 127 702 715 377 983 900 40 472 0 894 327 271 115 925 994 599 976 426 378 428 919 260 826 135 456 501 292 826 665 418 728 307 665 752 787 581 776 9 102 952 254 780 222 720 704 567 319 31 992 696 458 911 
691 312 998 683 53 177 370 224 103 300 485 863 708 34 933 856 842 801 443 572 917 52 657 119 48 765 559 688 782 34 853 501 917 983 492 707 74 328 358 636 606 960 825 666 65 489 894 0 308 635 397 115 136 688 940 152 457 19 811 473 123 949 405 898 309 507 849 562 286 70 633 990 636 951 20 979 999 830 241 306 464 637 772 599 676 711 103 133 82 913 
391 153 549 657 463 911 938 285 752 541 686 853 921 975 726 63 529 265 185 629 514 687 279 179 23 147 6 47 933 806 771 160 150 278 501 992 79 65 595 740 895 306 628 222 364 618 327 308 0 957 204 861 362 101 521 868 301 434 505 370 66 494 357 17 866 687 15 695 928 672 158 564 443 109 240 505 211 724 586 475 680 141 687 393 241 207 612 541 640 117 
997 704 915 486 630 196 726 633 696 975 642 540 153 61 144 717 602 655 189 73 980 227 492 772 241 120 158 934 845 707 279 698 378 290 826 823 413 894 115 879 813 449 859 592 25 884 271 635 957 0 262 705 962 970 73 827 657 87 873 584 110 31 499 904 491 738 409 701 461 346 527 493 487 565 885 79 771 849 972 762 965 233 818 278 555 891 105 211 329 329 
111 37 273 943 889 434 767 953 359 808 627 491 331 994 29 278 837 323 651 645 975 213 836 48 732 514 186 694 402 549 315 524 815 623 224 560 695 754 309 317 66 735 313 573 33 127 115 397 204 262 0 146 439 359 644 342 849 734 102 901 194 448 779 686 286 343 923 364 465 771 335 578 87 920 748 716 474 638 172 36 318 501 533 108 211 176 802 60 261 903 
858 327 423 67 441 145 202 271 123 343 281 255 43 743 260 361 522 37 18 777 898 215 578 762 543 964 318 104 576 917 212 128 830 832 827 151 169 945 641 305 399 522 281 217 893 769 925 115 861 705 146 0 312 455 702 443 492 987 137 766 351 602 888 37 531 326 956 278 42 429 267 213 816 585 713 348 44 924 876 845 335 136 100 998 942 153 440 434 492 929 
389 867 753 917 723 229 119 537 830 427 312 295 126 325 379 416 83 742 947 16 595 255 478 372 542 326 714 150 267 447 954 320 679 977 972 529 950 365 516 378 828 302 774 176 704 420 994 136 362 962 439 312 0 199 194 882 439 230 412 764 186 690 805 966 308 370 782 892 82 481 288 357 356 132 691 844 583 41 785 736 832 218 579 760 769 772 641 207 1 53 
796 530 539 200 639 887 576 223 521 800 955 507 720 315 963 602 347 658 70 257 225 951 698 996 274 929 427 831 171 343 29 825 872 828 136 399 303 661 860 167 343 71 292 692 457 486 599 688 101 970 359 455 199 0 970 538 94 127 504 401 496 637 645 929 469 284 286 825 767 328 668 350 368 804 437 552 22 15 311 142 786 304 700 138 356 21 676 801 147 531 
986 901 422 729 465 618 406 580 168 848 39 349 427 65 597 599 741 531 43 266 792 267 283 282 419 616 307 467 402 647 921 410 855 536 839 787 906 423 463 300 61 943 877 586 898 318 976 940 521 73 644 702 194 970 0 553 994 519 549 923 987 832 208 811 951 887 830 652 607 634 88 158 7 454 468 500 591 771 199 728 478 219 755 630 366 285 535 359 803 435 
115 416 505 700 343 663 284 68 578 143 833 303 725 253 954 36 27 216 636 236 993 650 982 661 667 325 310 676 508 356 74 153 503 746 748 727 752 793 453 316 549 476 602 775 663 648 426 152 868 827 342 443 882 538 553 0 633 790 619 192 952 569 79 134 220 37 119 307 194 477 112 13 976 702 136 174 781 965 392 888 595 109 172 481 820 327 915 452 468 533 
152 295 480 72 14 646 329 154 271 137 744 125 352 609 712 235 514 580 407 846 863 946 299 507 132 40 976 944 319 186 85 432 409 198 337 90 265 956 450 499 193 743 910 821 211 743 378 457 301 657 849 492 439 94 994 633 0 996 771 101 426 904 320 462 374 978 655 850 441 667 825 142 154 350 275 119 94 162 65 202 685 545 373 363 459 825 830 992 172 601 
861 671 872 565 371 792 77 129 198 400 649 248 899 751 163 249 140 72 118 693 673 952 667 358 793 604 380 561 170 235 276 72 551 422 122 247 281 973 904 564 874 829 510 455 332 606 428 19 434 87 734 987 230 127 519 790 996 0 444 597 856 764 58 230 93 712 431 534 730 256 27 236 957 653 354 50 166 770 604 851 314 976 565 124 152 395 467 323 347 911 
973 499 333 960 431 126 837 893 314 750 154 378 359 90 621 221 882 392 403 400 562 980 938 824 697 85 12 565 308 936 254 258 504 193 355 500 377 299 69 379 149 508 664 247 868 153 919 811 505 873 102 137 412 504 549 619 771 444 0 919 202 26 976 783 118 39 214 3 121 821 30 708 777 682 61 827 848 830 782 50 495 757 614 618 909 360 85 231 706 995 
379 373 329 312 728 598 925 683 481 928 285 280 38 374 117 807 103 555 371 108 579 55 338 317 689 107 874 929 31 550 326 112 708 792 866 607 138 15 455 189 745 725 7 980 158 672 260 473 370 584 901 766 764 401 923 192 101 597 919 0 502 260 20 829 42 489 220 255 492 692 75 873 399 204 554 459 382 753 640 163 802 134 919 768 103 179 127 187 762 833 
517 48 378 465 77 109 1000 645 145 101 927 108 233 148 175 112 667 855 551 193 525 168 565 146 411 349 368 22 219 131 217 466 751 162 935 679 511 922 591 774 674 429 412 956 860 805 826 123 66 110 194 351 186 496 987 952 426 856 202 502 0 533 263 444 904 443 485 745 662 92 236 353 518 108 751 721 13 561 102 766 552 616 919 37 887 686 140 65 165 678 
94 619 707 768 540 693 568 482 670 56 576 975 533 611 494 928 285 219 892 511 16 92 852 554 604 564 87 892 130 545 369 342 935 846 497 408 530 677 790 557 487 498 455 795 677 743 135 949 494 31 448 602 690 637 832 569 904 764 26 260 533 0 826 349 563 440 792 466 883 276 210 544 719 797 249 237 256 999 957 269 912 411 386 463 26 304 852 912 342 991 
521 626 380 775 863 381 242 67 103 218 766 810 689 568 52 131 640 860 341 431 905 327 875 347 53 21 535 449 986 485 468 397 726 795 493 315 410 375 405 538 879 601 414 474 61 870 456 405 357 499 779 888 805 645 208 79 320 58 976 20 263 826 0 977 506 20 154 854 582 594 645 48 828 272 609 371 991 406 619 227 661 970 535 281 233 945 666 695 323 322 
971 59 905 261 634 383 63 246 983 309 495 615 643 459 443 540 463 842 277 37 634 452 947 245 719 764 370 556 364 508 641 537 208 804 946 210 175 821 642 624 790 545 267 986 638 247 501 898 17 904 686 37 966 929 811 134 462 230 783 829 444 349 977 0 546 234 15 888 562 520 908 716 725 489 661 721 888 488 344 497 210 686 254 181 264 266 150 799 899 382 
752 802 421 699 445 706 448 410 887 831 610 88 449 170 340 813 370 228 273 988 936 86 65 878 849 15 49 267 859 140 29 290 478 3 413 4 409 961 172 602 482 905 693 617 151 724 292 309 866 491 286 531 308 469 951 220 374 93 118 42 904 563 506 546 0 95 564 428 417 237 326 3 251 213 564 122 472 631 198 313 291 270 200 130 614 48 340 299 653 520 
603 216 358 795 982 361 292 8 414 838 530 635 195 759 903 875 387 919 939 171 115 515 568 808 319 537 11 330 207 784 447 51 913 856 311 144 122 487 129 747 390 876 556 177 185 133 826 507 687 738 343 326 370 284 887 37 978 712 39 489 443 440 20 234 95 0 915 271 21 713 169 402 159 732 181 576 321 506 578 571 71 141 45 542 124 594 206 414 864 758 
385 445 558 280 1000 986 261 918 940 544 836 105 618 838 589 463 587 50 593 726 180 960 221 339 974 816 767 857 191 743 221 428 358 549 101 95 86 984 485 937 73 136 995 327 360 52 665 849 15 409 923 956 782 286 830 119 655 431 214 220 485 792 154 15 564 915 0 896 477 805 235 127 810 106 41 80 126 105 248 879 264 331 59 191 651 917 768 574 339 260 
357 272 446 778 105 947 267 357 680 241 702 675 11 451 922 9 48 79 26 972 430 147 960 634 250 43 82 724 444 941 179 231 417 94 489 817 139 525 510 99 776 654 233 72 198 81 418 562 695 701 364 278 892 825 652 307 850 534 3 255 745 466 854 888 428 271 896 0 970 880 383 563 438 149 426 195 44 254 999 630 381 160 735 773 239 860 230 486 90 845 
303 467 239 724 254 265 850 286 511 715 775 415 202 341 310 180 703 924 722 887 811 781 242 550 637 71 986 197 504 624 209 733 637 643 327 260 441 326 178 109 865 564 120 654 877 780 728 286 928 461 465 42 82 767 607 194 441 730 121 492 662 883 582 562 417 21 477 970 0 817 500 35 819 768 154 392 106 413 361 338 148 924 775 648 701 969 691 955 319 320 
882 311 41 607 944 346 897 499 200 133 388 263 666 113 60 559 53 360 948 612 717 947 79 948 577 796 935 443 566 773 895 765 150 854 401 477 379 637 330 153 854 628 18 960 906 101 307 70 672 346 771 429 481 328 634 477 667 256 821 692 92 276 594 520 237 713 805 880 817 0 687 479 406 811 717 617 40 555 706 884 371 557 270 541 325 423 933 430 188 645 
132 632 935 614 999 957 837 248 294 187 341 274 621 877 214 71 891 371 710 905 882 157 643 509 20 772 807 988 823 597 622 744 758 14 721 123 628 951 566 664 337 596 599 755 289 142 665 633 158 527 335 267 288 668 88 112 825 27 30 75 236 210 645 908 326 169 235 383 500 687 0 767 687 920 541 334 621 509 376 575 180 47 613 658 452 423 726 420 815 280 
342 763 887 40 939 603 958 899 133 812 254 244 366 740 940 778 652 359 993 114 566 244 80 702 578 341 51 818 140 30 595 946 140 694 697 673 427 695 148 926 422 477 778 83 506 883 752 990 564 493 578 213 357 350 158 13 142 236 708 873 353 544 48 716 3 402 127 563 35 479 767 0 125 50 2 33 320 543 357 94 827 787 281 471 905 319 391 798 652 363 
670 660 152 599 868 448 646 555 352 499 603 89 909 656 567 198 980 941 367 532 225 683 283 349 351 90 17 46 758 978 341 310 172 516 557 622 529 50 851 663 175 619 870 206 577 47 787 636 443 487 87 816 356 368 7 976 154 957 777 399 518 719 828 725 251 159 810 438 819 406 687 125 0 306 379 289 837 425 901 494 228 323 220 647 137 851 123 187 853 156 
29 184 510 763 568 531 190 27 561 462 806 37 824 800 171 949 204 892 66 438 717 629 516 666 384 563 661 616 248 745 13 799 832 350 854 739 120 552 996 370 672 634 473 948 200 216 581 951 109 565 920 585 132 804 454 702 350 653 682 204 108 797 272 489 213 732 106 149 768 811 920 50 306 0 858 747 864 951 573 2 584 43 907 902 785 704 906 147 361 284 
183 985 768 836 668 412 323 263 994 501 67 55 711 207 401 269 831 276 845 575 726 234 121 271 314 130 465 904 391 897 361 131 759 381 808 186 556 823 938 499 535 63 160 528 590 196 776 20 240 885 748 713 691 437 468 136 275 354 61 554 751 249 609 661 564 181 41 426 154 717 541 2 379 858 0 787 198 61 687 43 288 362 614 287 850 465 409 388 669 916 
587 976 553 493 550 940 925 237 696 802 538 510 980 179 213 34 754 239 156 136 480 788 410 820 62 999 264 911 206 429 765 450 289 327 355 256 126 937 333 462 33 97 502 458 847 676 9 979 505 79 716 348 844 552 500 174 119 50 827 459 721 237 371 721 122 576 80 195 392 617 334 33 289 747 787 0 245 415 780 548 987 781 131 381 39 384 166 742 289 664 
26 621 804 914 888 774 662 634 244 400 962 540 78 552 531 507 222 668 976 640 597 165 441 595 520 166 31 274 583 636 500 547 203 795 839 385 76 590 265 600 631 550 196 551 90 158 102 999 211 771 474 44 583 22 591 781 94 166 848 382 13 256 991 888 472 321 126 44 106 40 621 320 837 864 198 245 0 455 925 451 652 337 489 46 624 850 660 262 52 476 
404 507 350 46 49 945 890 989 454 317 171 965 916 973 420 626 842 834 846 607 197 346 930 444 264 165 346 335 916 617 672 329 688 912 284 451 296 442 64 552 601 439 142 427 630 19 952 830 724 849 638 924 41 15 771 965 162 770 830 753 561 999 406 488 631 506 105 254 413 555 509 543 425 951 61 415 455 0 671 439 144 938 36 910 717 935 896 850 65 628 
277 639 902 527 954 468 646 460 798 101 23 724 40 564 145 889 595 39 598 59 397 840 66 938 461 763 822 598 987 463 617 950 205 661 198 963 551 617 690 449 990 56 678 475 263 165 254 241 586 972 172 876 785 311 199 392 65 604 782 640 102 957 619 344 198 578 248 999 361 706 376 357 901 573 687 780 925 671 0 888 800 793 982 441 809 436 365 611 439 701 
768 125 352 922 350 36 599 918 347 941 647 392 998 879 608 569 751 284 513 620 463 203 71 773 895 312 388 320 515 441 271 58 705 424 340 376 507 654 859 339 525 856 823 125 806 127 780 306 475 762 36 845 736 142 728 888 202 851 50 163 766 269 227 497 313 571 879 630 338 884 575 94 494 2 43 548 451 439 888 0 99 484 676 301 495 290 704 322 312 494 
752 210 264 532 30 492 967 621 149 643 164 856 68 386 563 694 443 489 35 31 176 924 421 567 856 636 503 620 112 675 302 26 417 202 461 273 60 687 178 783 765 887 352 371 6 902 222 464 680 965 318 335 832 786 478 595 685 314 495 802 552 912 661 210 291 71 264 381 148 371 180 827 228 584 288 987 652 144 800 99 0 817 249 529 726 318 463 973 519 879 
387 28 174 470 842 901 413 764 508 260 649 215 722 557 525 518 783 713 600 703 371 52 253 337 544 277 7 644 388 363 283 825 371 283 422 522 598 370 998 765 56 142 990 48 296 291 720 637 141 233 501 136 218 304 219 109 545 976 757 134 616 411 970 686 270 141 331 160 924 557 47 787 323 43 362 781 337 938 793 484 817 0 601 406 31 745 739 471 905 526 
625 452 127 340 143 180 152 540 469 283 279 998 40 973 219 281 272 321 882 396 712 417 648 887 437 627 706 423 443 358 834 186 534 256 518 879 27 951 499 643 276 377 104 341 698 895 704 772 687 818 533 100 579 700 755 172 373 565 614 919 919 386 535 254 200 45 59 735 775 270 613 281 220 907 614 131 489 36 982 676 249 601 0 187 515 964 239 966 800 266 
493 428 368 800 753 721 85 509 330 69 828 150 545 710 941 109 877 230 333 47 123 530 250 290 398 313 217 770 730 121 255 345 448 530 433 154 9 52 694 160 592 540 477 546 709 673 567 599 393 278 108 998 760 138 630 481 363 124 618 768 37 463 281 181 130 542 191 773 648 541 658 471 647 902 287 381 46 910 441 301 529 406 187 0 618 646 555 321 968 866 
535 557 713 21 832 140 988 986 380 59 603 73 794 224 839 119 130 371 669 311 947 2 950 332 817 557 786 474 910 705 311 649 243 462 909 272 900 31 210 931 398 565 633 739 752 128 319 676 241 555 211 942 769 356 366 820 459 152 909 103 887 26 233 264 614 124 651 239 701 325 452 905 137 785 850 39 624 717 809 495 726 31 515 618 0 814 784 115 695 510 
962 352 548 421 607 149 557 471 636 483 669 346 818 37 816 232 365 203 924 662 504 683 930 168 855 242 364 889 844 356 106 947 741 143 357 665 932 373 313 295 688 672 332 278 947 565 31 711 207 891 176 153 772 21 285 327 825 395 360 179 686 304 945 266 48 594 917 860 969 423 423 319 851 704 465 384 850 935 436 290 318 745 964 646 814 0 432 509 834 302 
959 843 873 499 447 383 721 577 907 211 660 805 269 314 894 496 256 797 320 634 115 179 584 950 416 637 526 797 237 829 681 849 302 275 180 880 112 844 146 475 492 15 78 672 723 672 992 103 612 105 802 440 641 676 535 915 830 467 85 127 140 852 666 150 340 206 768 230 691 933 726 391 123 906 409 166 660 896 365 704 463 739 239 555 784 432 0 388 786 707 
686 203 544 445 845 137 668 139 650 196 698 197 145 832 551 353 643 302 427 157 809 300 249 191 301 597 761 769 228 242 395 80 3 12 245 361 164 338 11 782 943 307 895 560 314 223 696 133 541 211 60 434 207 801 359 452 992 323 231 187 65 912 695 799 299 414 574 486 955 430 420 798 187 147 388 742 262 850 611 322 973 471 966 321 115 509 388 0 418 531 
823 375 772 985 329 940 985 600 185 882 669 593 716 140 978 480 504 627 41 706 176 986 596 877 999 198 743 449 365 590 733 19 643 564 830 911 565 697 217 210 562 852 193 733 278 522 458 82 640 329 261 492 1 147 803 468 172 347 706 762 165 342 323 899 653 864 339 90 319 188 815 652 853 361 669 289 52 65 439 312 519 905 800 968 695 834 786 418 0 798 
283 693 557 811 877 508 909 821 220 313 813 534 628 404 515 68 489 188 722 33 28 511 521 773 112 74 890 713 545 764 934 458 805 819 534 379 488 494 566 206 640 875 94 271 942 177 911 913 117 329 903 929 53 531 435 533 601 911 995 833 678 991 322 382 520 758 260 845 320 645 280 363 156 284 916 664 476 628 701 494 879 526 266 866 510 302 707 531 798 0 
