10
0 28 35 41 84 73 99 31 64 48 
28 0 51 31 74 15 60 23 48 25 
35 51 0 83 36 33 5 55 44 99 
41 31 83 0 87 41 79 60 63 63 
84 74 36 87 0 84 42 49 24 25 
73 15 33 41 84 0 73 23 55 36 
99 60 5 79 42 73 0 22 58 66 
31 23 55 60 49 23 22 0 48 72 
64 48 44 63 24 55 58 48 0 77 
48 25 99 63 25 36 66 72 77 0 
