100
0 764 308 90 731 865 377 596 242 646 147 675 985 121 131 513 587 551 40 919 953 954 53 419 464 825 42 425 934 767 629 324 530 289 765 613 505 141 560 746 786 58 772 771 178 254 635 116 157 674 386 109 979 790 528 794 967 921 218 900 687 199 575 568 487 339 532 991 479 92 88 617 149 211 739 679 464 373 146 620 399 532 81 377 321 960 171 639 880 740 538 918 938 112 485 776 450 17 118 281 
764 0 460 557 249 960 767 339 990 231 711 136 850 461 667 282 838 339 241 360 978 120 99 515 37 389 979 874 164 780 242 634 60 701 190 660 12 957 998 2 539 61 137 388 521 155 22 710 493 262 421 822 382 872 337 770 260 667 643 775 446 236 408 858 936 950 517 300 906 867 301 444 927 789 183 799 943 204 861 787 466 281 961 199 504 297 320 115 315 963 242 760 550 1 617 838 950 134 137 207 
308 460 0 1000 789 650 278 929 185 428 871 740 640 9 557 273 969 107 776 617 427 891 931 741 132 691 290 132 659 127 434 792 263 640 143 403 642 772 331 826 552 553 917 191 562 474 463 882 580 239 851 6 481 133 98 964 175 388 95 834 514 880 977 129 520 472 531 161 243 214 338 146 766 254 337 679 727 799 561 659 389 763 16 869 895 114 832 70 853 279 903 718 158 231 846 29 702 729 189 297 
90 557 1000 0 942 526 442 59 132 778 738 210 929 650 868 317 412 884 538 306 349 721 727 201 999 981 918 509 212 116 537 913 844 78 209 137 955 3 195 86 132 932 296 60 581 515 729 344 750 618 650 98 338 376 650 689 357 920 197 920 35 85 832 230 514 393 718 821 747 912 906 878 196 553 290 128 420 18 824 169 635 473 619 324 200 268 12 908 187 560 827 573 997 11 802 510 755 519 330 501 
731 249 789 942 0 783 588 378 330 492 667 809 911 36 632 80 22 104 698 346 656 317 357 915 856 269 94 428 265 104 230 126 858 100 808 358 882 395 87 563 886 106 372 797 141 3 228 163 459 925 860 114 593 568 380 448 836 473 876 100 576 457 578 785 556 385 494 790 779 581 352 16 686 723 164 178 726 391 340 536 667 551 1 260 119 380 59 954 853 934 406 780 742 335 565 298 719 410 87 849 
865 960 650 526 783 0 990 438 864 27 513 28 205 238 770 896 125 789 799 125 400 917 504 458 222 708 744 979 488 485 313 404 782 31 165 220 879 507 10 95 533 522 474 89 111 243 337 235 31 135 359 782 403 862 240 624 922 983 603 761 819 267 164 953 298 680 172 528 186 181 622 719 702 447 159 164 690 847 398 72 981 756 854 383 970 445 359 891 779 313 651 597 579 166 549 228 845 73 108 31 
377 767 278 442 588 990 0 253 81 101 307 528 611 470 569 458 868 640 790 975 845 525 944 289 235 186 419 547 188 16 477 353 916 705 550 988 812 932 593 892 32 899 419 994 720 987 451 939 979 593 914 175 117 209 816 351 395 234 249 934 249 725 287 165 429 188 504 592 119 96 836 502 994 606 495 66 945 298 4 923 890 269 449 358 478 264 60 224 498 308 157 98 384 795 614 165 982 118 756 452 
596 339 929 59 378 438 253 0 213 591 953 559 549 800 624 493 97 979 415 338 248 863 47 77 479 106 652 976 765 160 425 148 955 39 312 288 508 420 740 720 362 44 630 910 843 605 402 291 936 168 628 183 383 674 611 861 131 262 836 895 421 612 43 727 650 706 367 157 125 458 229 487 501 210 396 696 815 150 986 750 317 614 284 699 639 246 559 770 859 746 664 631 358 58 358 359 764 76 516 888 
242 990 185 132 330 864 81 213 0 533 96 726 33 305 474 80 471 623 66 572 939 679 855 638 317 452 548 86 310 294 102 941 651 159 650 9 922 725 876 162 257 323 239 641 628 712 721 450 334 786 22 273 816 876 262 484 680 809 570 989 102 671 929 104 181 578 465 455 654 340 968 910 663 206 903 642 918 975 91 251 112 464 875 927 692 136 410 371 945 331 359 46 353 288 502 534 217 966 340 871 
646 231 428 778 492 27 101 591 533 0 657 307 132 319 512 34 312 781 8 755 32 471 218 258 397 909 394 159 279 690 489 638 87 194 277 588 727 493 553 66 715 210 724 847 880 235 232 544 16 592 298 399 62 515 656 459 776 401 969 54 90 809 43 177 2 319 764 80 164 669 497 878 230 220 724 461 807 956 4 822 547 301 572 960 168 579 418 295 980 738 348 421 547 743 597 548 61 713 980 576 
147 711 871 738 667 513 307 953 96 657 0 733 476 454 962 696 529 422 502 836 778 675 734 430 246 694 597 824 463 891 155 201 591 576 747 333 524 646 745 236 625 321 320 101 126 281 148 654 55 1 842 184 675 575 613 272 268 562 447 731 804 602 283 394 529 29 78 52 26 175 640 651 847 959 103 972 592 250 977 998 602 818 181 276 393 793 899 660 706 697 742 510 650 24 255 178 404 685 582 430 
675 136 740 210 809 28 528 559 726 307 733 0 859 221 80 705 179 534 28 122 135 4 119 736 822 299 363 214 444 261 225 501 309 967 10 959 342 617 136 746 301 717 175 511 289 606 567 468 491 594 589 625 597 60 360 770 710 74 983 505 686 560 6 994 878 367 952 219 983 440 316 635 156 842 145 445 799 711 264 289 304 204 913 253 263 624 22 973 697 357 477 382 916 834 728 145 201 679 715 535 
985 850 640 929 911 205 611 549 33 132 476 859 0 118 31 170 626 872 314 422 671 377 685 311 32 888 224 284 503 199 658 827 248 14 655 629 281 489 356 425 41 387 491 575 504 521 744 481 745 410 902 767 138 586 77 169 826 652 805 680 851 814 506 98 827 512 78 459 1000 786 235 40 172 725 967 27 246 710 508 342 471 761 108 608 699 536 129 524 188 285 555 390 98 412 487 276 923 916 734 275 
121 461 9 650 36 238 470 800 305 319 454 221 118 0 701 968 666 224 692 632 603 289 694 110 630 516 222 89 124 920 625 604 795 812 888 349 201 337 112 39 612 35 306 345 661 359 664 326 582 355 310 536 996 3 997 625 518 219 66 993 138 690 948 933 501 187 281 53 523 393 443 134 779 748 830 439 106 493 116 40 200 425 575 195 779 924 171 649 142 236 641 279 925 941 211 777 127 844 181 650 
131 667 557 868 632 770 569 624 474 512 962 80 31 701 0 588 623 783 366 723 613 156 180 105 271 571 656 48 498 850 826 421 21 474 562 608 115 840 885 407 403 661 533 246 842 182 833 816 317 550 538 281 57 70 737 327 640 393 374 137 242 552 557 614 25 470 574 491 662 458 897 64 470 430 309 663 963 493 479 279 394 368 911 450 437 648 128 429 40 854 917 633 405 474 599 429 295 172 272 956 
513 282 273 317 80 896 458 493 80 34 696 705 170 968 588 0 629 168 19 98 949 679 761 912 523 591 542 916 310 453 365 747 100 845 527 491 698 443 123 454 268 721 882 563 244 153 518 872 673 889 322 621 567 434 884 90 376 426 357 685 230 722 783 329 918 309 171 615 752 293 68 19 366 301 581 609 806 451 833 830 691 154 450 257 939 686 698 314 111 55 350 692 128 133 372 45 441 542 11 544 
587 838 969 412 22 125 868 97 471 312 529 179 626 666 623 629 0 186 430 563 551 82 495 160 887 297 992 716 987 497 518 596 787 203 293 452 665 699 801 356 826 933 79 222 726 620 584 269 805 13 183 356 95 678 867 333 326 210 401 313 706 918 908 844 472 552 295 488 251 95 843 428 380 273 2 105 892 585 725 48 598 908 403 44 585 621 376 910 830 128 574 887 45 833 730 868 737 376 355 339 
551 339 107 884 104 789 640 979 623 781 422 534 872 224 783 168 186 0 471 197 766 202 469 119 306 712 704 30 760 653 937 514 48 873 135 775 135 316 903 60 555 299 893 284 167 629 12 521 319 482 70 436 683 890 555 340 602 610 721 713 614 10 226 661 882 712 435 368 28 689 428 582 988 672 217 154 652 228 674 970 61 743 405 95 633 311 786 586 920 507 298 533 516 523 545 749 587 332 469 614 
40 241 776 538 698 799 790 415 66 8 502 28 314 692 366 19 430 471 0 20 896 547 359 919 115 512 922 695 186 891 107 280 647 202 264 310 339 849 229 197 498 114 712 373 10 813 959 341 281 924 713 528 822 71 798 936 935 719 630 120 609 89 751 607 290 15 916 980 215 497 177 65 962 240 437 971 52 395 664 684 670 728 563 491 798 360 426 84 78 408 555 38 496 306 645 137 672 912 116 238 
919 360 617 306 346 125 975 338 572 755 836 122 422 632 723 98 563 197 20 0 408 644 302 721 884 738 692 935 484 707 971 153 434 533 995 583 893 773 667 970 180 221 360 27 878 4 515 549 267 982 787 675 626 88 747 509 178 438 795 661 496 117 166 929 650 160 864 894 932 530 215 463 102 574 489 980 929 355 880 196 337 666 222 314 106 968 174 635 758 320 295 253 437 460 534 438 972 397 331 903 
953 978 427 349 656 400 845 248 939 32 778 135 671 603 613 949 551 766 896 408 0 278 897 366 731 471 206 710 751 561 942 946 249 959 519 914 64 487 87 698 596 406 345 848 194 156 733 631 127 129 313 382 758 210 747 489 32 304 550 782 216 491 728 816 450 598 729 865 84 815 915 31 573 259 879 766 766 963 749 893 92 61 274 201 622 372 689 653 27 591 435 243 81 514 58 882 111 787 747 547 
954 120 891 721 317 917 525 863 679 471 675 4 377 289 156 679 82 202 547 644 278 0 953 13 577 525 271 807 643 36 770 391 280 213 803 553 413 425 276 454 77 303 396 863 545 828 376 954 710 487 92 808 385 45 820 961 921 442 120 915 477 889 305 109 453 108 13 217 884 289 670 960 943 65 823 487 245 550 792 954 388 884 113 772 280 932 733 200 373 204 467 201 92 771 309 896 230 322 112 465 
53 99 931 727 357 504 944 47 855 218 734 119 685 694 180 761 495 469 359 302 897 953 0 962 782 425 904 198 599 742 442 500 533 747 888 768 859 659 47 142 743 599 514 946 65 67 389 187 727 284 769 48 396 233 361 529 9 264 78 959 5 520 459 890 618 346 9 477 356 56 618 99 6 484 396 422 902 785 960 628 420 728 28 815 313 740 343 321 4 421 280 360 292 90 601 909 435 610 737 790 
419 515 741 201 915 458 289 77 638 258 430 736 311 110 105 912 160 119 919 721 366 13 962 0 665 707 240 22 542 636 795 795 772 754 774 191 482 801 6 146 541 700 466 896 472 97 255 115 186 208 24 972 817 112 114 481 170 353 854 63 988 648 857 759 401 631 302 234 783 307 731 675 358 197 570 830 645 177 944 183 384 319 154 200 783 267 32 952 620 237 15 959 884 223 70 636 853 371 222 636 
464 37 132 999 856 222 235 479 317 397 246 822 32 630 271 523 887 306 115 884 731 577 782 665 0 29 952 310 386 500 232 567 145 408 863 679 143 533 832 342 315 99 725 619 70 961 985 380 196 207 449 831 412 171 404 47 199 356 708 937 207 939 503 703 698 717 381 840 250 213 533 916 663 257 534 84 569 870 463 764 429 264 947 840 434 350 238 985 705 945 921 264 236 775 966 933 492 347 125 741 
825 389 691 981 269 708 186 106 452 909 694 299 888 516 571 591 297 712 512 738 471 525 425 707 29 0 559 9 656 573 618 542 656 186 411 470 302 191 733 248 30 519 597 267 503 654 564 775 917 151 549 882 435 40 228 559 132 786 920 140 710 537 681 365 722 443 835 23 634 919 270 15 789 219 634 291 872 197 417 788 347 966 669 781 357 249 692 841 386 611 980 96 147 12 812 220 454 646 595 439 
42 979 290 918 94 744 419 652 548 394 597 363 224 222 656 542 992 704 922 692 206 271 904 240 952 559 0 917 216 806 705 434 439 348 305 635 116 444 333 81 465 465 790 713 156 630 98 118 961 545 616 972 357 836 777 354 782 568 270 997 373 327 431 811 26 87 797 141 883 129 574 347 945 715 411 453 344 860 570 304 405 186 627 113 373 403 466 154 970 88 502 694 766 284 504 791 723 652 283 605 
425 874 132 509 428 979 547 976 86 159 824 214 284 89 48 916 716 30 695 935 710 807 198 22 310 9 917 0 132 856 303 77 570 65 529 265 924 98 920 680 635 546 792 359 301 258 864 622 697 366 316 462 649 171 252 371 823 534 327 954 742 629 30 311 693 910 576 969 360 847 648 994 393 440 705 693 49 568 666 745 933 981 206 934 152 809 304 326 694 631 279 435 611 661 746 304 570 673 624 929 
934 164 659 212 265 488 188 765 310 279 463 444 503 124 498 310 987 760 186 484 751 643 599 542 386 656 216 132 0 871 271 275 263 62 979 307 110 546 973 206 831 305 763 764 808 571 419 133 617 401 412 51 12 424 148 667 993 172 290 274 43 560 548 305 622 878 964 83 775 288 641 957 592 755 720 400 678 491 532 294 891 295 344 902 70 492 568 415 15 857 688 57 769 587 714 742 816 677 176 590 
767 780 127 116 104 485 16 160 294 690 891 261 199 920 850 453 497 653 891 707 561 36 742 636 500 573 806 856 871 0 316 168 899 907 923 618 658 600 108 542 893 351 188 236 252 258 79 172 672 94 380 359 502 148 297 215 241 112 243 417 53 558 584 951 817 506 921 474 105 380 15 997 730 555 585 982 812 663 153 835 108 532 545 610 32 841 824 272 304 419 40 356 976 624 659 792 481 579 618 586 
629 242 434 537 230 313 477 425 102 489 155 225 658 625 826 365 518 937 107 971 942 770 442 795 232 618 705 303 271 316 0 958 984 934 688 538 870 21 701 885 525 535 992 408 79 953 791 271 129 63 574 547 102 282 874 77 940 18 558 518 635 495 827 970 428 866 508 298 886 560 182 762 95 525 522 525 478 312 796 606 726 369 504 180 650 377 256 589 394 813 458 380 659 285 350 87 150 209 736 388 
324 634 792 913 126 404 353 148 941 638 201 501 827 604 421 747 596 514 280 153 946 391 500 795 567 542 434 77 275 168 958 0 120 269 149 214 145 22 739 974 334 534 579 59 254 434 238 256 163 846 844 556 10 654 288 669 938 989 107 439 549 194 826 668 462 327 882 958 348 972 932 681 857 862 92 462 296 681 717 458 526 913 365 888 566 4 556 503 992 662 941 540 855 119 560 668 445 793 977 792 
530 60 263 844 858 782 916 955 651 87 591 309 248 795 21 100 787 48 647 434 249 280 533 772 145 656 439 570 263 899 984 120 0 764 908 825 972 770 916 433 417 948 150 226 826 62 590 713 979 594 268 833 937 281 773 829 487 243 388 506 687 180 482 831 295 390 655 266 511 922 50 927 869 199 152 46 612 93 758 590 38 377 422 975 657 547 803 495 789 542 1000 828 73 482 658 367 223 664 984 733 
289 701 640 78 100 31 705 39 159 194 576 967 14 812 474 845 203 873 202 533 959 213 747 754 408 186 348 65 62 907 934 269 764 0 585 33 11 805 584 162 851 195 606 960 137 644 337 910 970 345 456 124 840 597 665 839 776 737 672 433 455 894 96 438 626 32 822 636 188 405 149 38 600 755 350 88 750 686 997 719 382 805 842 221 753 506 412 528 594 83 312 48 977 759 837 602 790 658 590 977 
765 190 143 209 808 165 550 312 650 277 747 10 655 888 562 527 293 135 264 995 519 803 888 774 863 411 305 529 979 923 688 149 908 585 0 63 738 367 14 844 716 101 593 753 449 311 134 253 152 707 5 9 118 532 954 552 195 1 528 953 189 482 94 847 71 423 261 160 789 626 4 856 726 596 960 174 259 93 779 410 151 783 771 620 667 724 172 861 77 699 166 617 180 259 815 602 681 75 762 821 
613 660 403 137 358 220 988 288 9 588 333 959 629 349 608 491 452 775 310 583 914 553 768 191 679 470 635 265 307 618 538 214 825 33 63 0 700 765 28 777 712 987 303 970 432 433 732 582 215 854 202 233 577 373 446 5 423 611 622 955 869 436 908 902 863 669 722 914 785 750 43 497 736 697 818 519 129 549 101 695 402 654 928 331 378 373 687 800 983 308 106 203 96 14 104 310 34 178 223 819 
505 12 642 955 882 879 812 508 922 727 524 342 281 201 115 698 665 135 339 893 64 413 859 482 143 302 116 924 110 658 870 145 972 11 738 700 0 927 617 315 14 313 484 533 441 33 985 136 786 638 415 116 15 787 155 166 121 462 272 323 909 637 779 218 670 956 793 488 234 409 154 599 74 638 131 514 22 115 1 807 104 415 275 470 201 781 636 673 594 259 348 503 247 126 72 916 433 216 756 666 
141 957 772 3 395 507 932 420 725 493 646 617 489 337 840 443 699 316 849 773 487 425 659 801 533 191 444 98 546 600 21 22 770 805 367 765 927 0 977 261 264 50 250 747 563 271 213 564 430 317 978 56 786 531 836 773 203 429 31 550 283 277 27 355 545 459 922 652 476 898 912 740 947 162 838 862 784 50 777 213 366 754 620 504 636 455 276 191 236 659 92 518 287 119 224 183 929 146 834 405 
560 998 331 195 87 10 593 740 876 553 745 136 356 112 885 123 801 903 229 667 87 276 47 6 832 733 333 920 973 108 701 739 916 584 14 28 617 977 0 395 746 496 342 907 333 555 690 382 331 255 100 84 874 955 72 681 230 262 916 240 705 785 527 823 9 709 104 506 543 508 252 640 355 593 546 687 147 587 420 829 841 871 265 67 825 336 747 55 949 14 646 653 798 524 828 158 233 931 15 127 
746 2 826 86 563 95 892 720 162 66 236 746 425 39 407 454 356 60 197 970 698 454 142 146 342 248 81 680 206 542 885 974 433 162 844 777 315 261 395 0 790 267 118 144 211 15 182 710 601 601 538 794 472 802 212 296 137 958 702 437 323 348 442 120 871 269 630 455 551 644 933 692 910 50 835 473 416 368 182 369 968 719 514 791 873 725 87 361 34 140 798 356 839 239 827 62 859 456 868 761 
786 539 552 132 886 533 32 362 257 715 625 301 41 612 403 268 826 555 498 180 596 77 743 541 315 30 465 635 831 893 525 334 417 851 716 712 14 264 746 790 0 100 801 452 361 202 638 833 970 5 366 338 972 437 851 763 309 575 201 669 608 692 466 315 531 56 141 592 914 949 459 674 400 611 477 760 165 114 945 134 118 662 471 442 98 321 556 406 247 108 75 206 799 540 520 329 948 12 272 861 
58 61 553 932 106 522 899 44 323 210 321 717 387 35 661 721 933 299 114 221 406 303 599 700 99 519 465 546 305 351 535 534 948 195 101 987 313 50 496 267 100 0 960 83 887 359 693 715 471 209 829 415 342 298 76 164 91 174 836 646 931 82 753 5 287 904 897 158 232 844 170 856 56 129 938 294 840 630 9 310 839 837 76 532 486 503 696 577 28 531 222 959 965 327 963 603 230 211 761 813 
772 137 917 296 372 474 419 630 239 724 320 175 491 306 533 882 79 893 712 360 345 396 514 466 725 597 790 792 763 188 992 579 150 606 593 303 484 250 342 118 801 960 0 54 282 668 462 762 957 755 601 587 763 262 777 599 337 660 85 840 355 13 219 238 234 177 202 912 492 804 141 702 916 306 108 197 325 569 959 282 323 911 220 86 173 996 36 861 7 472 700 362 484 919 951 70 447 504 981 938 
771 388 191 60 797 89 994 910 641 847 101 511 575 345 246 563 222 284 373 27 848 863 946 896 619 267 713 359 764 236 408 59 226 960 753 970 533 747 907 144 452 83 54 0 659 474 992 575 131 99 123 455 19 433 736 341 696 955 778 868 302 166 728 309 989 780 22 825 50 972 894 496 827 226 786 485 51 777 411 181 227 534 636 245 318 723 585 13 30 715 232 331 232 960 991 220 91 364 44 140 
178 521 562 581 141 111 720 843 628 880 126 289 504 661 842 244 726 167 10 878 194 545 65 472 70 503 156 301 808 252 79 254 826 137 449 432 441 563 333 211 361 887 282 659 0 687 289 987 513 515 772 998 565 900 760 98 126 293 733 370 963 807 307 975 836 21 559 519 604 870 509 823 960 873 867 451 559 155 437 424 21 561 421 938 460 180 35 586 825 119 307 787 925 613 113 761 985 23 279 588 
254 155 474 515 3 243 987 605 712 235 281 606 521 359 182 153 620 629 813 4 156 828 67 97 961 654 630 258 571 258 953 434 62 644 311 433 33 271 555 15 202 359 668 474 687 0 892 139 411 851 363 629 653 922 135 90 345 156 650 117 93 461 648 127 46 472 245 705 610 521 317 75 281 654 97 911 241 341 50 3 191 412 631 844 685 118 285 381 273 286 849 717 746 497 195 144 320 791 848 282 
635 22 463 729 228 337 451 402 721 232 148 567 744 664 833 518 584 12 959 515 733 376 389 255 985 564 98 864 419 79 791 238 590 337 134 732 985 213 690 182 638 693 462 992 289 892 0 311 516 708 592 169 156 854 410 496 903 764 687 667 747 882 703 864 518 84 136 803 932 204 900 780 398 43 100 188 242 733 498 110 440 441 278 595 295 39 443 549 803 481 215 901 362 918 764 879 353 251 33 636 
116 710 882 344 163 235 939 291 450 544 654 468 481 326 816 872 269 521 341 549 631 954 187 115 380 775 118 622 133 172 271 256 713 910 253 582 136 564 382 710 833 715 762 575 987 139 311 0 454 932 768 203 327 219 390 920 951 239 29 742 680 659 336 326 697 130 874 851 610 89 751 971 358 866 201 62 116 233 49 569 517 816 771 843 34 512 114 984 751 143 725 782 801 413 107 849 542 980 52 152 
157 493 580 750 459 31 979 936 334 16 55 491 745 582 317 673 805 319 281 267 127 710 727 186 196 917 961 697 617 672 129 163 979 970 152 215 786 430 331 601 970 471 957 131 513 411 516 454 0 420 154 474 129 20 675 542 135 259 591 56 775 406 826 969 440 690 83 423 440 225 500 573 377 912 679 577 805 10 628 956 782 134 782 262 153 456 804 639 66 394 694 841 799 872 161 238 561 243 13 352 
674 262 239 618 925 135 593 168 786 592 1 594 410 355 550 889 13 482 924 982 129 487 284 208 207 151 545 366 401 94 63 846 594 345 707 854 638 317 255 601 5 209 755 99 515 851 708 932 420 0 819 512 924 547 775 954 124 579 315 103 887 448 588 668 710 740 475 513 379 540 906 424 732 56 295 245 294 855 839 658 558 658 521 481 556 295 786 31 225 101 134 111 548 73 130 609 813 956 121 543 
386 421 851 650 860 359 914 628 22 298 842 589 902 310 538 322 183 70 713 787 313 92 769 24 449 549 616 316 412 380 574 844 268 456 5 202 415 978 100 538 366 829 601 123 772 363 592 768 154 819 0 848 378 966 931 434 613 175 79 467 14 88 25 23 608 857 578 902 995 609 126 447 94 589 346 166 70 955 330 378 427 224 225 805 542 155 590 154 682 20 620 47 107 996 69 714 205 998 967 199 
109 822 6 98 114 782 175 183 273 399 184 625 767 536 281 621 356 436 528 675 382 808 48 972 831 882 972 462 51 359 547 556 833 124 9 233 116 56 84 794 338 415 587 455 998 629 169 203 474 512 848 0 606 444 645 51 32 990 217 454 296 898 831 723 122 407 527 663 913 468 816 594 487 787 992 593 135 60 658 691 410 624 889 15 67 885 418 451 226 986 904 522 883 86 244 356 492 122 18 404 
979 382 481 338 593 403 117 383 816 62 675 597 138 996 57 567 95 683 822 626 758 385 396 817 412 435 357 649 12 502 102 10 937 840 118 577 15 786 874 472 972 342 763 19 565 653 156 327 129 924 378 606 0 589 185 350 75 324 341 19 810 753 676 500 162 299 388 528 365 624 297 815 849 282 70 722 517 155 965 872 998 86 242 754 26 778 455 100 101 147 118 910 899 145 761 412 443 148 292 160 
790 872 133 376 568 862 209 674 876 515 575 60 586 3 70 434 678 890 71 88 210 45 233 112 171 40 836 171 424 148 282 654 281 597 532 373 787 531 955 802 437 298 262 433 900 922 854 219 20 547 966 444 589 0 123 588 974 324 222 396 45 738 902 362 961 900 799 554 5 825 332 459 276 784 605 746 46 856 890 806 619 333 306 910 492 428 850 817 751 71 212 148 160 114 509 120 365 659 674 721 
528 337 98 650 380 240 816 611 262 656 613 360 77 997 737 884 867 555 798 747 747 820 361 114 404 228 777 252 148 297 874 288 773 665 954 446 155 836 72 212 851 76 777 736 760 135 410 390 675 775 931 645 185 123 0 483 357 179 759 140 135 504 185 990 745 991 609 77 296 870 568 75 719 737 178 141 948 677 652 413 537 772 129 195 797 849 30 153 379 788 644 514 643 829 855 387 171 463 816 818 
794 770 964 689 448 624 351 861 484 459 272 770 169 625 327 90 333 340 936 509 489 961 529 481 47 559 354 371 667 215 77 669 829 839 552 5 166 773 681 296 763 164 599 341 98 90 496 920 542 954 434 51 350 588 483 0 685 735 244 755 471 421 896 771 449 547 183 985 670 664 180 818 512 209 322 891 348 966 404 342 146 610 80 668 73 895 837 109 982 80 863 452 853 758 574 301 657 109 286 678 
967 260 175 357 836 922 395 131 680 776 268 710 826 518 640 376 326 602 935 178 32 921 9 170 199 132 782 823 993 241 940 938 487 776 195 423 121 203 230 137 309 91 337 696 126 345 903 951 135 124 613 32 75 974 357 685 0 772 817 496 283 25 817 525 724 134 280 417 279 890 496 946 314 743 782 422 724 214 284 527 66 394 453 718 402 561 3 79 332 171 926 966 195 743 491 270 876 122 686 507 
921 667 388 920 473 983 234 262 809 401 562 74 652 219 393 426 210 610 719 438 304 442 264 353 356 786 568 534 172 112 18 989 243 737 1 611 462 429 262 958 575 174 660 955 293 156 764 239 259 579 175 990 324 324 179 735 772 0 11 534 804 324 628 938 97 703 151 733 581 568 478 33 285 879 593 640 309 276 810 235 594 357 329 436 626 556 557 664 414 568 549 218 243 176 507 692 878 657 424 810 
218 643 95 197 876 603 249 836 570 969 447 983 805 66 374 357 401 721 630 795 550 120 78 854 708 920 270 327 290 243 558 107 388 672 528 622 272 31 916 702 201 836 85 778 733 650 687 29 591 315 79 217 341 222 759 244 817 11 0 576 253 843 860 131 787 499 791 63 309 377 8 665 705 443 642 613 999 657 26 918 205 595 513 732 101 204 961 109 979 771 684 231 965 896 713 751 746 855 165 54 
900 775 834 920 100 761 934 895 989 54 731 505 680 993 137 685 313 713 120 661 782 915 959 63 937 140 997 954 274 417 518 439 506 433 953 955 323 550 240 437 669 646 840 868 370 117 667 742 56 103 467 454 19 396 140 755 496 534 576 0 232 172 70 288 614 64 252 965 720 278 882 277 224 746 8 677 301 321 785 631 91 821 213 55 716 277 157 461 132 322 867 715 845 288 2 811 351 254 775 423 
687 446 514 35 576 819 249 421 102 90 804 686 851 138 242 230 706 614 609 496 216 477 5 988 207 710 373 742 43 53 635 549 687 455 189 869 909 283 705 323 608 931 355 302 963 93 747 680 775 887 14 296 810 45 135 471 283 804 253 232 0 883 8 699 458 106 58 134 406 378 271 37 820 91 249 226 158 526 383 970 9 56 188 723 900 476 724 62 178 329 836 952 211 196 2 21 301 60 154 706 
199 236 880 85 457 267 725 612 671 809 602 560 814 690 552 722 918 10 89 117 491 889 520 648 939 537 327 629 560 558 495 194 180 894 482 436 637 277 785 348 692 82 13 166 807 461 882 659 406 448 88 898 753 738 504 421 25 324 843 172 883 0 789 424 94 609 514 695 186 23 220 568 993 580 623 180 302 875 7 377 936 537 706 124 488 268 319 490 288 971 901 442 676 689 217 122 649 731 816 835 
575 408 977 832 578 164 287 43 929 43 283 6 506 948 557 783 908 226 751 166 728 305 459 857 503 681 431 30 548 584 827 826 482 96 94 908 779 27 527 442 466 753 219 728 307 648 703 336 826 588 25 831 676 902 185 896 817 628 860 70 8 789 0 105 387 754 97 966 377 629 267 603 987 643 538 523 700 661 11 968 331 500 607 301 400 48 329 440 265 802 89 347 617 275 803 3 28 252 968 756 
568 858 129 230 785 953 165 727 104 177 394 994 98 933 614 329 844 661 607 929 816 109 890 759 703 365 811 311 305 951 970 668 831 438 847 902 218 355 823 120 315 5 238 309 975 127 864 326 969 668 23 723 500 362 990 771 525 938 131 288 699 424 105 0 880 586 358 218 580 248 741 280 260 103 599 591 602 205 243 353 605 923 144 221 724 584 919 340 858 721 694 238 972 13 993 203 598 703 421 178 
487 936 520 514 556 298 429 650 181 2 529 878 827 501 25 918 472 882 290 650 450 453 618 401 698 722 26 693 622 817 428 462 295 626 71 863 670 545 9 871 531 287 234 989 836 46 518 697 440 710 608 122 162 961 745 449 724 97 787 614 458 94 387 880 0 950 513 809 209 615 407 151 568 611 394 272 567 316 415 787 392 999 705 731 208 778 425 445 749 437 790 304 387 492 724 916 441 588 724 1 
339 950 472 393 385 680 188 706 578 319 29 367 512 187 470 309 552 712 15 160 598 108 346 631 717 443 87 910 878 506 866 327 390 32 423 669 956 459 709 269 56 904 177 780 21 472 84 130 690 740 857 407 299 900 991 547 134 703 499 64 106 609 754 586 950 0 554 482 152 121 444 897 392 11 564 158 149 955 156 854 38 364 631 462 808 731 250 597 34 636 440 109 903 232 696 978 233 601 459 736 
532 517 531 718 494 172 504 367 465 764 78 952 78 281 574 171 295 435 916 864 729 13 9 302 381 835 797 576 964 921 508 882 655 822 261 722 793 922 104 630 141 897 202 22 559 245 136 874 83 475 578 527 388 799 609 183 280 151 791 252 58 514 97 358 513 554 0 721 255 984 464 265 899 622 413 854 129 618 891 492 600 704 652 683 305 600 716 941 40 177 195 271 224 173 855 825 983 942 545 237 
991 300 161 821 790 528 592 157 455 80 52 219 459 53 491 615 488 368 980 894 865 217 477 234 840 23 141 969 83 474 298 958 266 636 160 914 488 652 506 455 592 158 912 825 519 705 803 851 423 513 902 663 528 554 77 985 417 733 63 965 134 695 966 218 809 482 721 0 925 361 853 824 982 618 29 462 235 271 954 187 974 957 869 278 556 584 570 947 112 765 570 336 289 424 160 271 718 704 508 642 
479 906 243 747 779 186 119 125 654 164 26 983 1000 523 662 752 251 28 215 932 84 884 356 783 250 634 883 360 775 105 886 348 511 188 789 785 234 476 543 551 914 232 492 50 604 610 932 610 440 379 995 913 365 5 296 670 279 581 309 720 406 186 377 580 209 152 255 925 0 416 712 817 749 329 845 211 564 115 516 102 440 472 970 718 379 905 639 326 17 755 895 352 43 670 863 666 387 918 525 381 
92 867 214 912 581 181 96 458 340 669 175 440 786 393 458 293 95 689 497 530 815 289 56 307 213 919 129 847 288 380 560 972 922 405 626 750 409 898 508 644 949 844 804 972 870 521 204 89 225 540 609 468 624 825 870 664 890 568 377 278 378 23 629 248 615 121 984 361 416 0 334 236 549 82 565 746 292 480 212 807 581 652 630 902 721 9 158 711 334 174 466 580 877 860 601 739 525 340 657 49 
88 301 338 906 352 622 836 229 968 497 640 316 235 443 897 68 843 428 177 215 915 670 618 731 533 270 574 648 641 15 182 932 50 149 4 43 154 912 252 933 459 170 141 894 509 317 900 751 500 906 126 816 297 332 568 180 496 478 8 882 271 220 267 741 407 444 464 853 712 334 0 72 990 637 620 423 201 365 715 32 929 873 964 580 503 865 652 511 22 362 196 548 179 127 776 39 727 867 915 418 
617 444 146 878 16 719 502 487 910 878 651 635 40 134 64 19 428 582 65 463 31 960 99 675 916 15 347 994 957 997 762 681 927 38 856 497 599 740 640 692 674 856 702 496 823 75 780 971 573 424 447 594 815 459 75 818 946 33 665 277 37 568 603 280 151 897 265 824 817 236 72 0 523 316 489 864 952 109 286 504 825 352 887 753 577 850 684 431 66 687 941 439 401 488 986 579 614 114 969 692 
149 927 766 196 686 702 994 501 663 230 847 156 172 779 470 366 380 988 962 102 573 943 6 358 663 789 945 393 592 730 95 857 869 600 726 736 74 947 355 910 400 56 916 827 960 281 398 358 377 732 94 487 849 276 719 512 314 285 705 224 820 993 987 260 568 392 899 982 749 549 990 523 0 980 884 110 502 199 950 717 150 410 354 5 235 58 891 339 634 740 375 64 805 413 356 243 813 195 581 392 
211 789 254 553 723 447 606 210 206 220 959 842 725 748 430 301 273 672 240 574 259 65 484 197 257 219 715 440 755 555 525 862 199 755 596 697 638 162 593 50 611 129 306 226 873 654 43 866 912 56 589 787 282 784 737 209 743 879 443 746 91 580 643 103 611 11 622 618 329 82 637 316 980 0 160 694 712 203 673 595 312 526 793 614 594 294 23 947 650 257 4 540 948 989 631 674 404 787 86 759 
739 183 337 290 164 159 495 396 903 724 103 145 967 830 309 581 2 217 437 489 879 823 396 570 534 634 411 705 720 585 522 92 152 350 960 818 131 838 546 835 477 938 108 786 867 97 100 201 679 295 346 992 70 605 178 322 782 593 642 8 249 623 538 599 394 564 413 29 845 565 620 489 884 160 0 30 899 305 962 642 464 7 353 667 31 300 330 908 92 943 501 738 966 799 387 574 803 279 521 143 
679 799 679 128 178 164 66 696 642 461 972 445 27 439 663 609 105 154 971 980 766 487 422 830 84 291 453 693 400 982 525 462 46 88 174 519 514 862 687 473 760 294 197 485 451 911 188 62 577 245 166 593 722 746 141 891 422 640 613 677 226 180 523 591 272 158 854 462 211 746 423 864 110 694 30 0 909 194 547 696 632 657 77 530 962 38 523 425 396 875 91 426 174 421 333 618 715 185 707 680 
464 943 727 420 726 690 945 815 918 807 592 799 246 106 963 806 892 652 52 929 766 245 902 645 569 872 344 49 678 812 478 296 612 750 259 129 22 784 147 416 165 840 325 51 559 241 242 116 805 294 70 135 517 46 948 348 724 309 999 301 158 302 700 602 567 149 129 235 564 292 201 952 502 712 899 909 0 983 93 254 137 371 126 280 280 672 178 327 303 834 403 184 795 792 706 572 187 580 662 964 
373 204 799 18 391 847 298 150 975 956 250 711 710 493 493 451 585 228 395 355 963 550 785 177 870 197 860 568 491 663 312 681 93 686 93 549 115 50 587 368 114 630 569 777 155 341 733 233 10 855 955 60 155 856 677 966 214 276 657 321 526 875 661 205 316 955 618 271 115 480 365 109 199 203 305 194 983 0 106 434 296 723 501 832 429 180 814 873 785 303 596 263 582 227 286 759 553 588 944 955 
146 861 561 824 340 398 4 986 91 4 977 264 508 116 479 833 725 674 664 880 749 792 960 944 463 417 570 666 532 153 796 717 758 997 779 101 1 777 420 182 945 9 959 411 437 50 498 49 628 839 330 658 965 890 652 404 284 810 26 785 383 7 11 243 415 156 891 954 516 212 715 286 950 673 962 547 93 106 0 123 739 746 828 310 284 759 323 247 864 109 894 938 609 725 718 140 890 943 925 192 
620 787 659 169 536 72 923 750 251 822 998 289 342 40 279 830 48 970 684 196 893 954 628 183 764 788 304 745 294 835 606 458 590 719 410 695 807 213 829 369 134 310 282 181 424 3 110 569 956 658 378 691 872 806 413 342 527 235 918 631 970 377 968 353 787 854 492 187 102 807 32 504 717 595 642 696 254 434 123 0 538 539 125 764 824 883 668 763 827 622 885 917 719 64 578 2 822 900 248 38 
399 466 389 635 667 981 890 317 112 547 602 304 471 200 394 691 598 61 670 337 92 388 420 384 429 347 405 933 891 108 726 526 38 382 151 402 104 366 841 968 118 839 323 227 21 191 440 517 782 558 427 410 998 619 537 146 66 594 205 91 9 936 331 605 392 38 600 974 440 581 929 825 150 312 464 632 137 296 739 538 0 8 141 975 968 217 45 108 106 987 384 298 876 922 422 991 97 657 658 859 
532 281 763 473 551 756 269 614 464 301 818 204 761 425 368 154 908 743 728 666 61 884 728 319 264 966 186 981 295 532 369 913 377 805 783 654 415 754 871 719 662 837 911 534 561 412 441 816 134 658 224 624 86 333 772 610 394 357 595 821 56 537 500 923 999 364 704 957 472 652 873 352 410 526 7 657 371 723 746 539 8 0 835 279 95 751 997 158 328 350 331 579 597 368 587 89 695 906 305 739 
81 961 16 619 1 854 449 284 875 572 181 913 108 575 911 450 403 405 563 222 274 113 28 154 947 669 627 206 344 545 504 365 422 842 771 928 275 620 265 514 471 76 220 636 421 631 278 771 782 521 225 889 242 306 129 80 453 329 513 213 188 706 607 144 705 631 652 869 970 630 964 887 354 793 353 77 126 501 828 125 141 835 0 13 410 77 396 59 952 317 833 942 413 489 599 623 675 229 69 425 
377 199 869 324 260 383 358 699 927 960 276 253 608 195 450 257 44 95 491 314 201 772 815 200 840 781 113 934 902 610 180 888 975 221 620 331 470 504 67 791 442 532 86 245 938 844 595 843 262 481 805 15 754 910 195 668 718 436 732 55 723 124 301 221 731 462 683 278 718 902 580 753 5 614 667 530 280 832 310 764 975 279 13 0 577 226 104 926 557 682 874 276 620 962 970 526 618 708 890 379 
321 504 895 200 119 970 478 639 692 168 393 263 699 779 437 939 585 633 798 106 622 280 313 783 434 357 373 152 70 32 650 566 657 753 667 378 201 636 825 873 98 486 173 318 460 685 295 34 153 556 542 67 26 492 797 73 402 626 101 716 900 488 400 724 208 808 305 556 379 721 503 577 235 594 31 962 280 429 284 824 968 95 410 577 0 784 286 438 87 602 622 380 367 462 978 341 136 558 410 912 
960 297 114 268 380 445 264 246 136 579 793 624 536 924 648 686 621 311 360 968 372 932 740 267 350 249 403 809 492 841 377 4 547 506 724 373 781 455 336 725 321 503 996 723 180 118 39 512 456 295 155 885 778 428 849 895 561 556 204 277 476 268 48 584 778 731 600 584 905 9 865 850 58 294 300 38 672 180 759 883 217 751 77 226 784 0 134 987 15 411 895 48 284 171 20 597 140 897 214 848 
171 320 832 12 59 359 60 559 410 418 899 22 129 171 128 698 376 786 426 174 689 733 343 32 238 692 466 304 568 824 256 556 803 412 172 687 636 276 747 87 556 696 36 585 35 285 443 114 804 786 590 418 455 850 30 837 3 557 961 157 724 319 329 919 425 250 716 570 639 158 652 684 891 23 330 523 178 814 323 668 45 997 396 104 286 134 0 786 593 983 71 382 422 25 355 801 743 816 779 83 
639 115 70 908 954 891 224 770 371 295 660 973 524 649 429 314 910 586 84 635 653 200 321 952 985 841 154 326 415 272 589 503 495 528 861 800 673 191 55 361 406 577 861 13 586 381 549 984 639 31 154 451 100 817 153 109 79 664 109 461 62 490 440 340 445 597 941 947 326 711 511 431 339 947 908 425 327 873 247 763 108 158 59 926 438 987 786 0 951 688 844 862 822 831 228 232 725 275 516 895 
880 315 853 187 853 779 498 859 945 980 706 697 188 142 40 111 830 920 78 758 27 373 4 620 705 386 970 694 15 304 394 992 789 594 77 983 594 236 949 34 247 28 7 30 825 273 803 751 66 225 682 226 101 751 379 982 332 414 979 132 178 288 265 858 749 34 40 112 17 334 22 66 634 650 92 396 303 785 864 827 106 328 952 557 87 15 593 951 0 646 464 387 542 678 234 328 622 568 750 355 
740 963 279 560 934 313 308 746 331 738 697 357 285 236 854 55 128 507 408 320 591 204 421 237 945 611 88 631 857 419 813 662 542 83 699 308 259 659 14 140 108 531 472 715 119 286 481 143 394 101 20 986 147 71 788 80 171 568 771 322 329 971 802 721 437 636 177 765 755 174 362 687 740 257 943 875 834 303 109 622 987 350 317 682 602 411 983 688 646 0 989 774 709 142 516 524 272 951 826 959 
538 242 903 827 406 651 157 664 359 348 742 477 555 641 917 350 574 298 555 295 435 467 280 15 921 980 502 279 688 40 458 941 1000 312 166 106 348 92 646 798 75 222 700 232 307 849 215 725 694 134 620 904 118 212 644 863 926 549 684 867 836 901 89 694 790 440 195 570 895 466 196 941 375 4 501 91 403 596 894 885 384 331 833 874 622 895 71 844 464 989 0 794 687 780 976 914 364 701 540 231 
918 760 718 573 780 597 98 631 46 421 510 382 390 279 633 692 887 533 38 253 243 201 360 959 264 96 694 435 57 356 380 540 828 48 617 203 503 518 653 356 206 959 362 331 787 717 901 782 841 111 47 522 910 148 514 452 966 218 231 715 952 442 347 238 304 109 271 336 352 580 548 439 64 540 738 426 184 263 938 917 298 579 942 276 380 48 382 862 387 774 794 0 947 538 694 333 79 723 918 758 
938 550 158 997 742 579 384 358 353 547 650 916 98 925 405 128 45 516 496 437 81 92 292 884 236 147 766 611 769 976 659 855 73 977 180 96 247 287 798 839 799 965 484 232 925 746 362 801 799 548 107 883 899 160 643 853 195 243 965 845 211 676 617 972 387 903 224 289 43 877 179 401 805 948 966 174 795 582 609 719 876 597 413 620 367 284 422 822 542 709 687 947 0 344 838 508 50 178 633 758 
112 1 231 11 335 166 795 58 288 743 24 834 412 941 474 133 833 523 306 460 514 771 90 223 775 12 284 661 587 624 285 119 482 759 259 14 126 119 524 239 540 327 919 960 613 497 918 413 872 73 996 86 145 114 829 758 743 176 896 288 196 689 275 13 492 232 173 424 670 860 127 488 413 989 799 421 792 227 725 64 922 368 489 962 462 171 25 831 678 142 780 538 344 0 319 501 633 590 451 458 
485 617 846 802 565 549 614 358 502 597 255 728 487 211 599 372 730 545 645 534 58 309 601 70 966 812 504 746 714 659 350 560 658 837 815 104 72 224 828 827 520 963 951 991 113 195 764 107 161 130 69 244 761 509 855 574 491 507 713 2 2 217 803 993 724 696 855 160 863 601 776 986 356 631 387 333 706 286 718 578 422 587 599 970 978 20 355 228 234 516 976 694 838 319 0 549 596 496 680 572 
776 838 29 510 298 228 165 359 534 548 178 145 276 777 429 45 868 749 137 438 882 896 909 636 933 220 791 304 742 792 87 668 367 602 602 310 916 183 158 62 329 603 70 220 761 144 879 849 238 609 714 356 412 120 387 301 270 692 751 811 21 122 3 203 916 978 825 271 666 739 39 579 243 674 574 618 572 759 140 2 991 89 623 526 341 597 801 232 328 524 914 333 508 501 549 0 761 43 624 301 
450 950 702 755 719 845 982 764 217 61 404 201 923 127 295 441 737 587 672 972 111 230 435 853 492 454 723 570 816 481 150 445 223 790 681 34 433 929 233 859 948 230 447 91 985 320 353 542 561 813 205 492 443 365 171 657 876 878 746 351 301 649 28 598 441 233 983 718 387 525 727 614 813 404 803 715 187 553 890 822 97 695 675 618 136 140 743 725 622 272 364 79 50 633 596 761 0 273 570 190 
17 134 729 519 410 73 118 76 966 713 685 679 916 844 172 542 376 332 912 397 787 322 610 371 347 646 652 673 677 579 209 793 664 658 75 178 216 146 931 456 12 211 504 364 23 791 251 980 243 956 998 122 148 659 463 109 122 657 855 254 60 731 252 703 588 601 942 704 918 340 867 114 195 787 279 185 580 588 943 900 657 906 229 708 558 897 816 275 568 951 701 723 178 590 496 43 273 0 319 255 
118 137 189 330 87 108 756 516 340 980 582 715 734 181 272 11 355 469 116 331 747 112 737 222 125 595 283 624 176 618 736 977 984 590 762 223 756 834 15 868 272 761 981 44 279 848 33 52 13 121 967 18 292 674 816 286 686 424 165 775 154 816 968 421 724 459 545 508 525 657 915 969 581 86 521 707 662 944 925 248 658 305 69 890 410 214 779 516 750 826 540 918 633 451 680 624 570 319 0 268 
281 207 297 501 849 31 452 888 871 576 430 535 275 650 956 544 339 614 238 903 547 465 790 636 741 439 605 929 590 586 388 792 733 977 821 819 666 405 127 761 861 813 938 140 588 282 636 152 352 543 199 404 160 721 818 678 507 810 54 423 706 835 756 178 1 736 237 642 381 49 418 692 392 759 143 680 964 955 192 38 859 739 425 379 912 848 83 895 355 959 231 758 758 458 572 301 190 255 268 0 
