30
0 154 249 446 372 708 220 782 629 232 176 431 334 205 686 721 510 141 44 654 239 55 925 696 616 169 502 174 165 254 
154 0 603 614 760 851 59 131 910 630 264 890 861 440 320 194 996 5 266 505 498 662 510 736 716 434 783 683 954 284 
249 603 0 856 119 890 810 84 649 12 142 131 921 123 747 162 983 186 482 528 533 838 146 37 335 807 898 422 874 331 
446 614 856 0 556 556 637 840 763 107 729 572 190 729 583 683 859 855 805 605 16 139 142 849 666 674 687 163 62 373 
372 760 119 556 0 969 959 147 194 642 702 749 278 893 863 384 621 434 925 349 16 607 560 222 411 164 238 549 658 86 
708 851 890 556 969 0 566 331 124 729 745 849 49 703 347 595 696 48 343 973 941 558 708 913 991 632 262 359 238 821 
220 59 810 637 959 566 0 580 1000 336 169 548 993 607 466 676 82 546 772 930 946 474 276 540 170 676 883 494 968 440 
782 131 84 840 147 331 580 0 554 232 782 185 493 140 775 665 72 774 353 592 322 697 198 787 372 280 684 143 561 629 
629 910 649 763 194 124 1000 554 0 969 189 169 490 216 403 335 535 194 888 766 975 73 611 467 199 275 890 972 979 481 
232 630 12 107 642 729 336 232 969 0 293 676 31 431 399 662 114 894 222 743 214 762 263 703 977 665 389 863 858 277 
176 264 142 729 702 745 169 782 189 293 0 629 832 701 239 650 899 865 539 870 844 372 515 519 402 297 917 63 763 162 
431 890 131 572 749 849 548 185 169 676 629 0 636 505 375 750 119 77 78 783 818 941 640 94 569 823 794 807 825 44 
334 861 921 190 278 49 993 493 490 31 832 636 0 671 363 913 866 86 779 384 487 76 653 901 838 814 889 694 189 638 
205 440 123 729 893 703 607 140 216 431 701 505 671 0 812 617 715 946 434 7 585 879 575 759 24 733 583 67 756 298 
686 320 747 583 863 347 466 775 403 399 239 375 363 812 0 332 621 383 462 357 870 537 9 122 726 174 10 419 714 999 
721 194 162 683 384 595 676 665 335 662 650 750 913 617 332 0 582 331 714 527 116 72 463 347 647 222 370 731 804 789 
510 996 983 859 621 696 82 72 535 114 899 119 866 715 621 582 0 486 101 120 107 484 581 815 705 470 823 826 195 348 
141 5 186 855 434 48 546 774 194 894 865 77 86 946 383 331 486 0 836 966 62 186 547 744 899 426 211 971 888 557 
44 266 482 805 925 343 772 353 888 222 539 78 779 434 462 714 101 836 0 969 109 927 699 265 715 537 717 186 995 200 
654 505 528 605 349 973 930 592 766 743 870 783 384 7 357 527 120 966 969 0 118 809 256 939 983 82 134 330 269 451 
239 498 533 16 16 941 946 322 975 214 844 818 487 585 870 116 107 62 109 118 0 391 454 349 486 705 774 697 27 662 
55 662 838 139 607 558 474 697 73 762 372 941 76 879 537 72 484 186 927 809 391 0 253 347 122 531 397 386 245 933 
925 510 146 142 560 708 276 198 611 263 515 640 653 575 9 463 581 547 699 256 454 253 0 455 782 927 654 252 735 262 
696 736 37 849 222 913 540 787 467 703 519 94 901 759 122 347 815 744 265 939 349 347 455 0 190 69 695 675 399 315 
616 716 335 666 411 991 170 372 199 977 402 569 838 24 726 647 705 899 715 983 486 122 782 190 0 125 141 120 474 627 
169 434 807 674 164 632 676 280 275 665 297 823 814 733 174 222 470 426 537 82 705 531 927 69 125 0 824 247 675 202 
502 783 898 687 238 262 883 684 890 389 917 794 889 583 10 370 823 211 717 134 774 397 654 695 141 824 0 260 927 548 
174 683 422 163 549 359 494 143 972 863 63 807 694 67 419 731 826 971 186 330 697 386 252 675 120 247 260 0 734 810 
165 954 874 62 658 238 968 561 979 858 763 825 189 756 714 804 195 888 995 269 27 245 735 399 474 675 927 734 0 945 
254 284 331 373 86 821 440 629 481 277 162 44 638 298 999 789 348 557 200 451 662 933 262 315 627 202 548 810 945 0 
