80
0 249 7 959 140 360 197 703 842 519 305 916 533 425 251 698 441 124 853 438 74 500 671 592 620 837 722 477 651 264 441 645 512 447 955 652 158 503 354 351 373 10 266 905 434 868 955 874 992 159 663 417 658 685 361 278 874 434 106 524 697 546 520 560 345 826 563 502 329 268 205 701 277 470 958 711 338 264 936 681 
249 0 422 599 449 79 283 809 708 508 594 813 31 290 711 550 202 407 376 764 908 56 32 112 108 308 934 65 18 623 328 306 655 101 904 103 532 538 264 239 46 857 404 428 499 466 978 52 872 705 815 779 760 846 243 867 506 528 284 523 502 963 828 156 64 83 610 595 973 225 185 18 82 940 445 932 405 774 983 276 
7 422 0 830 149 407 589 995 1 808 500 880 443 374 381 757 554 888 820 636 497 766 960 722 303 329 155 242 774 438 999 899 772 274 729 920 32 669 914 384 828 765 263 270 491 643 27 44 530 198 31 379 316 991 452 970 319 606 563 444 395 561 695 166 187 423 85 570 443 351 954 271 467 216 892 957 211 270 1000 92 
959 599 830 0 820 383 470 487 373 921 456 43 878 370 487 272 283 181 789 821 955 874 390 749 224 695 19 690 911 263 999 473 884 998 564 703 732 386 541 104 658 996 499 536 718 337 159 1000 869 300 172 823 173 561 571 748 608 942 789 870 556 787 342 439 137 905 142 868 290 682 324 948 30 822 835 99 158 345 98 26 
140 449 149 820 0 644 621 200 816 181 122 915 140 415 704 9 970 490 350 409 978 255 902 846 896 935 169 195 316 342 29 414 851 726 863 228 369 483 427 537 16 900 451 155 667 506 164 636 348 513 396 325 119 649 170 367 584 690 561 899 31 590 665 881 315 527 460 35 10 886 571 377 138 374 531 804 879 694 791 226 
360 79 407 383 644 0 559 187 903 677 835 72 43 770 114 956 21 496 545 685 729 211 211 188 245 572 426 168 948 563 893 479 718 771 524 508 349 82 46 251 111 233 674 505 2 139 460 22 635 356 58 363 566 269 902 163 840 327 682 140 241 574 970 958 696 493 466 44 927 863 646 37 95 672 893 449 162 353 822 796 
197 283 589 470 621 559 0 708 880 510 626 148 764 140 339 90 821 830 331 394 799 640 441 292 457 837 570 320 834 958 766 505 850 214 19 202 36 166 262 915 28 239 414 791 378 104 880 550 934 562 295 732 554 735 375 10 571 944 329 405 901 95 261 103 308 279 304 695 445 917 961 472 507 374 614 884 478 845 785 411 
703 809 995 487 200 187 708 0 407 79 494 960 166 869 321 736 812 650 492 65 96 753 167 755 383 822 450 179 91 410 2 597 136 615 833 613 460 617 375 218 48 868 529 213 736 849 300 900 498 792 316 945 896 482 700 630 655 149 809 745 910 810 694 45 425 526 9 236 494 383 453 541 251 981 105 986 829 405 237 679 
842 708 1 373 816 903 880 407 0 196 552 623 443 33 322 72 40 822 880 136 84 42 829 480 818 706 489 53 200 871 857 92 473 837 197 459 17 601 695 695 148 599 670 590 983 343 661 22 165 893 158 600 286 986 79 103 692 567 507 243 790 363 334 262 551 530 72 567 482 119 614 629 717 283 218 699 625 231 73 141 
519 508 808 921 181 677 510 79 196 0 475 230 92 760 567 171 214 610 89 720 204 230 434 538 844 336 419 915 254 901 385 867 529 453 501 99 504 478 681 576 970 155 157 62 914 75 232 479 685 672 550 240 902 983 777 745 670 548 11 923 448 396 790 328 200 642 778 703 119 458 278 89 612 786 150 877 861 733 355 897 
305 594 500 456 122 835 626 494 552 475 0 404 904 136 657 238 265 401 907 812 764 830 611 511 971 938 710 964 68 413 83 525 42 523 137 828 24 365 40 108 720 936 511 975 423 520 565 687 272 471 850 35 652 460 545 974 750 255 938 817 19 372 693 60 246 181 239 269 546 278 376 617 565 238 591 988 757 155 26 381 
916 813 880 43 915 72 148 960 623 230 404 0 978 876 415 981 335 960 307 436 566 596 252 584 319 945 995 564 125 234 184 22 863 911 638 428 148 581 767 257 87 792 637 416 667 403 397 354 714 55 789 279 2 393 214 320 689 561 235 165 794 418 187 8 328 176 435 827 756 201 83 843 993 71 258 11 826 6 364 539 
533 31 443 878 140 43 764 166 443 92 904 978 0 412 505 170 413 897 383 732 937 943 966 101 88 735 639 96 62 815 882 889 570 435 323 764 779 746 22 789 571 379 505 109 791 9 278 203 257 13 287 193 307 604 645 747 339 284 842 752 450 75 992 371 509 315 135 287 412 508 428 334 238 932 442 28 292 72 583 900 
425 290 374 370 415 770 140 869 33 760 136 876 412 0 436 221 92 742 824 88 488 514 723 681 266 172 756 257 895 616 923 381 255 334 240 682 667 477 965 461 857 256 884 439 155 319 659 598 412 834 37 252 348 760 932 613 283 39 221 177 655 144 557 909 829 796 942 848 273 906 660 129 513 543 919 19 213 929 968 624 
251 711 381 487 704 114 339 321 322 567 657 415 505 436 0 762 4 875 109 763 159 73 46 549 294 222 203 789 779 463 617 926 756 816 198 661 475 678 525 17 596 543 581 524 510 205 638 514 431 746 628 941 819 673 490 464 247 44 252 377 859 868 302 614 36 852 627 510 529 151 879 477 46 459 352 555 15 989 420 446 
698 550 757 272 9 956 90 736 72 171 238 981 170 221 762 0 87 48 738 905 72 227 720 670 271 971 46 129 190 700 742 225 551 368 735 431 871 613 907 916 423 611 822 438 599 242 235 685 641 972 941 64 199 660 734 469 982 131 949 172 830 690 748 380 410 482 811 632 446 69 547 869 679 720 658 630 961 892 666 953 
441 202 554 283 970 21 821 812 40 214 265 335 413 92 4 87 0 215 959 369 413 970 102 233 952 584 181 475 414 223 222 793 632 56 955 615 853 376 161 73 406 880 730 35 193 973 53 497 188 11 865 952 980 318 185 283 902 717 757 315 939 331 459 922 738 766 536 590 141 48 663 546 280 744 933 472 717 985 320 256 
124 407 888 181 490 496 830 650 822 610 401 960 897 742 875 48 215 0 347 537 559 678 854 743 313 107 812 69 773 102 751 232 24 488 349 911 78 841 959 92 386 590 835 670 413 903 6 732 510 352 268 69 382 474 163 694 580 974 114 353 76 865 936 451 704 284 713 133 124 23 224 861 612 411 883 24 665 888 108 527 
853 376 820 789 350 545 331 492 880 89 907 307 383 824 109 738 959 347 0 592 727 595 973 200 109 18 780 435 131 484 862 347 419 312 51 54 376 183 529 399 759 741 362 521 623 386 185 511 845 711 454 571 657 778 771 118 795 902 552 925 737 413 624 507 76 674 560 451 208 440 201 966 180 563 486 803 300 23 665 144 
438 764 636 821 409 685 394 65 136 720 812 436 732 88 763 905 369 537 592 0 85 118 714 94 895 836 211 689 737 762 965 825 174 588 331 249 613 890 51 821 681 252 138 861 814 624 15 465 998 679 608 82 148 673 175 42 509 385 82 597 146 398 422 671 986 752 271 950 994 322 770 26 925 908 886 90 883 900 554 232 
74 908 497 955 978 729 799 96 84 204 764 566 937 488 159 72 413 559 727 85 0 930 513 313 77 185 840 118 45 224 551 994 722 949 415 744 286 518 15 235 863 688 357 889 612 264 126 701 498 378 254 729 307 766 393 384 302 232 853 347 808 404 340 881 704 106 624 989 975 990 575 190 677 931 430 288 546 555 988 43 
500 56 766 874 255 211 640 753 42 230 830 596 943 514 73 227 970 678 595 118 930 0 284 593 123 591 710 868 974 12 99 178 710 258 581 401 138 284 858 114 624 832 455 199 373 132 129 802 419 675 709 759 69 992 703 544 934 413 411 259 424 861 437 133 119 369 885 608 5 742 73 628 573 528 178 298 659 307 99 429 
671 32 960 390 902 211 441 167 829 434 611 252 966 723 46 720 102 854 973 714 513 284 0 333 159 539 753 503 242 296 436 654 58 695 429 919 483 913 37 851 797 996 855 538 421 835 462 948 12 759 958 670 210 386 2 720 277 107 222 518 754 10 523 812 56 951 730 538 215 118 388 11 113 595 548 533 429 361 832 440 
592 112 722 749 846 188 292 755 480 538 511 584 101 681 549 670 233 743 200 94 313 593 333 0 120 789 110 681 527 463 400 155 921 622 672 675 983 546 486 38 848 215 575 62 332 314 424 796 908 323 681 336 683 864 128 154 5 237 834 531 51 234 685 972 207 708 646 189 605 131 578 452 697 152 865 380 465 288 527 373 
620 108 303 224 896 245 457 383 818 844 971 319 88 266 294 271 952 313 109 895 77 123 159 120 0 962 559 60 644 423 187 798 427 775 983 309 826 216 345 149 774 52 146 314 8 276 891 811 324 42 675 703 859 314 229 583 275 788 642 270 562 829 67 988 955 50 296 132 617 992 280 743 43 425 56 402 52 947 212 727 
837 308 329 695 935 572 837 822 706 336 938 945 735 172 222 971 584 107 18 836 185 591 539 789 962 0 340 238 429 550 551 10 132 177 149 126 446 710 306 865 49 260 914 344 392 882 687 671 624 729 448 680 482 851 978 693 578 669 282 6 219 832 367 702 360 515 179 157 224 484 21 272 744 286 967 487 168 653 157 143 
722 934 155 19 169 426 570 450 489 419 710 995 639 756 203 46 181 812 780 211 840 710 753 110 559 340 0 733 956 174 566 807 503 610 736 172 891 93 742 74 460 795 433 326 974 590 550 457 962 173 552 248 492 38 767 496 547 261 581 502 435 146 660 937 756 747 460 646 840 201 72 299 348 504 624 321 445 525 129 407 
477 65 242 690 195 168 320 179 53 915 964 564 96 257 789 129 475 69 435 689 118 868 503 681 60 238 733 0 50 681 6 893 718 772 740 616 32 320 118 466 818 129 755 925 876 214 922 715 767 993 365 114 849 340 786 293 217 914 699 618 946 56 510 16 827 601 631 211 921 100 28 90 581 782 366 456 348 287 522 466 
651 18 774 911 316 948 834 91 200 254 68 125 62 895 779 190 414 773 131 737 45 974 242 527 644 429 956 50 0 632 238 579 480 929 716 124 145 981 175 114 927 230 623 294 57 224 924 619 496 376 646 937 956 780 302 411 127 940 284 592 923 873 522 402 801 237 878 298 569 52 411 847 281 386 140 689 961 64 307 808 
264 623 438 263 342 563 958 410 871 901 413 234 815 616 463 700 223 102 484 762 224 12 296 463 423 550 174 681 632 0 439 305 744 746 84 397 508 210 688 791 153 611 663 674 364 815 262 241 112 182 292 875 29 925 260 168 613 572 583 272 379 21 576 474 118 11 870 625 220 557 415 724 519 429 749 883 596 10 123 707 
441 328 999 999 29 893 766 2 857 385 83 184 882 923 617 742 222 751 862 965 551 99 436 400 187 551 566 6 238 439 0 191 767 581 571 691 192 739 655 763 321 278 141 694 205 614 811 215 835 436 786 744 202 509 262 983 257 496 578 618 971 284 161 737 217 731 779 408 469 785 523 142 415 15 835 971 981 997 538 815 
645 306 899 473 414 479 505 597 92 867 525 22 889 381 926 225 793 232 347 825 994 178 654 155 798 10 807 893 579 305 191 0 432 323 910 986 184 524 968 792 19 545 762 341 180 274 429 396 4 559 156 825 344 678 318 110 44 504 80 24 500 969 839 284 292 100 269 827 623 236 970 994 780 731 334 959 356 763 707 712 
512 655 772 884 851 718 850 136 473 529 42 863 570 255 756 551 632 24 419 174 722 710 58 921 427 132 503 718 480 744 767 432 0 321 862 536 16 891 205 477 934 708 909 310 207 877 148 490 520 599 110 698 222 345 668 567 476 750 252 787 106 366 493 817 39 706 704 406 948 908 883 233 967 143 542 173 19 41 15 891 
447 101 274 998 726 771 214 615 837 453 523 911 435 334 816 368 56 488 312 588 949 258 695 622 775 177 610 772 929 746 581 323 321 0 640 476 588 213 821 255 131 648 357 382 434 814 748 278 630 786 335 685 191 634 944 425 219 910 567 760 434 586 153 800 476 144 276 415 356 448 22 486 95 378 219 881 191 966 510 172 
955 904 729 564 863 524 19 833 197 501 137 638 323 240 198 735 955 349 51 331 415 581 429 672 983 149 736 740 716 84 571 910 862 640 0 103 845 208 646 830 503 70 48 412 637 808 197 574 312 997 401 455 272 815 810 71 836 647 165 565 217 397 107 535 907 630 637 103 189 282 932 691 704 332 454 340 491 651 265 802 
652 103 920 703 228 508 202 613 459 99 828 428 764 682 661 431 615 911 54 249 744 401 919 675 309 126 172 616 124 397 691 986 536 476 103 0 647 665 256 270 831 417 692 19 415 856 935 631 605 394 165 511 23 154 965 212 787 896 254 490 579 708 181 69 358 797 870 356 813 125 977 996 893 668 14 307 875 300 290 479 
158 532 32 732 369 349 36 460 17 504 24 148 779 667 475 871 853 78 376 613 286 138 483 983 826 446 891 32 145 508 192 184 16 588 845 647 0 693 806 341 68 959 305 631 98 553 884 939 131 591 472 200 300 268 69 655 81 546 983 428 790 650 441 97 877 92 738 355 785 543 696 852 854 352 482 303 904 717 241 387 
503 538 669 386 483 82 166 617 601 478 365 581 746 477 678 613 376 841 183 890 518 284 913 546 216 710 93 320 981 210 739 524 891 213 208 665 693 0 308 712 938 607 332 358 614 764 903 948 191 693 598 983 141 826 74 878 180 858 772 227 61 977 931 894 279 186 611 520 572 918 583 509 876 266 867 841 29 121 789 571 
354 264 914 541 427 46 262 375 695 681 40 767 22 965 525 907 161 959 529 51 15 858 37 486 345 306 742 118 175 688 655 968 205 821 646 256 806 308 0 165 738 553 657 563 627 886 94 836 658 321 249 634 603 142 265 788 752 784 712 21 718 220 249 984 438 89 364 911 229 935 75 966 839 732 880 817 617 974 5 626 
351 239 384 104 537 251 915 218 695 576 108 257 789 461 17 916 73 92 399 821 235 114 851 38 149 865 74 466 114 791 763 792 477 255 830 270 341 712 165 0 646 253 612 248 394 876 387 146 11 98 166 80 670 766 415 107 855 779 17 435 65 444 753 903 527 632 72 495 957 76 121 954 328 84 553 721 959 940 218 321 
373 46 828 658 16 111 28 48 148 970 720 87 571 857 596 423 406 386 759 681 863 624 797 848 774 49 460 818 927 153 321 19 934 131 503 831 68 938 738 646 0 37 736 400 706 501 815 165 707 945 533 142 9 976 246 263 854 877 334 349 186 409 821 139 736 904 44 809 214 983 26 534 371 761 285 429 262 99 593 320 
10 857 765 996 900 233 239 868 599 155 936 792 379 256 543 611 880 590 741 252 688 832 996 215 52 260 795 129 230 611 278 545 708 648 70 417 959 607 553 253 37 0 43 477 461 403 453 706 666 306 935 351 6 472 760 826 962 495 729 5 655 942 339 681 827 710 441 112 490 54 562 434 374 957 910 186 359 714 892 376 
266 404 263 499 451 674 414 529 670 157 511 637 505 884 581 822 730 835 362 138 357 455 855 575 146 914 433 755 623 663 141 762 909 357 48 692 305 332 657 612 736 43 0 372 178 727 377 649 838 203 610 684 283 615 339 577 953 19 403 14 811 866 503 865 428 936 590 736 198 775 446 911 18 174 282 547 900 659 195 89 
905 428 270 536 155 505 791 213 590 62 975 416 109 439 524 438 35 670 521 861 889 199 538 62 314 344 326 925 294 674 694 341 310 382 412 19 631 358 563 248 400 477 372 0 213 157 772 495 123 110 71 427 480 474 441 291 691 295 507 118 583 96 205 780 222 651 690 592 824 972 138 75 982 333 163 194 841 286 688 963 
434 499 491 718 667 2 378 736 983 914 423 667 791 155 510 599 193 413 623 814 612 373 421 332 8 392 974 876 57 364 205 180 207 434 637 415 98 614 627 394 706 461 178 213 0 396 111 389 227 936 181 869 626 476 375 96 58 822 300 837 396 950 878 987 125 849 124 199 182 808 713 375 648 999 415 962 746 525 351 972 
868 466 643 337 506 139 104 849 343 75 520 403 9 319 205 242 973 903 386 624 264 132 835 314 276 882 590 214 224 815 614 274 877 814 808 856 553 764 886 876 501 403 727 157 396 0 812 531 841 437 358 567 532 767 389 832 955 784 133 833 122 610 33 245 160 215 405 873 941 52 223 707 14 968 583 716 291 394 598 483 
955 978 27 159 164 460 880 300 661 232 565 397 278 659 638 235 53 6 185 15 126 129 462 424 891 687 550 922 924 262 811 429 148 748 197 935 884 903 94 387 815 453 377 772 111 812 0 831 956 402 362 722 142 545 677 277 30 861 398 639 893 994 150 459 398 22 752 802 596 458 815 915 41 882 558 786 479 40 616 434 
874 52 44 1000 636 22 550 900 22 479 687 354 203 598 514 685 497 732 511 465 701 802 948 796 811 671 457 715 619 241 215 396 490 278 574 631 939 948 836 146 165 706 649 495 389 531 831 0 793 330 508 934 226 536 210 607 748 607 597 640 601 747 451 350 120 202 151 716 659 317 630 51 198 187 837 677 579 804 462 371 
992 872 530 869 348 635 934 498 165 685 272 714 257 412 431 641 188 510 845 998 498 419 12 908 324 624 962 767 496 112 835 4 520 630 312 605 131 191 658 11 707 666 838 123 227 841 956 793 0 485 321 305 711 208 514 317 955 473 266 595 425 12 397 774 131 598 925 846 608 241 476 11 439 14 199 467 592 2 928 315 
159 705 198 300 513 356 562 792 893 672 471 55 13 834 746 972 11 352 711 679 378 675 759 323 42 729 173 993 376 182 436 559 599 786 997 394 591 693 321 98 945 306 203 110 936 437 402 330 485 0 487 601 619 549 808 484 217 763 956 482 709 380 493 105 506 976 54 430 821 13 670 648 23 460 14 221 926 605 575 206 
663 815 31 172 396 58 295 316 158 550 850 789 287 37 628 941 865 268 454 608 254 709 958 681 675 448 552 365 646 292 786 156 110 335 401 165 472 598 249 166 533 935 610 71 181 358 362 508 321 487 0 271 413 806 889 961 965 725 529 727 32 363 787 764 207 243 269 182 296 698 3 309 719 2 331 531 15 904 456 972 
417 779 379 823 325 363 732 945 600 240 35 279 193 252 941 64 952 69 571 82 729 759 670 336 703 680 248 114 937 875 744 825 698 685 455 511 200 983 634 80 142 351 684 427 869 567 722 934 305 601 271 0 478 13 242 890 818 483 202 783 207 730 861 590 444 648 353 651 890 621 832 538 670 186 198 741 188 880 271 202 
658 760 316 173 119 566 554 896 286 902 652 2 307 348 819 199 980 382 657 148 307 69 210 683 859 482 492 849 956 29 202 344 222 191 272 23 300 141 603 670 9 6 283 480 626 532 142 226 711 619 413 478 0 783 726 525 612 739 767 501 908 601 54 42 159 136 255 748 579 254 101 229 143 73 413 32 95 598 229 835 
685 846 991 561 649 269 735 482 986 983 460 393 604 760 673 660 318 474 778 673 766 992 386 864 314 851 38 340 780 925 509 678 345 634 815 154 268 826 142 766 976 472 615 474 476 767 545 536 208 549 806 13 783 0 785 461 105 339 243 182 863 855 272 981 707 180 933 113 573 91 248 827 191 826 80 643 407 575 715 819 
361 243 452 571 170 902 375 700 79 777 545 214 645 932 490 734 185 163 771 175 393 703 2 128 229 978 767 786 302 260 262 318 668 944 810 965 69 74 265 415 246 760 339 441 375 389 677 210 514 808 889 242 726 785 0 958 161 416 187 995 553 647 451 891 241 633 105 447 904 438 506 435 722 618 8 165 865 186 355 42 
278 867 970 748 367 163 10 630 103 745 974 320 747 613 464 469 283 694 118 42 384 544 720 154 583 693 496 293 411 168 983 110 567 425 71 212 655 878 788 107 263 826 577 291 96 832 277 607 317 484 961 890 525 461 958 0 618 997 448 192 63 618 149 224 34 687 570 938 685 21 828 278 653 284 724 908 73 229 343 795 
874 506 319 608 584 840 571 655 692 670 750 689 339 283 247 982 902 580 795 509 302 934 277 5 275 578 547 217 127 613 257 44 476 219 836 787 81 180 752 855 854 962 953 691 58 955 30 748 955 217 965 818 612 105 161 618 0 198 702 959 62 887 313 104 504 661 903 47 75 873 548 650 258 234 220 195 271 592 374 548 
434 528 606 942 690 327 944 149 567 548 255 561 284 39 44 131 717 974 902 385 232 413 107 237 788 669 261 914 940 572 496 504 750 910 647 896 546 858 784 779 877 495 19 295 822 784 861 607 473 763 725 483 739 339 416 997 198 0 596 657 623 503 82 204 197 876 401 898 186 463 137 850 918 992 510 172 391 936 44 938 
106 284 563 789 561 682 329 809 507 11 938 235 842 221 252 949 757 114 552 82 853 411 222 834 642 282 581 699 284 583 578 80 252 567 165 254 983 772 712 17 334 729 403 507 300 133 398 597 266 956 529 202 767 243 187 448 702 596 0 586 301 523 157 495 793 100 220 692 695 877 315 197 310 870 394 185 270 643 370 84 
524 523 444 870 899 140 405 745 243 923 817 165 752 177 377 172 315 353 925 597 347 259 518 531 270 6 502 618 592 272 618 24 787 760 565 490 428 227 21 435 349 5 14 118 837 833 639 640 595 482 727 783 501 182 995 192 959 657 586 0 779 219 353 123 80 525 513 367 920 450 952 573 324 460 419 469 559 639 160 253 
697 502 395 556 31 241 901 910 790 448 19 794 450 655 859 830 939 76 737 146 808 424 754 51 562 219 435 946 923 379 971 500 106 434 217 579 790 61 718 65 186 655 811 583 396 122 893 601 425 709 32 207 908 863 553 63 62 623 301 779 0 515 826 802 824 695 195 360 965 189 81 48 320 651 753 442 82 277 306 448 
546 963 561 787 590 574 95 810 363 396 372 418 75 144 868 690 331 865 413 398 404 861 10 234 829 832 146 56 873 21 284 969 366 586 397 708 650 977 220 444 409 942 866 96 950 610 994 747 12 380 363 730 601 855 647 618 887 503 523 219 515 0 548 107 752 120 430 211 539 898 122 177 58 374 43 235 527 218 930 721 
520 828 695 342 665 970 261 694 334 790 693 187 992 557 302 748 459 936 624 422 340 437 523 685 67 367 660 510 522 576 161 839 493 153 107 181 441 931 249 753 821 339 503 205 878 33 150 451 397 493 787 861 54 272 451 149 313 82 157 353 826 548 0 577 894 910 9 293 581 659 45 22 740 673 327 539 221 433 290 692 
560 156 166 439 881 958 103 45 262 328 60 8 371 909 614 380 922 451 507 671 881 133 812 972 988 702 937 16 402 474 737 284 817 800 535 69 97 894 984 903 139 681 865 780 987 245 459 350 774 105 764 590 42 981 891 224 104 204 495 123 802 107 577 0 862 501 230 112 974 758 521 347 800 755 874 369 684 946 297 929 
345 64 187 137 315 696 308 425 551 200 246 328 509 829 36 410 738 704 76 986 704 119 56 207 955 360 756 827 801 118 217 292 39 476 907 358 877 279 438 527 736 827 428 222 125 160 398 120 131 506 207 444 159 707 241 34 504 197 793 80 824 752 894 862 0 207 305 574 787 315 618 160 406 643 486 945 215 270 234 906 
826 83 423 905 527 493 279 526 530 642 181 176 315 796 852 482 766 284 674 752 106 369 951 708 50 515 747 601 237 11 731 100 706 144 630 797 92 186 89 632 904 710 936 651 849 215 22 202 598 976 243 648 136 180 633 687 661 876 100 525 695 120 910 501 207 0 484 86 488 595 59 245 115 758 397 869 983 765 553 280 
563 610 85 142 460 466 304 9 72 778 239 435 135 942 627 811 536 713 560 271 624 885 730 646 296 179 460 631 878 870 779 269 704 276 637 870 738 611 364 72 44 441 590 690 124 405 752 151 925 54 269 353 255 933 105 570 903 401 220 513 195 430 9 230 305 484 0 414 833 487 718 406 625 385 376 785 790 18 622 86 
502 595 570 868 35 44 695 236 567 703 269 827 287 848 510 632 590 133 451 950 989 608 538 189 132 157 646 211 298 625 408 827 406 415 103 356 355 520 911 495 809 112 736 592 199 873 802 716 846 430 182 651 748 113 447 938 47 898 692 367 360 211 293 112 574 86 414 0 232 892 672 489 375 757 976 321 168 573 435 277 
329 973 443 290 10 927 445 494 482 119 546 756 412 273 529 446 141 124 208 994 975 5 215 605 617 224 840 921 569 220 469 623 948 356 189 813 785 572 229 957 214 490 198 824 182 941 596 659 608 821 296 890 579 573 904 685 75 186 695 920 965 539 581 974 787 488 833 232 0 969 655 259 85 559 538 498 392 376 568 797 
268 225 351 682 886 863 917 383 119 458 278 201 508 906 151 69 48 23 440 322 990 742 118 131 992 484 201 100 52 557 785 236 908 448 282 125 543 918 935 76 983 54 775 972 808 52 458 317 241 13 698 621 254 91 438 21 873 463 877 450 189 898 659 758 315 595 487 892 969 0 353 952 172 489 93 541 110 179 124 353 
205 185 954 324 571 646 961 453 614 278 376 83 428 660 879 547 663 224 201 770 575 73 388 578 280 21 72 28 411 415 523 970 883 22 932 977 696 583 75 121 26 562 446 138 713 223 815 630 476 670 3 832 101 248 506 828 548 137 315 952 81 122 45 521 618 59 718 672 655 353 0 202 613 79 958 588 399 477 512 185 
701 18 271 948 377 37 472 541 629 89 617 843 334 129 477 869 546 861 966 26 190 628 11 452 743 272 299 90 847 724 142 994 233 486 691 996 852 509 966 954 534 434 911 75 375 707 915 51 11 648 309 538 229 827 435 278 650 850 197 573 48 177 22 347 160 245 406 489 259 952 202 0 753 832 840 363 917 398 901 766 
277 82 467 30 138 95 507 251 717 612 565 993 238 513 46 679 280 612 180 925 677 573 113 697 43 744 348 581 281 519 415 780 967 95 704 893 854 876 839 328 371 374 18 982 648 14 41 198 439 23 719 670 143 191 722 653 258 918 310 324 320 58 740 800 406 115 625 375 85 172 613 753 0 141 628 333 938 980 636 461 
470 940 216 822 374 672 374 981 283 786 238 71 932 543 459 720 744 411 563 908 931 528 595 152 425 286 504 782 386 429 15 731 143 378 332 668 352 266 732 84 761 957 174 333 999 968 882 187 14 460 2 186 73 826 618 284 234 992 870 460 651 374 673 755 643 758 385 757 559 489 79 832 141 0 468 81 2 930 611 125 
958 445 892 835 531 893 614 105 218 150 591 258 442 919 352 658 933 883 486 886 430 178 548 865 56 967 624 366 140 749 835 334 542 219 454 14 482 867 880 553 285 910 282 163 415 583 558 837 199 14 331 198 413 80 8 724 220 510 394 419 753 43 327 874 486 397 376 976 538 93 958 840 628 468 0 634 812 89 713 121 
711 932 957 99 804 449 884 986 699 877 988 11 28 19 555 630 472 24 803 90 288 298 533 380 402 487 321 456 689 883 971 959 173 881 340 307 303 841 817 721 429 186 547 194 962 716 786 677 467 221 531 741 32 643 165 908 195 172 185 469 442 235 539 369 945 869 785 321 498 541 588 363 333 81 634 0 29 463 598 540 
338 405 211 158 879 162 478 829 625 861 757 826 292 213 15 961 717 665 300 883 546 659 429 465 52 168 445 348 961 596 981 356 19 191 491 875 904 29 617 959 262 359 900 841 746 291 479 579 592 926 15 188 95 407 865 73 271 391 270 559 82 527 221 684 215 983 790 168 392 110 399 917 938 2 812 29 0 648 702 372 
264 774 270 345 694 353 845 405 231 733 155 6 72 929 989 892 985 888 23 900 555 307 361 288 947 653 525 287 64 10 997 763 41 966 651 300 717 121 974 940 99 714 659 286 525 394 40 804 2 605 904 880 598 575 186 229 592 936 643 639 277 218 433 946 270 765 18 573 376 179 477 398 980 930 89 463 648 0 839 65 
936 983 1000 98 791 822 785 237 73 355 26 364 583 968 420 666 320 108 665 554 988 99 832 527 212 157 129 522 307 123 538 707 15 510 265 290 241 789 5 218 593 892 195 688 351 598 616 462 928 575 456 271 229 715 355 343 374 44 370 160 306 930 290 297 234 553 622 435 568 124 512 901 636 611 713 598 702 839 0 640 
681 276 92 26 226 796 411 679 141 897 381 539 900 624 446 953 256 527 144 232 43 429 440 373 727 143 407 466 808 707 815 712 891 172 802 479 387 571 626 321 320 376 89 963 972 483 434 371 315 206 972 202 835 819 42 795 548 938 84 253 448 721 692 929 906 280 86 277 797 353 185 766 461 125 121 540 372 65 640 0 
