50
0 16 188 629 687 943 304 726 671 53 536 639 795 925 514 887 129 245 69 434 279 343 434 162 218 238 726 748 898 694 802 245 710 989 874 748 284 177 473 954 581 361 593 375 637 458 613 765 702 681 
16 0 551 980 23 336 493 240 573 218 987 822 911 140 67 972 481 292 71 764 820 896 717 400 608 661 774 244 118 738 361 171 770 263 502 793 598 994 384 170 211 723 992 474 214 410 797 694 701 220 
188 551 0 809 520 115 878 919 722 538 44 317 8 133 29 178 902 291 680 694 888 673 430 410 236 152 753 61 365 162 857 411 214 76 219 733 542 96 3 615 986 398 932 993 530 312 170 431 603 201 
629 980 809 0 477 490 226 906 251 813 409 3 873 125 516 729 535 729 157 106 813 698 553 815 665 538 564 948 530 93 259 52 876 861 604 352 703 829 609 305 641 17 308 513 493 175 594 380 904 102 
687 23 520 477 0 485 716 151 37 883 815 927 798 762 808 891 21 859 766 233 463 469 935 643 77 240 636 445 899 500 937 73 93 316 328 546 152 396 697 541 630 863 467 427 625 274 317 997 485 434 
943 336 115 490 485 0 229 299 902 516 293 330 107 928 774 5 428 711 429 872 378 757 418 530 152 466 422 781 328 888 559 304 513 876 300 349 661 529 647 915 44 940 244 150 219 370 506 646 432 286 
304 493 878 226 716 229 0 870 809 42 287 690 545 104 111 677 431 998 236 735 863 463 34 211 475 914 210 741 309 501 337 810 719 706 315 717 137 953 586 945 346 224 635 891 327 97 919 757 447 506 
726 240 919 906 151 299 870 0 843 309 320 229 871 147 494 80 887 803 932 223 612 651 928 279 367 416 231 304 713 576 527 699 818 853 795 89 961 241 946 156 901 618 384 772 764 877 203 650 31 135 
671 573 722 251 37 902 809 843 0 225 643 785 504 273 503 920 855 806 632 430 684 330 600 888 476 40 848 717 985 355 617 602 90 388 717 319 591 719 349 77 943 343 861 446 615 715 717 821 872 700 
53 218 538 813 883 516 42 309 225 0 603 555 381 202 442 857 593 641 573 577 996 541 531 437 281 247 755 223 965 104 299 259 798 159 57 413 225 773 585 96 825 187 2 205 740 795 61 332 435 985 
536 987 44 409 815 293 287 320 643 603 0 909 782 526 791 219 158 37 325 380 354 428 678 612 226 188 668 990 412 793 926 859 969 113 860 173 852 654 586 184 440 570 444 574 447 234 144 604 622 468 
639 822 317 3 927 330 690 229 785 555 909 0 983 975 248 12 939 825 199 958 166 962 102 91 820 70 203 31 243 407 36 828 590 828 749 385 401 196 618 544 151 239 363 134 566 962 145 504 786 696 
795 911 8 873 798 107 545 871 504 381 782 983 0 461 951 9 915 394 829 984 948 211 578 354 247 757 295 426 506 679 826 53 296 721 203 887 435 688 804 397 185 307 182 880 119 485 888 33 878 68 
925 140 133 125 762 928 104 147 273 202 526 975 461 0 17 177 631 594 531 229 703 825 654 208 504 831 612 151 551 814 389 985 854 192 733 38 850 915 269 969 751 508 353 980 928 721 156 558 667 38 
514 67 29 516 808 774 111 494 503 442 791 248 951 17 0 138 369 863 791 576 718 621 539 220 523 352 609 859 557 152 592 594 2 858 214 322 608 722 674 939 649 395 94 558 61 132 695 429 346 837 
887 972 178 729 891 5 677 80 920 857 219 12 9 177 138 0 356 415 809 894 634 683 597 594 541 154 98 132 99 99 989 313 420 948 34 445 886 34 191 332 591 251 815 637 31 160 825 738 574 985 
129 481 902 535 21 428 431 887 855 593 158 939 915 631 369 356 0 631 559 667 580 153 207 733 250 691 831 700 31 143 471 979 528 267 864 561 458 547 503 60 361 491 91 520 667 828 445 651 811 4 
245 292 291 729 859 711 998 803 806 641 37 825 394 594 863 415 631 0 669 390 508 876 474 109 918 656 160 948 151 630 926 678 248 142 591 705 688 93 765 401 936 207 272 602 386 717 605 196 72 273 
69 71 680 157 766 429 236 932 632 573 325 199 829 531 791 809 559 669 0 937 931 500 762 391 417 418 550 365 568 531 642 597 778 135 187 483 175 632 599 575 567 805 846 520 542 914 124 90 337 397 
434 764 694 106 233 872 735 223 430 577 380 958 984 229 576 894 667 390 937 0 26 619 248 140 9 665 909 910 381 476 440 374 424 570 509 611 404 683 242 2 257 160 158 454 679 699 720 803 788 56 
279 820 888 813 463 378 863 612 684 996 354 166 948 703 718 634 580 508 931 26 0 551 166 675 150 305 35 814 213 945 546 40 736 920 463 305 428 425 708 462 666 61 70 825 218 523 856 269 594 658 
343 896 673 698 469 757 463 651 330 541 428 962 211 825 621 683 153 876 500 619 551 0 56 650 560 573 676 709 229 710 875 441 6 772 832 742 691 647 46 470 71 106 931 737 166 352 913 736 875 768 
434 717 430 553 935 418 34 928 600 531 678 102 578 654 539 597 207 474 762 248 166 56 0 356 468 777 763 469 688 336 496 749 564 206 623 357 211 394 188 952 437 834 350 258 257 807 541 345 324 892 
162 400 410 815 643 530 211 279 888 437 612 91 354 208 220 594 733 109 391 140 675 650 356 0 257 59 118 377 766 938 505 529 406 545 864 902 293 779 459 915 135 21 660 675 325 448 860 674 706 116 
218 608 236 665 77 152 475 367 476 281 226 820 247 504 523 541 250 918 417 9 150 560 468 257 0 480 246 460 803 137 69 214 255 797 331 192 301 859 949 197 74 202 489 853 660 403 339 681 415 365 
238 661 152 538 240 466 914 416 40 247 188 70 757 831 352 154 691 656 418 665 305 573 777 59 480 0 5 862 577 30 567 692 861 164 504 15 301 572 228 907 720 559 450 372 769 750 569 843 952 57 
726 774 753 564 636 422 210 231 848 755 668 203 295 612 609 98 831 160 550 909 35 676 763 118 246 5 0 47 611 812 737 643 226 454 647 439 30 28 358 73 888 521 576 903 173 499 482 431 218 392 
748 244 61 948 445 781 741 304 717 223 990 31 426 151 859 132 700 948 365 910 814 709 469 377 460 862 47 0 880 590 161 982 158 355 933 214 401 895 25 489 538 602 942 536 41 323 564 398 396 451 
898 118 365 530 899 328 309 713 985 965 412 243 506 551 557 99 31 151 568 381 213 229 688 766 803 577 611 880 0 270 971 705 443 470 187 225 687 578 457 276 90 438 433 444 370 647 196 264 23 685 
694 738 162 93 500 888 501 576 355 104 793 407 679 814 152 99 143 630 531 476 945 710 336 938 137 30 812 590 270 0 801 625 978 689 17 301 252 766 696 54 35 666 111 829 487 297 54 174 226 510 
802 361 857 259 937 559 337 527 617 299 926 36 826 389 592 989 471 926 642 440 546 875 496 505 69 567 737 161 971 801 0 801 316 947 234 111 668 232 307 931 606 991 84 230 320 772 598 620 375 363 
245 171 411 52 73 304 810 699 602 259 859 828 53 985 594 313 979 678 597 374 40 441 749 529 214 692 643 982 705 625 801 0 667 428 398 333 538 226 171 186 631 344 412 492 497 79 438 82 189 457 
710 770 214 876 93 513 719 818 90 798 969 590 296 854 2 420 528 248 778 424 736 6 564 406 255 861 226 158 443 978 316 667 0 313 495 388 270 837 471 500 157 594 449 128 968 812 795 747 209 479 
989 263 76 861 316 876 706 853 388 159 113 828 721 192 858 948 267 142 135 570 920 772 206 545 797 164 454 355 470 689 947 428 313 0 637 786 649 822 769 345 585 260 193 15 50 274 204 506 586 50 
874 502 219 604 328 300 315 795 717 57 860 749 203 733 214 34 864 591 187 509 463 832 623 864 331 504 647 933 187 17 234 398 495 637 0 245 207 239 715 58 747 660 507 874 627 318 20 374 878 498 
748 793 733 352 546 349 717 89 319 413 173 385 887 38 322 445 561 705 483 611 305 742 357 902 192 15 439 214 225 301 111 333 388 786 245 0 10 663 499 183 783 195 768 43 387 134 444 660 337 949 
284 598 542 703 152 661 137 961 591 225 852 401 435 850 608 886 458 688 175 404 428 691 211 293 301 301 30 401 687 252 668 538 270 649 207 10 0 597 739 194 803 977 260 861 723 272 367 948 898 684 
177 994 96 829 396 529 953 241 719 773 654 196 688 915 722 34 547 93 632 683 425 647 394 779 859 572 28 895 578 766 232 226 837 822 239 663 597 0 968 623 913 817 984 927 667 519 710 861 286 104 
473 384 3 609 697 647 586 946 349 585 586 618 804 269 674 191 503 765 599 242 708 46 188 459 949 228 358 25 457 696 307 171 471 769 715 499 739 968 0 247 419 547 258 108 847 854 198 392 657 174 
954 170 615 305 541 915 945 156 77 96 184 544 397 969 939 332 60 401 575 2 462 470 952 915 197 907 73 489 276 54 931 186 500 345 58 183 194 623 247 0 4 869 248 275 235 547 524 270 866 499 
581 211 986 641 630 44 346 901 943 825 440 151 185 751 649 591 361 936 567 257 666 71 437 135 74 720 888 538 90 35 606 631 157 585 747 783 803 913 419 4 0 182 35 482 108 701 1000 169 562 637 
361 723 398 17 863 940 224 618 343 187 570 239 307 508 395 251 491 207 805 160 61 106 834 21 202 559 521 602 438 666 991 344 594 260 660 195 977 817 547 869 182 0 272 160 408 170 418 867 17 271 
593 992 932 308 467 244 635 384 861 2 444 363 182 353 94 815 91 272 846 158 70 931 350 660 489 450 576 942 433 111 84 412 449 193 507 768 260 984 258 248 35 272 0 64 760 279 589 763 499 188 
375 474 993 513 427 150 891 772 446 205 574 134 880 980 558 637 520 602 520 454 825 737 258 675 853 372 903 536 444 829 230 492 128 15 874 43 861 927 108 275 482 160 64 0 389 85 86 913 354 952 
637 214 530 493 625 219 327 764 615 740 447 566 119 928 61 31 667 386 542 679 218 166 257 325 660 769 173 41 370 487 320 497 968 50 627 387 723 667 847 235 108 408 760 389 0 411 887 986 244 347 
458 410 312 175 274 370 97 877 715 795 234 962 485 721 132 160 828 717 914 699 523 352 807 448 403 750 499 323 647 297 772 79 812 274 318 134 272 519 854 547 701 170 279 85 411 0 38 596 515 599 
613 797 170 594 317 506 919 203 717 61 144 145 888 156 695 825 445 605 124 720 856 913 541 860 339 569 482 564 196 54 598 438 795 204 20 444 367 710 198 524 1000 418 589 86 887 38 0 584 139 759 
765 694 431 380 997 646 757 650 821 332 604 504 33 558 429 738 651 196 90 803 269 736 345 674 681 843 431 398 264 174 620 82 747 506 374 660 948 861 392 270 169 867 763 913 986 596 584 0 343 308 
702 701 603 904 485 432 447 31 872 435 622 786 878 667 346 574 811 72 337 788 594 875 324 706 415 952 218 396 23 226 375 189 209 586 878 337 898 286 657 866 562 17 499 354 244 515 139 343 0 528 
681 220 201 102 434 286 506 135 700 985 468 696 68 38 837 985 4 273 397 56 658 768 892 116 365 57 392 451 685 510 363 457 479 50 498 949 684 104 174 499 637 271 188 952 347 599 759 308 528 0 
