10
0 57 3 95 98 100 44 40 3 29 
57 0 4 1 82 48 39 60 52 36 
3 4 0 35 40 93 16 28 5 30 
95 1 35 0 50 65 86 30 44 36 
98 82 40 50 0 78 1 39 72 50 
100 48 93 65 78 0 90 68 89 93 
44 39 16 86 1 90 0 96 44 45 
40 60 28 30 39 68 96 0 30 91 
3 52 5 44 72 89 44 30 0 83 
29 36 30 36 50 93 45 91 83 0 
