30
0 39 674 828 846 217 43 40 298 844 996 555 676 722 494 531 801 502 396 743 873 74 645 663 372 86 97 100 344 933 
39 0 287 691 324 960 871 169 176 913 208 473 109 203 379 784 277 872 314 77 374 62 171 598 135 167 261 858 604 709 
674 287 0 957 300 994 244 342 317 555 212 837 731 477 45 555 585 599 286 368 227 157 34 655 882 447 177 832 933 695 
828 691 957 0 444 790 299 152 747 598 497 342 939 813 896 503 650 978 979 46 533 915 996 818 282 575 326 667 229 208 
846 324 300 444 0 113 758 391 45 452 834 835 750 337 933 699 834 274 638 998 169 492 647 147 470 44 31 384 392 848 
217 960 994 790 113 0 17 966 173 36 194 732 148 951 122 193 755 307 379 504 644 311 203 477 584 192 474 752 35 473 
43 871 244 299 758 17 0 250 504 868 280 239 259 479 607 224 4 642 770 735 142 72 209 334 826 515 712 330 510 22 
40 169 342 152 391 966 250 0 884 986 957 427 812 60 461 284 310 316 151 941 906 762 420 512 985 423 506 754 509 647 
298 176 317 747 45 173 504 884 0 826 717 332 651 584 395 332 93 416 567 431 724 993 242 783 453 877 92 120 379 33 
844 913 555 598 452 36 868 986 826 0 25 140 452 889 477 226 394 230 734 392 407 451 723 410 386 117 741 830 884 660 
996 208 212 497 834 194 280 957 717 25 0 260 607 652 853 741 457 81 833 576 812 217 953 951 20 841 427 245 586 9 
555 473 837 342 835 732 239 427 332 140 260 0 978 977 767 780 51 176 517 519 269 347 402 928 958 360 579 811 100 387 
676 109 731 939 750 148 259 812 651 452 607 978 0 243 284 963 54 852 267 357 223 107 783 467 692 143 797 20 910 928 
722 203 477 813 337 951 479 60 584 889 652 977 243 0 70 85 445 588 353 143 341 632 100 52 211 262 503 597 505 787 
494 379 45 896 933 122 607 461 395 477 853 767 284 70 0 911 558 990 177 914 213 635 49 31 678 191 179 697 452 459 
531 784 555 503 699 193 224 284 332 226 741 780 963 85 911 0 766 889 903 705 241 45 397 873 496 448 435 758 951 383 
801 277 585 650 834 755 4 310 93 394 457 51 54 445 558 766 0 262 89 646 171 430 174 437 642 161 485 25 838 27 
502 872 599 978 274 307 642 316 416 230 81 176 852 588 990 889 262 0 555 535 479 13 652 367 267 357 959 663 105 183 
396 314 286 979 638 379 770 151 567 734 833 517 267 353 177 903 89 555 0 159 553 969 268 855 704 529 943 349 51 372 
743 77 368 46 998 504 735 941 431 392 576 519 357 143 914 705 646 535 159 0 874 487 366 34 971 742 872 350 296 758 
873 374 227 533 169 644 142 906 724 407 812 269 223 341 213 241 171 479 553 874 0 828 661 409 546 927 117 856 590 222 
74 62 157 915 492 311 72 762 993 451 217 347 107 632 635 45 430 13 969 487 828 0 391 100 126 359 367 980 62 247 
645 171 34 996 647 203 209 420 242 723 953 402 783 100 49 397 174 652 268 366 661 391 0 922 762 297 645 988 784 10 
663 598 655 818 147 477 334 512 783 410 951 928 467 52 31 873 437 367 855 34 409 100 922 0 21 106 103 244 455 751 
372 135 882 282 470 584 826 985 453 386 20 958 692 211 678 496 642 267 704 971 546 126 762 21 0 1 634 411 410 179 
86 167 447 575 44 192 515 423 877 117 841 360 143 262 191 448 161 357 529 742 927 359 297 106 1 0 337 526 387 278 
97 261 177 326 31 474 712 506 92 741 427 579 797 503 179 435 485 959 943 872 117 367 645 103 634 337 0 99 777 377 
100 858 832 667 384 752 330 754 120 830 245 811 20 597 697 758 25 663 349 350 856 980 988 244 411 526 99 0 224 135 
344 604 933 229 392 35 510 509 379 884 586 100 910 505 452 951 838 105 51 296 590 62 784 455 410 387 777 224 0 95 
933 709 695 208 848 473 22 647 33 660 9 387 928 787 459 383 27 183 372 758 222 247 10 751 179 278 377 135 95 0 
