20
0 287 595 348 954 433 978 138 131 248 790 516 571 288 206 539 710 399 418 216 
287 0 885 513 92 682 141 323 741 27 347 418 106 822 56 701 169 10 485 499 
595 885 0 499 615 746 289 482 317 928 39 207 637 789 976 204 25 488 647 58 
348 513 499 0 629 970 798 655 668 568 112 489 623 812 10 984 648 508 483 614 
954 92 615 629 0 605 123 95 921 402 485 479 38 273 454 593 297 942 239 355 
433 682 746 970 605 0 922 560 152 928 228 71 39 68 694 203 429 29 850 936 
978 141 289 798 123 922 0 511 816 893 985 910 165 386 747 644 775 19 449 367 
138 323 482 655 95 560 511 0 316 742 958 22 663 869 525 942 96 596 981 516 
131 741 317 668 921 152 816 316 0 641 183 944 669 384 232 532 199 124 868 461 
248 27 928 568 402 928 893 742 641 0 640 254 207 283 28 225 732 747 892 825 
790 347 39 112 485 228 985 958 183 640 0 704 265 488 924 790 429 372 737 761 
516 418 207 489 479 71 910 22 944 254 704 0 887 377 943 182 397 679 765 280 
571 106 637 623 38 39 165 663 669 207 265 887 0 877 240 148 337 880 753 895 
288 822 789 812 273 68 386 869 384 283 488 377 877 0 162 132 120 245 878 363 
206 56 976 10 454 694 747 525 232 28 924 943 240 162 0 70 933 628 909 857 
539 701 204 984 593 203 644 942 532 225 790 182 148 132 70 0 769 689 228 505 
710 169 25 648 297 429 775 96 199 732 429 397 337 120 933 769 0 450 466 233 
399 10 488 508 942 29 19 596 124 747 372 679 880 245 628 689 450 0 744 647 
418 485 647 483 239 850 449 981 868 892 737 765 753 878 909 228 466 744 0 981 
216 499 58 614 355 936 367 516 461 825 761 280 895 363 857 505 233 647 981 0 
