10
0 41 42 70 27 33 62 43 61 18 
41 0 24 62 82 10 91 26 97 68 
42 24 0 78 35 91 27 25 58 15 
70 62 78 0 69 6 59 13 87 1 
27 82 35 69 0 47 27 95 17 53 
33 10 91 6 47 0 79 30 47 91 
62 91 27 59 27 79 0 48 71 52 
43 26 25 13 95 30 48 0 81 32 
61 97 58 87 17 47 71 81 0 94 
18 68 15 1 53 91 52 32 94 0 
