40
0 617 30 44 231 839 67 990 784 463 833 383 614 336 325 442 656 19 19 426 939 843 340 480 101 318 414 614 50 546 206 325 515 235 368 97 425 786 86 209 
617 0 600 271 943 214 606 267 7 613 637 25 390 928 867 730 759 968 47 172 581 448 70 786 772 936 372 491 32 797 277 470 357 228 740 299 793 345 918 799 
30 600 0 309 906 823 698 833 690 427 592 9 826 115 941 273 536 727 397 471 450 887 503 598 515 972 954 95 63 605 887 759 874 38 67 779 212 116 964 253 
44 271 309 0 895 907 261 720 21 202 344 909 280 740 379 81 979 233 679 493 556 984 587 618 940 826 376 813 215 794 592 426 910 907 31 804 813 291 875 833 
231 943 906 895 0 844 570 741 475 662 472 556 640 704 234 484 260 569 423 229 509 600 605 321 814 398 264 591 659 170 621 814 982 264 40 167 107 610 259 582 
839 214 823 907 844 0 623 730 489 614 786 74 97 397 642 871 625 150 470 581 823 283 979 86 226 637 608 846 803 589 109 842 107 216 451 366 149 425 447 989 
67 606 698 261 570 623 0 38 232 62 487 980 703 357 605 205 827 537 27 461 515 112 686 504 719 884 306 660 992 147 766 559 950 483 59 374 930 47 764 513 
990 267 833 720 741 730 38 0 460 250 845 163 606 801 719 784 337 745 597 204 208 634 707 279 517 364 938 509 862 55 419 163 538 478 889 819 876 652 683 336 
784 7 690 21 475 489 232 460 0 901 527 850 858 327 568 994 16 312 590 219 871 223 925 149 92 640 438 952 853 845 370 16 382 199 904 552 75 555 586 410 
463 613 427 202 662 614 62 250 901 0 807 465 259 664 143 178 9 158 841 598 376 711 173 652 212 264 291 649 567 496 493 936 511 226 487 414 129 561 320 715 
833 637 592 344 472 786 487 845 527 807 0 322 478 531 932 493 673 109 502 831 301 451 206 11 623 210 574 238 852 575 804 347 419 92 857 645 578 622 125 138 
383 25 9 909 556 74 980 163 850 465 322 0 293 191 811 770 721 742 615 394 850 116 224 150 566 781 512 541 990 438 778 842 12 934 540 430 25 397 426 602 
614 390 826 280 640 97 703 606 858 259 478 293 0 370 551 91 15 741 901 136 814 642 750 207 843 865 782 344 783 914 207 323 904 644 452 97 655 385 988 85 
336 928 115 740 704 397 357 801 327 664 531 191 370 0 761 736 510 362 106 412 804 120 505 56 255 318 49 5 876 243 221 9 586 355 922 145 29 177 140 481 
325 867 941 379 234 642 605 719 568 143 932 811 551 761 0 625 795 217 613 231 978 348 92 691 453 504 495 924 360 902 531 677 951 887 904 193 459 912 131 814 
442 730 273 81 484 871 205 784 994 178 493 770 91 736 625 0 833 627 842 10 766 674 634 560 891 598 142 220 946 234 910 750 89 756 674 448 658 556 476 960 
656 759 536 979 260 625 827 337 16 9 673 721 15 510 795 833 0 442 379 504 900 290 634 65 474 612 259 483 378 932 469 937 174 66 431 393 11 16 655 113 
19 968 727 233 569 150 537 745 312 158 109 742 741 362 217 627 442 0 104 762 138 903 771 693 378 730 134 108 586 385 397 219 450 870 831 708 705 560 991 173 
19 47 397 679 423 470 27 597 590 841 502 615 901 106 613 842 379 104 0 848 165 590 278 909 953 293 915 65 748 677 202 650 799 894 379 529 379 486 114 763 
426 172 471 493 229 581 461 204 219 598 831 394 136 412 231 10 504 762 848 0 234 684 564 104 866 271 160 425 262 332 273 778 273 902 38 225 195 305 641 942 
939 581 450 556 509 823 515 208 871 376 301 850 814 804 978 766 900 138 165 234 0 333 842 944 131 87 322 11 817 160 124 580 393 160 495 848 377 766 7 154 
843 448 887 984 600 283 112 634 223 711 451 116 642 120 348 674 290 903 590 684 333 0 379 690 778 508 963 679 545 187 225 849 180 519 533 21 462 664 460 135 
340 70 503 587 605 979 686 707 925 173 206 224 750 505 92 634 634 771 278 564 842 379 0 674 276 646 150 207 39 661 702 886 37 819 893 542 197 582 319 704 
480 786 598 618 321 86 504 279 149 652 11 150 207 56 691 560 65 693 909 104 944 690 674 0 896 350 600 83 574 801 614 92 333 634 905 996 445 392 22 721 
101 772 515 940 814 226 719 517 92 212 623 566 843 255 453 891 474 378 953 866 131 778 276 896 0 389 171 279 427 831 332 665 867 150 909 761 698 842 79 753 
318 936 972 826 398 637 884 364 640 264 210 781 865 318 504 598 612 730 293 271 87 508 646 350 389 0 738 428 353 172 354 505 785 797 189 770 54 185 215 797 
414 372 954 376 264 608 306 938 438 291 574 512 782 49 495 142 259 134 915 160 322 963 150 600 171 738 0 206 287 185 728 565 964 558 897 628 776 398 536 536 
614 491 95 813 591 846 660 509 952 649 238 541 344 5 924 220 483 108 65 425 11 679 207 83 279 428 206 0 96 377 967 848 114 394 552 637 99 56 421 896 
50 32 63 215 659 803 992 862 853 567 852 990 783 876 360 946 378 586 748 262 817 545 39 574 427 353 287 96 0 245 191 301 781 405 97 338 43 281 65 607 
546 797 605 794 170 589 147 55 845 496 575 438 914 243 902 234 932 385 677 332 160 187 661 801 831 172 185 377 245 0 244 974 855 223 749 253 758 285 700 487 
206 277 887 592 621 109 766 419 370 493 804 778 207 221 531 910 469 397 202 273 124 225 702 614 332 354 728 967 191 244 0 251 547 952 996 99 589 447 154 361 
325 470 759 426 814 842 559 163 16 936 347 842 323 9 677 750 937 219 650 778 580 849 886 92 665 505 565 848 301 974 251 0 342 750 551 642 530 307 90 219 
515 357 874 910 982 107 950 538 382 511 419 12 904 586 951 89 174 450 799 273 393 180 37 333 867 785 964 114 781 855 547 342 0 349 370 283 308 966 256 162 
235 228 38 907 264 216 483 478 199 226 92 934 644 355 887 756 66 870 894 902 160 519 819 634 150 797 558 394 405 223 952 750 349 0 188 357 766 946 993 465 
368 740 67 31 40 451 59 889 904 487 857 540 452 922 904 674 431 831 379 38 495 533 893 905 909 189 897 552 97 749 996 551 370 188 0 784 243 364 735 590 
97 299 779 804 167 366 374 819 552 414 645 430 97 145 193 448 393 708 529 225 848 21 542 996 761 770 628 637 338 253 99 642 283 357 784 0 462 675 36 967 
425 793 212 813 107 149 930 876 75 129 578 25 655 29 459 658 11 705 379 195 377 462 197 445 698 54 776 99 43 758 589 530 308 766 243 462 0 36 729 69 
786 345 116 291 610 425 47 652 555 561 622 397 385 177 912 556 16 560 486 305 766 664 582 392 842 185 398 56 281 285 447 307 966 946 364 675 36 0 586 722 
86 918 964 875 259 447 764 683 586 320 125 426 988 140 131 476 655 991 114 641 7 460 319 22 79 215 536 421 65 700 154 90 256 993 735 36 729 586 0 950 
209 799 253 833 582 989 513 336 410 715 138 602 85 481 814 960 113 173 763 942 154 135 704 721 753 797 536 896 607 487 361 219 162 465 590 967 69 722 950 0 
