60
0 347 744 593 715 504 301 675 107 556 488 8 974 313 694 113 785 693 242 637 734 45 968 904 27 700 587 838 558 462 159 195 808 254 140 874 757 440 901 216 347 740 223 673 52 269 785 837 961 378 825 694 422 793 597 448 492 536 638 402 
347 0 349 148 948 157 401 87 382 510 879 282 725 225 22 947 897 425 567 33 613 527 410 438 573 184 230 521 631 73 408 620 474 757 767 422 265 168 860 646 29 90 928 753 667 949 699 563 725 266 948 338 144 357 775 716 540 4 237 523 
744 349 0 428 644 494 902 752 261 675 16 780 886 662 808 976 941 912 642 241 610 556 965 227 855 302 723 212 76 438 103 431 26 977 859 670 471 112 773 83 138 789 214 23 450 373 998 390 284 991 630 245 899 946 824 753 248 546 316 675 
593 148 428 0 983 771 106 9 747 316 30 569 779 802 3 916 942 216 938 391 940 288 132 575 630 113 820 528 59 995 633 658 540 948 332 874 718 789 234 817 456 615 737 234 769 740 149 710 307 439 453 247 726 584 821 355 49 992 235 459 
715 948 644 983 0 338 867 468 877 166 151 103 236 292 336 52 747 951 788 333 719 879 833 428 186 271 880 432 348 816 604 55 216 948 641 26 285 507 493 514 24 995 616 259 286 951 662 33 253 802 717 323 680 549 751 217 172 982 1000 519 
504 157 494 771 338 0 149 604 925 716 903 565 93 539 71 937 52 447 932 667 57 217 970 719 601 222 872 317 545 903 218 647 120 389 980 119 907 481 74 832 548 328 396 641 867 819 577 918 617 860 937 673 77 258 391 29 831 614 698 375 
301 401 902 106 867 149 0 517 915 373 988 303 705 458 561 185 532 744 732 211 140 724 77 310 301 347 926 160 635 950 588 892 341 969 722 306 666 449 174 580 173 161 234 877 619 794 61 502 538 145 64 29 868 141 690 520 839 967 32 473 
675 87 752 9 468 604 517 0 916 971 716 608 939 789 914 604 237 87 535 410 600 768 286 570 914 699 423 803 195 486 831 414 626 520 934 816 838 317 640 753 287 355 361 226 496 626 181 732 64 68 493 663 187 131 232 100 829 654 902 23 
107 382 261 747 877 925 915 916 0 140 84 436 117 955 721 285 792 37 924 545 676 631 257 253 126 234 433 209 297 852 702 312 39 832 543 490 12 549 392 386 40 827 821 508 782 894 792 573 282 68 469 957 698 77 209 175 310 994 383 607 
556 510 675 316 166 716 373 971 140 0 845 436 918 235 267 812 725 278 712 468 663 103 294 836 963 427 81 754 1000 362 173 820 319 222 249 879 396 558 872 131 516 69 566 785 303 185 949 27 814 12 846 829 115 140 16 77 566 96 182 917 
488 879 16 30 151 903 988 716 84 845 0 457 355 89 127 928 337 6 676 894 229 158 762 297 75 546 600 259 846 978 425 858 824 253 972 315 268 400 232 715 581 149 523 287 589 650 567 925 7 242 818 587 399 931 884 473 829 835 84 674 
8 282 780 569 103 565 303 608 436 436 457 0 164 508 531 339 112 854 653 731 253 237 445 186 385 319 824 973 320 742 249 326 983 418 913 733 349 148 206 177 982 641 202 497 148 733 836 611 938 840 341 543 76 137 80 812 455 255 136 775 
974 725 886 779 236 93 705 939 117 918 355 164 0 997 384 452 979 802 716 712 150 863 269 678 196 909 879 693 408 963 528 18 901 367 358 795 443 846 874 254 652 128 390 426 124 125 230 455 926 945 518 427 808 786 104 3 46 335 47 453 
313 225 662 802 292 539 458 789 955 235 89 508 997 0 297 926 470 549 645 179 343 439 24 568 44 675 696 433 453 171 910 682 625 835 626 494 262 785 279 717 140 324 403 186 128 700 464 597 600 108 127 943 546 502 510 589 529 557 374 981 
694 22 808 3 336 71 561 914 721 267 127 531 384 297 0 728 283 14 704 469 991 198 730 776 828 799 267 504 201 804 631 252 267 580 852 374 58 146 919 560 7 508 88 564 881 420 643 515 785 698 983 775 247 65 902 75 863 168 930 415 
113 947 976 916 52 937 185 604 285 812 928 339 452 926 728 0 972 912 667 238 843 870 964 901 15 882 460 21 741 899 936 621 670 578 487 454 276 470 580 522 534 482 948 748 1 229 162 324 141 180 914 335 401 877 235 415 758 46 788 499 
785 897 941 942 747 52 532 237 792 725 337 112 979 470 283 972 0 944 723 471 965 653 958 418 928 779 998 801 312 831 101 59 831 329 572 155 821 104 68 156 856 944 742 271 53 788 410 903 83 484 374 48 136 683 465 415 461 814 568 124 
693 425 912 216 951 447 744 87 37 278 6 854 802 549 14 912 944 0 644 668 534 475 348 457 981 169 912 400 676 768 695 417 390 747 556 799 650 639 634 375 38 770 409 854 536 221 668 103 344 311 122 229 137 470 685 469 990 597 868 17 
242 567 642 938 788 932 732 535 924 712 676 653 716 645 704 667 723 644 0 716 562 433 105 309 989 903 310 979 888 36 16 657 444 869 193 664 888 647 359 551 769 939 687 590 623 508 579 571 375 595 286 289 379 742 949 719 996 258 49 884 
637 33 241 391 333 667 211 410 545 468 894 731 712 179 469 238 471 668 716 0 645 64 540 88 285 84 103 172 731 813 722 851 751 761 440 725 268 18 648 994 964 285 282 694 27 230 413 22 487 461 905 483 877 797 570 513 232 24 684 314 
734 613 610 940 719 57 140 600 676 663 229 253 150 343 991 843 965 534 562 645 0 836 758 164 938 870 603 663 137 972 310 482 287 946 764 981 972 993 745 346 832 557 602 314 785 398 236 297 982 259 333 295 447 90 459 384 311 413 398 447 
45 527 556 288 879 217 724 768 631 103 158 237 863 439 198 870 653 475 433 64 836 0 737 707 280 23 5 43 355 976 36 451 321 219 8 923 884 792 672 119 441 5 378 773 300 176 214 110 559 524 874 957 322 610 15 601 985 19 644 339 
968 410 965 132 833 970 77 286 257 294 762 445 269 24 730 964 958 348 105 540 758 737 0 995 31 790 667 601 149 941 484 292 965 603 732 969 332 504 268 507 69 729 65 592 603 373 265 564 388 866 548 406 861 239 752 243 380 771 843 528 
904 438 227 575 428 719 310 570 253 836 297 186 678 568 776 901 418 457 309 88 164 707 995 0 711 678 819 27 280 903 996 963 406 615 469 475 344 886 418 298 258 683 861 645 900 761 403 112 999 506 354 730 276 548 257 339 225 427 365 505 
27 573 855 630 186 601 301 914 126 963 75 385 196 44 828 15 928 981 989 285 938 280 31 711 0 329 712 467 87 327 288 913 22 173 682 319 782 364 531 779 615 291 181 726 641 38 79 370 666 626 978 4 851 757 720 707 437 784 525 523 
700 184 302 113 271 222 347 699 234 427 546 319 909 675 799 882 779 169 903 84 870 23 790 678 329 0 110 164 787 131 336 469 801 470 184 331 248 799 622 780 524 614 817 603 984 482 580 313 837 782 69 909 840 858 692 717 732 153 880 519 
587 230 723 820 880 872 926 423 433 81 600 824 879 696 267 460 998 912 310 103 603 5 667 819 712 110 0 283 568 987 435 37 170 765 284 320 738 63 844 352 879 798 687 713 377 351 901 159 772 809 350 629 852 66 360 4 946 878 286 513 
838 521 212 528 432 317 160 803 209 754 259 973 693 433 504 21 801 400 979 172 663 43 601 27 467 164 283 0 216 72 549 738 837 184 57 574 246 900 277 476 697 315 188 426 666 89 936 437 249 285 65 101 351 776 104 648 6 742 512 221 
558 631 76 59 348 545 635 195 297 1000 846 320 408 453 201 741 312 676 888 731 137 355 149 280 87 787 568 216 0 813 60 310 1 595 719 927 840 970 203 667 19 518 855 444 535 295 379 971 895 15 387 995 717 514 451 364 519 544 875 92 
462 73 438 995 816 903 950 486 852 362 978 742 963 171 804 899 831 768 36 813 972 976 941 903 327 131 987 72 813 0 356 286 753 357 880 471 635 71 441 837 738 459 706 944 254 592 590 984 914 484 998 300 831 715 166 281 430 684 824 657 
159 408 103 633 604 218 588 831 702 173 425 249 528 910 631 936 101 695 16 722 310 36 484 996 288 336 435 549 60 356 0 127 531 942 880 239 174 350 873 244 790 62 333 600 767 628 853 359 217 836 272 53 186 924 883 252 441 515 681 124 
195 620 431 658 55 647 892 414 312 820 858 326 18 682 252 621 59 417 657 851 482 451 292 963 913 469 37 738 310 286 127 0 690 337 603 572 631 482 811 804 831 683 399 973 744 84 572 863 711 777 573 280 964 196 332 149 471 566 400 911 
808 474 26 540 216 120 341 626 39 319 824 983 901 625 267 670 831 390 444 751 287 321 965 406 22 801 170 837 1 753 531 690 0 432 433 387 473 121 989 44 751 470 854 554 652 889 305 624 984 388 548 846 450 676 770 81 639 966 764 788 
254 757 977 948 948 389 969 520 832 222 253 418 367 835 580 578 329 747 869 761 946 219 603 615 173 470 765 184 595 357 942 337 432 0 436 681 539 699 112 323 85 584 444 73 628 194 894 833 100 545 721 756 521 705 495 68 902 944 95 672 
140 767 859 332 641 980 722 934 543 249 972 913 358 626 852 487 572 556 193 440 764 8 732 469 682 184 284 57 719 880 880 603 433 436 0 25 733 637 140 872 424 821 411 474 932 733 558 868 176 982 847 722 227 679 821 124 752 928 644 808 
874 422 670 874 26 119 306 816 490 879 315 733 795 494 374 454 155 799 664 725 981 923 969 475 319 331 320 574 927 471 239 572 387 681 25 0 422 63 709 365 157 380 741 889 368 881 761 144 53 523 617 984 607 527 203 135 860 49 856 439 
757 265 471 718 285 907 666 838 12 396 268 349 443 262 58 276 821 650 888 268 972 884 332 344 782 248 738 246 840 635 174 631 473 539 733 422 0 80 28 562 183 955 205 990 376 619 698 92 775 430 185 15 149 65 127 644 117 649 613 452 
440 168 112 789 507 481 449 317 549 558 400 148 846 785 146 470 104 639 647 18 993 792 504 886 364 799 63 900 970 71 350 482 121 699 637 63 80 0 608 139 7 742 350 407 597 788 486 624 349 20 930 905 9 305 523 59 748 649 840 932 
901 860 773 234 493 74 174 640 392 872 232 206 874 279 919 580 68 634 359 648 745 672 268 418 531 622 844 277 203 441 873 811 989 112 140 709 28 608 0 664 340 348 142 984 816 791 596 268 750 86 274 491 435 680 87 575 518 62 923 889 
216 646 83 817 514 832 580 753 386 131 715 177 254 717 560 522 156 375 551 994 346 119 507 298 779 780 352 476 667 837 244 804 44 323 872 365 562 139 664 0 343 828 898 647 702 308 746 351 147 678 366 838 25 507 821 841 649 416 460 398 
347 29 138 456 24 548 173 287 40 516 581 982 652 140 7 534 856 38 769 964 832 441 69 258 615 524 879 697 19 738 790 831 751 85 424 157 183 7 340 343 0 501 733 888 288 764 326 862 633 739 136 522 81 315 771 79 17 78 825 719 
740 90 789 615 995 328 161 355 827 69 149 641 128 324 508 482 944 770 939 285 557 5 729 683 291 614 798 315 518 459 62 683 470 584 821 380 955 742 348 828 501 0 576 502 436 413 526 942 586 718 943 1 177 692 854 261 932 493 25 257 
223 928 214 737 616 396 234 361 821 566 523 202 390 403 88 948 742 409 687 282 602 378 65 861 181 817 687 188 855 706 333 399 854 444 411 741 205 350 142 898 733 576 0 706 9 348 841 882 428 156 652 507 524 81 683 594 8 184 29 773 
673 753 23 234 259 641 877 226 508 785 287 497 426 186 564 748 271 854 590 694 314 773 592 645 726 603 713 426 444 944 600 973 554 73 474 889 990 407 984 647 888 502 706 0 61 322 358 779 264 710 955 308 915 216 239 759 592 847 464 952 
52 667 450 769 286 867 619 496 782 303 589 148 124 128 881 1 53 536 623 27 785 300 603 900 641 984 377 666 535 254 767 744 652 628 932 368 376 597 816 702 288 436 9 61 0 194 305 834 622 812 837 480 687 270 162 280 629 345 308 401 
269 949 373 740 951 819 794 626 894 185 650 733 125 700 420 229 788 221 508 230 398 176 373 761 38 482 351 89 295 592 628 84 889 194 733 881 619 788 791 308 764 413 348 322 194 0 757 629 110 535 245 172 842 552 438 57 790 197 1000 636 
785 699 998 149 662 577 61 181 792 949 567 836 230 464 643 162 410 668 579 413 236 214 265 403 79 580 901 936 379 590 853 572 305 894 558 761 698 486 596 746 326 526 841 358 305 757 0 660 951 182 964 784 803 127 973 282 813 242 795 92 
837 563 390 710 33 918 502 732 573 27 925 611 455 597 515 324 903 103 571 22 297 110 564 112 370 313 159 437 971 984 359 863 624 833 868 144 92 624 268 351 862 942 882 779 834 629 660 0 870 491 751 623 247 380 84 134 976 255 975 879 
961 725 284 307 253 617 538 64 282 814 7 938 926 600 785 141 83 344 375 487 982 559 388 999 666 837 772 249 895 914 217 711 984 100 176 53 775 349 750 147 633 586 428 264 622 110 951 870 0 693 383 668 889 382 655 548 332 836 864 468 
378 266 991 439 802 860 145 68 68 12 242 840 945 108 698 180 484 311 595 461 259 524 866 506 626 782 809 285 15 484 836 777 388 545 982 523 430 20 86 678 739 718 156 710 812 535 182 491 693 0 990 342 440 623 155 33 417 598 254 259 
825 948 630 453 717 937 64 493 469 846 818 341 518 127 983 914 374 122 286 905 333 874 548 354 978 69 350 65 387 998 272 573 548 721 847 617 185 930 274 366 136 943 652 955 837 245 964 751 383 990 0 349 876 506 80 960 991 55 566 965 
694 338 245 247 323 673 29 663 957 829 587 543 427 943 775 335 48 229 289 483 295 957 406 730 4 909 629 101 995 300 53 280 846 756 722 984 15 905 491 838 522 1 507 308 480 172 784 623 668 342 349 0 285 258 347 304 498 728 958 398 
422 144 899 726 680 77 868 187 698 115 399 76 808 546 247 401 136 137 379 877 447 322 861 276 851 840 852 351 717 831 186 964 450 521 227 607 149 9 435 25 81 177 524 915 687 842 803 247 889 440 876 285 0 411 146 261 230 487 954 21 
793 357 946 584 549 258 141 131 77 140 931 137 786 502 65 877 683 470 742 797 90 610 239 548 757 858 66 776 514 715 924 196 676 705 679 527 65 305 680 507 315 692 81 216 270 552 127 380 382 623 506 258 411 0 110 108 53 878 58 659 
597 775 824 821 751 391 690 232 209 16 884 80 104 510 902 235 465 685 949 570 459 15 752 257 720 692 360 104 451 166 883 332 770 495 821 203 127 523 87 821 771 854 683 239 162 438 973 84 655 155 80 347 146 110 0 137 406 886 994 837 
448 716 753 355 217 29 520 100 175 77 473 812 3 589 75 415 415 469 719 513 384 601 243 339 707 717 4 648 364 281 252 149 81 68 124 135 644 59 575 841 79 261 594 759 280 57 282 134 548 33 960 304 261 108 137 0 845 984 243 763 
492 540 248 49 172 831 839 829 310 566 829 455 46 529 863 758 461 990 996 232 311 985 380 225 437 732 946 6 519 430 441 471 639 902 752 860 117 748 518 649 17 932 8 592 629 790 813 976 332 417 991 498 230 53 406 845 0 300 527 20 
536 4 546 992 982 614 967 654 994 96 835 255 335 557 168 46 814 597 258 24 413 19 771 427 784 153 878 742 544 684 515 566 966 944 928 49 649 649 62 416 78 493 184 847 345 197 242 255 836 598 55 728 487 878 886 984 300 0 646 830 
638 237 316 235 1000 698 32 902 383 182 84 136 47 374 930 788 568 868 49 684 398 644 843 365 525 880 286 512 875 824 681 400 764 95 644 856 613 840 923 460 825 25 29 464 308 1000 795 975 864 254 566 958 954 58 994 243 527 646 0 870 
402 523 675 459 519 375 473 23 607 917 674 775 453 981 415 499 124 17 884 314 447 339 528 505 523 519 513 221 92 657 124 911 788 672 808 439 452 932 889 398 719 257 773 952 401 636 92 879 468 259 965 398 21 659 837 763 20 830 870 0 
