20
0 70 76 81 84 28 21 25 10 75 89 100 81 71 39 53 33 26 77 83 
70 0 52 99 72 64 71 48 58 33 92 35 42 22 4 17 54 39 97 27 
76 52 0 64 6 53 4 58 33 27 96 37 59 21 13 93 24 63 65 39 
81 99 64 0 33 64 49 66 8 83 59 29 38 28 34 76 24 60 91 29 
84 72 6 33 0 12 47 86 96 73 33 32 83 6 97 76 29 59 40 20 
28 64 53 64 12 0 44 55 68 61 62 2 71 42 39 98 76 14 21 87 
21 71 4 49 47 44 0 57 2 99 3 39 46 75 24 30 57 29 26 32 
25 48 58 66 86 55 57 0 9 36 23 80 31 78 47 91 91 48 14 33 
10 58 33 8 96 68 2 9 0 38 11 8 52 84 94 8 37 44 10 27 
75 33 27 83 73 61 99 36 38 0 90 36 50 19 92 78 96 24 39 31 
89 92 96 59 33 62 3 23 11 90 0 98 18 14 75 17 56 66 16 69 
100 35 37 29 32 2 39 80 8 36 98 0 50 54 80 57 57 15 2 16 
81 42 59 38 83 71 46 31 52 50 18 50 0 51 98 77 77 39 12 27 
71 22 21 28 6 42 75 78 84 19 14 54 51 0 9 3 56 4 78 94 
39 4 13 34 97 39 24 47 94 92 75 80 98 9 0 86 76 12 99 2 
53 17 93 76 76 98 30 91 8 78 17 57 77 3 86 0 28 7 19 43 
33 54 24 24 29 76 57 91 37 96 56 57 77 56 76 28 0 75 68 48 
26 39 63 60 59 14 29 48 44 24 66 15 39 4 12 7 75 0 54 24 
77 97 65 91 40 21 26 14 10 39 16 2 12 78 99 19 68 54 0 4 
83 27 39 29 20 87 32 33 27 31 69 16 27 94 2 43 48 24 4 0 
