70
0 835 610 266 945 516 225 971 595 834 737 738 177 821 765 493 107 17 376 203 155 129 652 793 828 248 29 648 952 437 763 962 271 725 579 215 592 804 537 186 989 274 924 165 446 40 9 905 408 384 107 563 512 758 355 339 5 735 338 309 171 101 270 794 177 200 8 768 355 545 
835 0 954 343 170 229 859 967 268 867 871 675 250 329 589 114 438 295 804 795 30 494 103 552 594 724 345 122 923 705 889 630 601 842 324 770 70 183 88 689 49 959 716 651 287 304 764 77 951 919 871 980 412 973 883 357 48 228 478 322 932 367 951 532 560 275 653 982 457 740 
610 954 0 670 857 50 385 507 689 41 270 765 991 541 635 322 952 959 204 661 6 783 138 679 714 856 630 597 416 256 601 397 64 693 418 920 742 155 779 782 195 48 546 537 940 532 858 892 842 61 552 847 844 41 878 909 897 859 858 664 466 810 412 529 502 829 800 596 335 578 
266 343 670 0 377 529 978 275 417 917 158 274 160 1000 687 63 198 882 104 75 142 352 933 351 15 398 161 426 278 14 606 78 961 941 7 690 821 984 316 238 253 473 863 764 472 901 827 670 134 282 744 628 985 29 978 999 426 490 776 704 504 733 133 816 673 139 857 494 475 172 
945 170 857 377 0 83 79 645 297 842 116 198 20 137 683 301 881 310 285 909 288 635 686 777 762 389 632 495 873 800 519 364 656 12 838 828 446 268 472 743 109 939 292 129 76 974 781 308 284 418 216 571 52 253 699 166 642 683 660 514 482 178 229 137 542 66 316 339 333 139 
516 229 50 529 83 0 433 794 430 724 274 505 50 54 164 333 823 731 255 227 983 305 392 976 987 403 490 820 932 70 309 825 136 624 164 820 115 596 965 544 672 238 400 721 644 563 405 466 293 659 692 627 315 83 603 654 837 444 473 769 513 781 593 1000 757 108 820 871 56 136 
225 859 385 978 79 433 0 766 727 374 165 799 369 79 203 834 723 213 878 349 527 960 303 180 149 746 5 917 259 137 861 258 893 969 429 115 24 565 232 102 290 748 900 658 826 454 491 900 666 720 601 544 32 903 76 180 649 432 96 259 568 308 868 813 276 297 927 651 213 511 
971 967 507 275 645 794 766 0 752 502 258 3 159 436 456 1 335 473 721 287 369 752 190 796 283 190 227 730 800 146 37 667 958 665 315 885 315 527 395 419 28 4 773 538 439 229 891 126 53 963 412 773 66 601 920 348 142 498 77 941 644 113 960 601 777 274 837 444 801 583 
595 268 689 417 297 430 727 752 0 862 180 587 634 70 25 214 312 150 619 274 562 743 339 514 663 38 8 160 114 300 803 578 259 756 355 533 592 798 685 175 11 216 761 996 285 137 210 948 639 180 221 552 922 911 417 584 948 424 96 61 724 250 991 982 5 345 866 597 494 902 
834 867 41 917 842 724 374 502 862 0 123 856 118 235 851 754 723 412 702 361 591 274 912 513 185 329 448 484 104 543 545 827 145 887 161 149 231 378 97 76 280 571 931 397 805 133 502 528 545 555 240 135 829 152 999 13 832 447 496 935 341 392 114 485 278 626 986 860 3 434 
737 871 270 158 116 274 165 258 180 123 0 287 282 5 569 30 161 702 532 688 598 438 928 732 266 431 83 630 614 529 478 900 221 221 13 706 851 638 43 710 993 828 349 274 832 269 656 993 970 539 32 919 976 311 3 242 741 85 223 354 613 700 254 185 921 618 242 771 608 284 
738 675 765 274 198 505 799 3 587 856 287 0 832 600 112 180 225 295 449 232 639 770 770 671 41 98 333 43 691 74 127 913 779 91 613 384 275 533 354 517 655 313 152 486 264 615 18 488 910 818 72 548 939 193 570 979 290 903 373 980 328 851 893 458 941 857 842 568 389 547 
177 250 991 160 20 50 369 159 634 118 282 832 0 436 43 859 939 880 122 554 897 961 815 714 32 714 5 225 284 335 866 538 708 198 865 558 90 322 851 946 515 418 686 61 205 80 919 143 959 392 48 208 353 862 273 384 576 277 960 211 612 178 748 319 375 612 228 816 285 78 
821 329 541 1000 137 54 79 436 70 235 5 600 436 0 113 152 847 798 212 51 229 483 546 187 874 945 394 226 807 667 962 734 295 273 944 906 802 691 576 176 654 804 343 290 233 455 441 80 604 5 482 832 839 379 371 712 324 116 290 130 134 603 215 429 227 158 686 29 200 614 
765 589 635 687 683 164 203 456 25 851 569 112 43 113 0 556 205 769 899 494 1 705 287 80 309 291 562 492 129 940 214 192 263 330 833 744 815 435 958 595 14 467 281 42 666 246 597 222 14 847 716 14 552 354 446 212 996 359 55 124 298 269 667 913 950 500 8 764 286 318 
493 114 322 63 301 333 834 1 214 754 30 180 859 152 556 0 359 299 784 991 692 802 236 289 23 601 487 90 614 38 443 411 601 438 769 656 913 419 276 932 683 225 783 690 988 68 359 698 719 495 40 410 296 275 698 670 227 537 112 841 574 906 603 175 344 372 182 608 790 457 
107 438 952 198 881 823 723 335 312 723 161 225 939 847 205 359 0 539 472 681 321 513 20 741 224 70 459 718 109 868 365 736 918 386 962 454 497 154 379 403 757 905 98 128 86 705 269 894 596 92 574 268 956 946 360 179 15 818 896 475 38 612 210 307 998 172 112 494 325 842 
17 295 959 882 310 731 213 473 150 412 702 295 880 798 769 299 539 0 248 81 747 345 560 184 402 828 78 349 271 3 616 227 300 976 757 666 145 5 141 534 616 350 840 613 521 303 107 846 145 354 278 891 51 838 426 452 17 503 152 640 858 119 218 157 94 974 823 591 978 315 
376 804 204 104 285 255 878 721 619 702 532 449 122 212 899 784 472 248 0 124 594 664 316 206 537 618 664 734 762 370 363 4 420 200 430 223 569 284 374 208 141 492 425 650 938 398 824 880 728 138 355 321 153 670 526 41 640 542 774 401 911 137 757 682 688 186 904 256 469 629 
203 795 661 75 909 227 349 287 274 361 688 232 554 51 494 991 681 81 124 0 815 610 472 239 611 761 989 434 640 716 923 995 388 75 16 265 116 655 806 241 408 716 729 164 749 417 349 652 24 169 632 191 130 104 429 740 216 769 525 856 836 447 202 223 874 569 488 341 576 645 
155 30 6 142 288 983 527 369 562 591 598 639 897 229 1 692 321 747 594 815 0 581 335 713 662 498 461 78 198 465 453 718 96 643 848 551 424 939 119 544 464 974 380 910 527 954 135 447 793 475 374 438 56 708 502 717 205 962 146 754 778 950 472 226 593 671 776 368 609 894 
129 494 783 352 635 305 960 752 743 274 438 770 961 483 705 802 513 345 664 610 581 0 911 72 219 290 334 97 596 468 896 388 943 269 177 350 977 678 418 533 992 915 639 769 864 462 994 808 132 122 527 92 367 438 516 938 79 849 386 674 668 281 414 962 902 590 663 878 268 80 
652 103 138 933 686 392 303 190 339 912 928 770 815 546 287 236 20 560 316 472 335 911 0 762 611 346 400 379 562 213 725 369 344 846 896 788 564 685 303 501 763 503 887 789 522 519 202 484 420 791 146 649 410 578 763 20 275 514 751 836 727 475 557 422 320 452 209 235 488 863 
793 552 679 351 777 976 180 796 514 513 732 671 714 187 80 289 741 184 206 239 713 72 762 0 736 250 365 974 38 887 844 591 722 616 734 219 616 143 148 378 515 423 892 265 258 618 739 814 391 410 617 600 644 104 462 731 706 179 56 95 417 900 686 490 515 419 708 130 913 208 
828 594 714 15 762 987 149 283 663 185 266 41 32 874 309 23 224 402 537 611 662 219 611 736 0 860 427 630 751 43 239 720 133 53 110 894 21 61 538 477 875 620 182 405 676 276 821 575 313 662 441 83 721 922 996 928 781 774 557 883 169 796 954 301 200 64 195 572 476 84 
248 724 856 398 389 403 746 190 38 329 431 98 714 945 291 601 70 828 618 761 498 290 346 250 860 0 48 350 703 229 106 730 857 926 656 521 939 96 604 660 18 951 587 150 724 144 33 892 291 986 545 842 401 739 413 229 174 813 578 228 41 684 958 249 961 613 770 900 61 373 
29 345 630 161 632 490 5 227 8 448 83 333 5 394 562 487 459 78 664 989 461 334 400 365 427 48 0 559 78 323 145 579 398 640 963 642 282 949 186 475 701 276 240 929 801 52 859 28 92 894 985 693 206 950 462 105 10 186 15 439 860 512 17 609 503 980 250 137 280 787 
648 122 597 426 495 820 917 730 160 484 630 43 225 226 492 90 718 349 734 434 78 97 379 974 630 350 559 0 611 980 414 850 261 214 901 119 242 345 364 578 37 569 527 850 26 888 387 40 326 246 903 695 854 758 674 456 894 305 594 856 636 8 706 896 221 958 366 814 654 729 
952 923 416 278 873 932 259 800 114 104 614 691 284 807 129 614 109 271 762 640 198 596 562 38 751 703 78 611 0 392 690 650 918 891 675 158 277 66 483 874 969 177 80 78 202 887 971 506 480 826 494 487 883 389 60 841 107 873 494 187 264 536 836 534 778 510 691 407 576 525 
437 705 256 14 800 70 137 146 300 543 529 74 335 667 940 38 868 3 370 716 465 468 213 887 43 229 323 980 392 0 280 896 54 711 325 607 597 295 113 77 472 958 915 355 698 974 547 804 199 392 991 814 279 178 347 57 688 389 815 615 266 446 862 319 157 186 925 105 832 389 
763 889 601 606 519 309 861 37 803 545 478 127 866 962 214 443 365 616 363 923 453 896 725 844 239 106 145 414 690 280 0 533 303 698 448 9 396 773 907 199 323 299 541 137 929 719 835 337 758 576 151 724 841 597 937 511 105 122 787 561 305 176 94 959 873 893 968 620 17 226 
962 630 397 78 364 825 258 667 578 827 900 913 538 734 192 411 736 227 4 995 718 388 369 591 720 730 579 850 650 896 533 0 819 340 876 711 476 805 781 662 141 890 237 644 613 77 592 549 939 696 22 726 256 326 253 701 285 477 593 604 97 610 829 267 301 705 977 776 861 110 
271 601 64 961 656 136 893 958 259 145 221 779 708 295 263 601 918 300 420 388 96 943 344 722 133 857 398 261 918 54 303 819 0 437 1 999 26 644 964 102 235 512 393 282 886 118 890 563 722 590 847 198 535 802 294 144 631 912 444 687 241 571 547 350 359 899 700 384 895 663 
725 842 693 941 12 624 969 665 756 887 221 91 198 273 330 438 386 976 200 75 643 269 846 616 53 926 640 214 891 711 698 340 437 0 838 129 527 230 763 412 699 652 974 420 593 173 617 127 326 263 622 308 174 65 994 414 987 892 763 346 791 463 729 685 477 918 165 3 147 279 
579 324 418 7 838 164 429 315 355 161 13 613 865 944 833 769 962 757 430 16 848 177 896 734 110 656 963 901 675 325 448 876 1 838 0 766 845 930 92 616 875 616 233 1 941 495 623 249 20 39 594 434 378 486 548 723 276 362 803 312 839 73 828 193 219 107 959 416 388 402 
215 770 920 690 828 820 115 885 533 149 706 384 558 906 744 656 454 666 223 265 551 350 788 219 894 521 642 119 158 607 9 711 999 129 766 0 31 262 17 615 615 309 461 589 557 481 979 151 266 356 988 813 78 615 175 233 278 365 305 105 557 875 211 867 642 599 268 25 212 636 
592 70 742 821 446 115 24 315 592 231 851 275 90 802 815 913 497 145 569 116 424 977 564 616 21 939 282 242 277 597 396 476 26 527 845 31 0 639 826 945 452 414 853 932 393 355 549 748 342 361 178 308 887 762 585 251 418 690 808 292 900 26 934 850 294 958 62 281 948 887 
804 183 155 984 268 596 565 527 798 378 638 533 322 691 435 419 154 5 284 655 939 678 685 143 61 96 949 345 66 295 773 805 644 230 930 262 639 0 225 399 653 78 682 45 432 230 144 126 943 673 433 829 786 370 432 203 59 591 495 310 616 780 160 261 89 221 542 36 459 766 
537 88 779 316 472 965 232 395 685 97 43 354 851 576 958 276 379 141 374 806 119 418 303 148 538 604 186 364 483 113 907 781 964 763 92 17 826 225 0 787 111 195 820 507 979 402 3 456 696 675 240 524 813 609 955 15 667 897 509 977 513 288 488 773 376 708 314 764 166 432 
186 689 782 238 743 544 102 419 175 76 710 517 946 176 595 932 403 534 208 241 544 533 501 378 477 660 475 578 874 77 199 662 102 412 616 615 945 399 787 0 902 629 978 721 487 956 474 489 763 169 516 3 693 328 611 999 342 278 896 203 606 760 490 93 532 218 152 198 981 669 
989 49 195 253 109 672 290 28 11 280 993 655 515 654 14 683 757 616 141 408 464 992 763 515 875 18 701 37 969 472 323 141 235 699 875 615 452 653 111 902 0 981 882 297 958 954 784 266 428 624 28 596 139 30 640 466 641 991 160 270 886 362 875 997 203 319 528 420 470 77 
274 959 48 473 939 238 748 4 216 571 828 313 418 804 467 225 905 350 492 716 974 915 503 423 620 951 276 569 177 958 299 890 512 652 616 309 414 78 195 629 981 0 752 138 57 985 787 367 939 570 632 718 193 11 313 684 41 305 149 33 295 660 302 532 21 528 528 224 846 407 
924 716 546 863 292 400 900 773 761 931 349 152 686 343 281 783 98 840 425 729 380 639 887 892 182 587 240 527 80 915 541 237 393 974 233 461 853 682 820 978 882 752 0 995 667 484 747 804 892 731 590 258 21 511 241 738 56 252 403 739 292 707 239 676 1 899 329 532 271 856 
165 651 537 764 129 721 658 538 996 397 274 486 61 290 42 690 128 613 650 164 910 769 789 265 405 150 929 850 78 355 137 644 282 420 1 589 932 45 507 721 297 138 995 0 59 846 53 465 841 71 300 587 874 192 669 816 801 690 678 42 427 733 293 829 471 936 535 62 963 887 
446 287 940 472 76 644 826 439 285 805 832 264 205 233 666 988 86 521 938 749 527 864 522 258 676 724 801 26 202 698 929 613 886 593 941 557 393 432 979 487 958 57 667 59 0 960 291 418 582 146 828 428 550 645 268 620 944 206 845 487 874 12 288 563 690 329 342 422 973 522 
40 304 532 901 974 563 454 229 137 133 269 615 80 455 246 68 705 303 398 417 954 462 519 618 276 144 52 888 887 974 719 77 118 173 495 481 355 230 402 956 954 985 484 846 960 0 245 260 409 306 222 295 617 512 65 198 9 244 977 910 888 244 529 184 449 725 670 675 737 309 
9 764 858 827 781 405 491 891 210 502 656 18 919 441 597 359 269 107 824 349 135 994 202 739 821 33 859 387 971 547 835 592 890 617 623 979 549 144 3 474 784 787 747 53 291 245 0 589 426 989 282 199 313 804 443 572 564 100 145 858 68 8 274 266 16 870 594 277 757 838 
905 77 892 670 308 466 900 126 948 528 993 488 143 80 222 698 894 846 880 652 447 808 484 814 575 892 28 40 506 804 337 549 563 127 249 151 748 126 456 489 266 367 804 465 418 260 589 0 157 292 638 882 314 664 618 622 253 395 611 534 593 923 689 388 847 252 487 991 462 555 
408 951 842 134 284 293 666 53 639 545 970 910 959 604 14 719 596 145 728 24 793 132 420 391 313 291 92 326 480 199 758 939 722 326 20 266 342 943 696 763 428 939 892 841 582 409 426 157 0 351 735 172 718 604 765 995 713 954 151 356 944 32 669 959 1 291 211 395 901 97 
384 919 61 282 418 659 720 963 180 555 539 818 392 5 847 495 92 354 138 169 475 122 791 410 662 986 894 246 826 392 576 696 590 263 39 356 361 673 675 169 624 570 731 71 146 306 989 292 351 0 340 175 137 727 373 389 213 364 850 119 714 936 642 431 892 407 777 956 712 928 
107 871 552 744 216 692 601 412 221 240 32 72 48 482 716 40 574 278 355 632 374 527 146 617 441 545 985 903 494 991 151 22 847 622 594 988 178 433 240 516 28 632 590 300 828 222 282 638 735 340 0 311 7 311 980 966 312 622 528 58 874 976 397 48 113 475 421 853 688 136 
563 980 847 628 571 627 544 773 552 135 919 548 208 832 14 410 268 891 321 191 438 92 649 600 83 842 693 695 487 814 724 726 198 308 434 813 308 829 524 3 596 718 258 587 428 295 199 882 172 175 311 0 702 158 201 989 800 631 232 558 760 187 621 687 850 628 997 181 945 660 
512 412 844 985 52 315 32 66 922 829 976 939 353 839 552 296 956 51 153 130 56 367 410 644 721 401 206 854 883 279 841 256 535 174 378 78 887 786 813 693 139 193 21 874 550 617 313 314 718 137 7 702 0 802 472 70 675 800 818 722 912 293 494 764 332 629 817 489 181 157 
758 973 41 29 253 83 903 601 911 152 311 193 862 379 354 275 946 838 670 104 708 438 578 104 922 739 950 758 389 178 597 326 802 65 486 615 762 370 609 328 30 11 511 192 645 512 804 664 604 727 311 158 802 0 640 164 389 197 923 927 170 609 776 149 957 308 93 969 109 916 
355 883 878 978 699 603 76 920 417 999 3 570 273 371 446 698 360 426 526 429 502 516 763 462 996 413 462 674 60 347 937 253 294 994 548 175 585 432 955 611 640 313 241 669 268 65 443 618 765 373 980 201 472 640 0 390 783 715 207 505 978 499 350 741 182 331 909 671 511 66 
339 357 909 999 166 654 180 348 584 13 242 979 384 712 212 670 179 452 41 740 717 938 20 731 928 229 105 456 841 57 511 701 144 414 723 233 251 203 15 999 466 684 738 816 620 198 572 622 995 389 966 989 70 164 390 0 662 674 454 211 596 732 380 556 860 528 513 167 620 833 
5 48 897 426 642 837 649 142 948 832 741 290 576 324 996 227 15 17 640 216 205 79 275 706 781 174 10 894 107 688 105 285 631 987 276 278 418 59 667 342 641 41 56 801 944 9 564 253 713 213 312 800 675 389 783 662 0 276 887 222 58 602 428 914 579 279 616 672 460 946 
735 228 859 490 683 444 432 498 424 447 85 903 277 116 359 537 818 503 542 769 962 849 514 179 774 813 186 305 873 389 122 477 912 892 362 365 690 591 897 278 991 305 252 690 206 244 100 395 954 364 622 631 800 197 715 674 276 0 580 482 456 645 144 130 450 354 77 534 85 633 
338 478 858 776 660 473 96 77 96 496 223 373 960 290 55 112 896 152 774 525 146 386 751 56 557 578 15 594 494 815 787 593 444 763 803 305 808 495 509 896 160 149 403 678 845 977 145 611 151 850 528 232 818 923 207 454 887 580 0 393 612 497 559 583 329 186 469 902 596 422 
309 322 664 704 514 769 259 941 61 935 354 980 211 130 124 841 475 640 401 856 754 674 836 95 883 228 439 856 187 615 561 604 687 346 312 105 292 310 977 203 270 33 739 42 487 910 858 534 356 119 58 558 722 927 505 211 222 482 393 0 681 509 1 311 124 672 771 421 603 604 
171 932 466 504 482 513 568 644 724 341 613 328 612 134 298 574 38 858 911 836 778 668 727 417 169 41 860 636 264 266 305 97 241 791 839 557 900 616 513 606 886 295 292 427 874 888 68 593 944 714 874 760 912 170 978 596 58 456 612 681 0 877 248 747 358 49 452 434 582 536 
101 367 810 733 178 781 308 113 250 392 700 851 178 603 269 906 612 119 137 447 950 281 475 900 796 684 512 8 536 446 176 610 571 463 73 875 26 780 288 760 362 660 707 733 12 244 8 923 32 936 976 187 293 609 499 732 602 645 497 509 877 0 418 974 499 914 885 81 594 422 
270 951 412 133 229 593 868 960 991 114 254 893 748 215 667 603 210 218 757 202 472 414 557 686 954 958 17 706 836 862 94 829 547 729 828 211 934 160 488 490 875 302 239 293 288 529 274 689 669 642 397 621 494 776 350 380 428 144 559 1 248 418 0 902 847 17 323 528 878 323 
794 532 529 816 137 1000 813 601 982 485 185 458 319 429 913 175 307 157 682 223 226 962 422 490 301 249 609 896 534 319 959 267 350 685 193 867 850 261 773 93 997 532 676 829 563 184 266 388 959 431 48 687 764 149 741 556 914 130 583 311 747 974 902 0 838 353 346 960 774 949 
177 560 502 673 542 757 276 777 5 278 921 941 375 227 950 344 998 94 688 874 593 902 320 515 200 961 503 221 778 157 873 301 359 477 219 642 294 89 376 532 203 21 1 471 690 449 16 847 1 892 113 850 332 957 182 860 579 450 329 124 358 499 847 838 0 564 2 548 662 359 
200 275 829 139 66 108 297 274 345 626 618 857 612 158 500 372 172 974 186 569 671 590 452 419 64 613 980 958 510 186 893 705 899 918 107 599 958 221 708 218 319 528 899 936 329 725 870 252 291 407 475 628 629 308 331 528 279 354 186 672 49 914 17 353 564 0 596 466 144 530 
8 653 800 857 316 820 927 837 866 986 242 842 228 686 8 182 112 823 904 488 776 663 209 708 195 770 250 366 691 925 968 977 700 165 959 268 62 542 314 152 528 528 329 535 342 670 594 487 211 777 421 997 817 93 909 513 616 77 469 771 452 885 323 346 2 596 0 353 914 855 
768 982 596 494 339 871 651 444 597 860 771 568 816 29 764 608 494 591 256 341 368 878 235 130 572 900 137 814 407 105 620 776 384 3 416 25 281 36 764 198 420 224 532 62 422 675 277 991 395 956 853 181 489 969 671 167 672 534 902 421 434 81 528 960 548 466 353 0 852 827 
355 457 335 475 333 56 213 801 494 3 608 389 285 200 286 790 325 978 469 576 609 268 488 913 476 61 280 654 576 832 17 861 895 147 388 212 948 459 166 981 470 846 271 963 973 737 757 462 901 712 688 945 181 109 511 620 460 85 596 603 582 594 878 774 662 144 914 852 0 739 
545 740 578 172 139 136 511 583 902 434 284 547 78 614 318 457 842 315 629 645 894 80 863 208 84 373 787 729 525 389 226 110 663 279 402 636 887 766 432 669 77 407 856 887 522 309 838 555 97 928 136 660 157 916 66 833 946 633 422 604 536 422 323 949 359 530 855 827 739 0 
