80
0 615 37 889 935 84 286 566 508 560 917 36 842 37 366 812 936 792 828 738 174 107 552 735 962 917 153 702 706 5 868 535 972 256 775 906 691 61 471 198 972 387 585 165 424 950 328 711 94 155 800 619 261 704 354 575 620 858 628 677 863 496 564 186 103 338 91 794 750 561 343 73 300 928 238 75 229 565 137 322 
615 0 72 936 941 684 639 646 258 611 503 886 639 717 733 202 254 187 892 344 332 641 257 675 714 556 954 303 982 534 219 118 856 290 53 148 974 44 145 583 6 999 468 644 68 552 198 321 91 89 17 422 81 273 448 146 180 401 448 161 935 667 630 142 308 34 641 281 77 137 864 82 135 683 78 554 587 275 875 677 
37 72 0 363 243 98 443 515 546 589 46 298 388 206 232 406 187 725 714 220 717 346 649 853 209 82 988 244 159 893 830 433 767 506 147 9 955 942 875 500 882 920 150 269 477 733 27 663 458 740 235 174 85 883 379 646 964 366 889 123 610 70 907 729 575 54 737 529 995 964 381 876 235 530 496 712 262 522 726 71 
889 936 363 0 613 960 597 50 194 975 47 158 692 287 632 301 356 538 29 930 943 118 810 289 433 542 516 667 423 364 730 37 237 456 107 850 767 55 251 961 29 297 118 72 583 101 725 938 990 753 219 285 222 380 573 654 922 441 321 696 804 50 732 392 857 839 241 624 245 843 584 626 491 53 697 73 505 421 362 494 
935 941 243 613 0 526 932 778 747 312 703 753 585 143 425 280 298 826 364 689 683 554 282 658 798 476 593 423 967 997 120 39 501 892 753 994 417 684 124 516 347 826 620 283 320 44 915 617 869 278 657 903 831 290 912 628 766 504 51 732 500 522 122 1000 413 874 346 182 910 469 49 608 294 20 891 613 63 805 581 283 
84 684 98 960 526 0 434 589 538 264 879 449 891 644 953 293 727 804 814 848 156 579 74 501 112 335 321 512 942 966 531 184 930 945 988 510 227 773 98 116 36 328 565 927 971 869 571 697 24 737 897 179 667 970 31 130 304 703 641 597 668 523 781 949 467 120 810 45 893 908 161 928 587 77 206 558 945 129 606 320 
286 639 443 597 932 434 0 865 502 851 531 823 233 660 478 936 652 75 955 174 207 904 640 326 713 36 570 972 196 850 559 624 55 468 920 535 73 240 399 927 90 281 101 322 292 579 609 943 5 564 468 211 467 459 888 179 495 458 503 42 307 61 666 713 528 585 248 952 176 998 230 265 631 331 939 922 261 547 217 265 
566 646 515 50 778 589 865 0 462 684 827 928 143 714 459 637 171 961 678 829 373 695 894 252 280 493 203 807 490 785 72 472 115 362 394 375 908 610 991 370 645 817 649 787 530 459 775 53 419 805 233 791 499 126 42 130 618 597 937 460 381 360 931 847 721 676 221 980 637 563 701 282 379 350 68 908 808 195 312 579 
508 258 546 194 747 538 502 462 0 999 545 721 497 670 115 979 640 711 915 99 443 274 381 289 346 409 861 325 45 423 26 326 801 727 746 60 534 292 372 464 290 916 185 786 585 299 764 224 361 30 674 803 655 407 91 1000 815 951 325 859 373 702 537 525 428 634 584 313 925 955 777 566 870 961 351 807 611 467 382 971 
560 611 589 975 312 264 851 684 999 0 848 408 773 503 814 215 502 628 165 178 838 889 879 726 765 306 711 348 619 987 655 395 552 876 707 255 682 317 73 416 287 920 175 59 774 988 625 276 967 141 453 156 29 684 882 145 989 944 492 959 931 498 353 482 374 59 736 407 727 808 822 13 80 996 423 853 335 47 128 301 
917 503 46 47 703 879 531 827 545 848 0 187 933 809 567 616 42 711 956 985 555 915 915 52 619 749 425 30 484 832 756 644 5 121 723 353 543 575 687 942 55 340 480 987 148 47 954 189 109 261 525 15 175 792 67 146 540 843 175 375 26 930 18 31 50 740 383 945 667 69 238 721 760 717 59 907 115 364 447 224 
36 886 298 158 753 449 823 928 721 408 187 0 624 324 238 151 115 656 296 6 851 470 380 876 751 398 258 153 489 640 97 155 61 686 227 172 402 285 431 517 648 229 92 624 552 681 774 18 689 69 23 539 890 403 414 640 152 672 792 992 663 240 499 75 925 725 247 679 362 677 195 361 905 638 984 809 318 757 826 6 
842 639 388 692 585 891 233 143 497 773 933 624 0 177 849 544 418 603 310 58 754 333 201 97 995 793 595 422 69 320 668 747 33 696 293 393 952 930 377 760 600 485 586 605 14 786 501 431 388 810 840 493 142 393 589 488 537 184 261 605 855 280 704 887 975 348 631 927 630 359 38 229 196 975 833 209 760 685 991 499 
37 717 206 287 143 644 660 714 670 503 809 324 177 0 494 183 991 987 575 580 827 463 115 87 67 321 367 122 207 693 822 837 971 451 196 9 679 391 983 863 951 95 548 293 593 393 475 584 732 401 515 558 863 981 996 282 301 362 755 507 407 576 695 377 26 242 737 56 984 720 271 934 166 170 579 758 914 53 341 645 
366 733 232 632 425 953 478 459 115 814 567 238 849 494 0 806 207 554 668 187 550 301 487 263 56 345 669 631 40 46 9 281 782 416 265 853 38 550 18 207 128 128 121 533 468 117 338 27 671 357 213 220 658 700 834 713 44 503 695 435 900 55 68 681 823 684 886 860 585 255 67 713 382 539 597 202 655 934 228 325 
812 202 406 301 280 293 936 637 979 215 616 151 544 183 806 0 290 792 896 299 843 730 363 239 232 58 673 483 464 740 163 286 775 400 146 360 7 564 72 388 102 20 589 756 953 168 433 594 960 680 245 802 409 607 40 992 16 65 474 480 804 989 117 579 740 262 938 746 825 361 486 278 380 74 386 684 594 818 629 905 
936 254 187 356 298 727 652 171 640 502 42 115 418 991 207 290 0 849 225 706 610 832 98 953 847 162 779 678 317 119 795 247 858 56 536 956 233 248 441 862 979 866 247 14 459 416 643 363 265 219 421 874 50 518 826 897 31 604 574 347 722 368 594 932 776 481 887 360 729 327 221 707 192 468 721 3 883 715 365 499 
792 187 725 538 826 804 75 961 711 628 711 656 603 987 554 792 849 0 933 137 372 335 654 550 231 36 153 156 383 227 876 328 158 3 808 396 362 888 722 934 595 265 401 667 267 636 733 984 134 665 120 858 999 126 407 581 161 911 89 543 137 316 222 646 318 382 41 31 269 114 964 215 379 717 881 645 704 613 628 837 
828 892 714 29 364 814 955 678 915 165 956 296 310 575 668 896 225 933 0 630 100 46 628 225 452 561 385 363 1 280 851 316 501 497 633 882 889 15 151 355 978 717 733 46 598 729 749 562 709 938 191 808 983 171 32 435 83 416 149 83 695 999 398 548 847 30 429 736 44 931 90 373 648 174 419 597 902 519 158 962 
738 344 220 930 689 848 174 829 99 178 985 6 58 580 187 299 706 137 630 0 456 349 769 791 871 152 577 953 568 725 35 614 75 432 161 922 813 942 9 208 872 450 580 871 623 350 467 876 221 625 838 28 325 958 818 195 110 394 147 29 470 181 642 545 964 155 466 776 96 474 983 319 275 914 190 897 616 656 124 836 
174 332 717 943 683 156 207 373 443 838 555 851 754 827 550 843 610 372 100 456 0 632 961 863 956 271 33 150 380 426 296 408 248 828 49 792 791 555 609 918 650 434 252 321 708 166 510 956 133 517 79 968 149 392 182 104 662 214 254 41 992 901 448 239 729 848 382 871 403 990 141 404 775 392 724 482 909 585 437 41 
107 641 346 118 554 579 904 695 274 889 915 470 333 463 301 730 832 335 46 349 632 0 102 867 360 250 258 542 353 919 755 958 311 98 859 758 336 939 958 69 161 712 58 301 467 184 693 191 665 953 127 453 994 228 320 353 477 929 246 182 848 353 139 158 450 349 268 138 287 225 206 448 288 616 100 754 799 792 296 816 
552 257 649 810 282 74 640 894 381 879 915 380 201 115 487 363 98 654 628 769 961 102 0 745 423 620 90 650 939 794 479 868 40 660 67 744 150 224 193 499 843 682 137 419 240 936 706 855 36 460 5 179 755 820 275 177 440 364 179 730 158 657 949 549 668 15 292 169 591 836 19 433 870 508 852 109 443 909 963 830 
735 675 853 289 658 501 326 252 289 726 52 876 97 87 263 239 953 550 225 791 863 867 745 0 720 967 9 475 139 283 3 930 999 533 659 508 541 608 56 560 974 699 729 564 534 99 349 403 606 552 511 401 460 825 230 180 144 590 6 282 225 360 211 223 893 221 730 433 828 785 993 802 835 73 717 368 171 65 123 777 
962 714 209 433 798 112 713 280 346 765 619 751 995 67 56 232 847 231 452 871 956 360 423 720 0 968 985 177 428 162 758 959 305 348 964 938 572 323 500 146 567 72 875 352 252 11 696 53 845 768 121 564 290 538 686 418 505 23 946 932 536 704 890 840 51 205 129 974 880 980 119 446 51 345 797 302 355 492 706 551 
917 556 82 542 476 335 36 493 409 306 749 398 793 321 345 58 162 36 561 152 271 250 620 967 968 0 611 179 114 901 716 152 318 220 526 616 504 61 319 745 252 721 950 380 46 181 711 164 626 113 860 775 767 566 618 472 116 229 2 229 481 717 732 150 289 257 765 792 317 83 888 568 155 189 299 200 369 361 715 995 
153 954 988 516 593 321 570 203 861 711 425 258 595 367 669 673 779 153 385 577 33 258 90 9 985 611 0 474 574 121 240 139 738 63 606 966 65 835 798 133 918 948 421 175 712 564 491 147 452 411 653 992 61 853 361 422 919 707 895 845 827 486 335 564 900 941 882 964 127 679 449 44 626 869 218 690 785 61 188 236 
702 303 244 667 423 512 972 807 325 348 30 153 422 122 631 483 678 156 363 953 150 542 650 475 177 179 474 0 823 840 227 883 44 939 304 963 645 550 159 471 387 493 387 287 433 268 602 559 298 50 603 276 271 172 317 55 232 504 642 406 695 220 289 91 159 944 405 155 846 563 978 584 55 364 870 488 983 824 398 280 
706 982 159 423 967 942 196 490 45 619 484 489 69 207 40 464 317 383 1 568 380 353 939 139 428 114 574 823 0 873 1000 907 143 524 223 549 107 78 190 513 773 762 801 863 920 96 619 74 293 181 51 877 587 766 746 74 100 569 824 732 794 175 638 288 698 861 837 805 938 378 317 62 139 469 276 410 564 894 836 209 
5 534 893 364 997 966 850 785 423 987 832 640 320 693 46 740 119 227 280 725 426 919 794 283 162 901 121 840 873 0 426 238 85 13 4 830 438 103 751 261 186 544 788 824 183 485 36 371 289 325 749 957 387 239 425 14 649 341 260 484 549 685 721 633 49 76 814 487 531 916 99 716 811 886 539 994 723 926 364 11 
868 219 830 730 120 531 559 72 26 655 756 97 668 822 9 163 795 876 851 35 296 755 479 3 758 716 240 227 1000 426 0 251 464 320 989 703 96 2 703 436 613 186 336 298 258 320 698 334 486 536 864 401 635 931 212 872 470 557 594 395 920 957 997 384 628 985 438 723 339 140 511 951 677 846 600 934 518 298 619 3 
535 118 433 37 39 184 624 472 326 395 644 155 747 837 281 286 247 328 316 614 408 958 868 930 959 152 139 883 907 238 251 0 833 834 403 819 765 614 43 586 522 988 332 442 296 329 177 923 313 966 646 3 105 156 954 133 353 553 418 870 202 37 872 387 222 275 557 986 240 599 571 762 939 255 555 234 583 83 157 247 
972 856 767 237 501 930 55 115 801 552 5 61 33 971 782 775 858 158 501 75 248 311 40 999 305 318 738 44 143 85 464 833 0 48 802 250 504 957 555 636 661 459 405 531 661 441 402 399 663 28 955 1000 620 906 923 733 844 177 639 77 759 721 233 357 120 386 606 623 694 512 610 355 971 14 885 983 807 638 381 821 
256 290 506 456 892 945 468 362 727 876 121 686 696 451 416 400 56 3 497 432 828 98 660 533 348 220 63 939 524 13 320 834 48 0 18 687 820 637 592 742 369 787 270 7 864 28 79 448 385 198 186 342 172 231 854 781 585 176 146 821 158 952 459 890 124 828 576 296 464 520 37 184 306 307 542 521 686 620 321 422 
775 53 147 107 753 988 920 394 746 707 723 227 293 196 265 146 536 808 633 161 49 859 67 659 964 526 606 304 223 4 989 403 802 18 0 169 506 116 340 736 321 120 673 496 617 493 5 921 303 894 44 130 469 339 945 988 728 128 646 386 21 166 423 640 838 845 808 695 960 499 431 280 970 455 127 587 299 131 507 954 
906 148 9 850 994 510 535 375 60 255 353 172 393 9 853 360 956 396 882 922 792 758 744 508 938 616 966 963 549 830 703 819 250 687 169 0 24 902 435 844 241 380 184 320 859 829 705 880 346 127 871 184 323 31 878 634 529 660 265 499 466 391 85 765 521 943 718 896 844 152 92 436 883 627 107 742 455 163 621 152 
691 974 955 767 417 227 73 908 534 682 543 402 952 679 38 7 233 362 889 813 791 336 150 541 572 504 65 645 107 438 96 765 504 820 506 24 0 290 843 687 964 873 917 598 402 928 862 252 394 253 336 510 125 630 579 373 825 82 464 613 965 442 719 58 248 882 678 399 523 520 438 486 745 706 435 146 633 297 397 378 
61 44 942 55 684 773 240 610 292 317 575 285 930 391 550 564 248 888 15 942 555 939 224 608 323 61 835 550 78 103 2 614 957 637 116 902 290 0 901 84 239 377 65 817 749 889 899 564 501 215 5 572 272 252 453 301 3 975 172 792 812 916 497 247 413 129 895 809 859 147 244 97 523 308 266 624 197 164 539 49 
471 145 875 251 124 98 399 991 372 73 687 431 377 983 18 72 441 722 151 9 609 958 193 56 500 319 798 159 190 751 703 43 555 592 340 435 843 901 0 730 896 620 1 499 72 653 853 398 824 644 562 740 140 808 152 621 54 313 479 200 556 927 74 864 192 697 412 707 588 460 436 483 432 788 333 855 440 186 253 264 
198 583 500 961 516 116 927 370 464 416 942 517 760 863 207 388 862 934 355 208 918 69 499 560 146 745 133 471 513 261 436 586 636 742 736 844 687 84 730 0 829 166 355 321 973 506 941 378 170 771 577 726 697 650 941 241 699 704 947 286 515 735 120 946 522 452 801 962 637 405 577 818 570 931 138 894 788 430 271 958 
972 6 882 29 347 36 90 645 290 287 55 648 600 951 128 102 979 595 978 872 650 161 843 974 567 252 918 387 773 186 613 522 661 369 321 241 964 239 896 829 0 200 199 683 248 200 975 840 898 678 787 535 192 873 654 490 394 106 290 707 94 46 283 911 967 213 400 212 1 829 482 958 380 32 992 980 231 318 819 481 
387 999 920 297 826 328 281 817 916 920 340 229 485 95 128 20 866 265 717 450 434 712 682 699 72 721 948 493 762 544 186 988 459 787 120 380 873 377 620 166 200 0 995 957 15 538 829 669 27 223 126 316 281 219 713 564 482 679 776 881 890 128 710 723 437 441 106 428 420 689 97 239 169 91 195 183 629 376 203 7 
585 468 150 118 620 565 101 649 185 175 480 92 586 548 121 589 247 401 733 580 252 58 137 729 875 950 421 387 801 788 336 332 405 270 673 184 917 65 1 355 199 995 0 950 680 675 230 251 387 793 732 418 921 964 659 48 25 734 485 466 839 264 885 527 361 475 47 803 22 582 431 397 784 438 346 816 112 575 66 850 
165 644 269 72 283 927 322 787 786 59 987 624 605 293 533 756 14 667 46 871 321 301 419 564 352 380 175 287 863 824 298 442 531 7 496 320 598 817 499 321 683 957 950 0 720 797 619 640 760 278 39 785 11 523 602 201 139 486 80 499 961 126 301 982 59 84 730 195 873 75 10 336 1 75 185 72 223 804 711 334 
424 68 477 583 320 971 292 530 585 774 148 552 14 593 468 953 459 267 598 623 708 467 240 534 252 46 712 433 920 183 258 296 661 864 617 859 402 749 72 973 248 15 680 720 0 433 750 118 795 624 719 995 762 557 426 612 869 904 913 202 962 348 931 156 220 357 165 907 709 239 443 781 813 598 843 147 30 944 616 176 
950 552 733 101 44 869 579 459 299 988 47 681 786 393 117 168 416 636 729 350 166 184 936 99 11 181 564 268 96 485 320 329 441 28 493 829 928 889 653 506 200 538 675 797 433 0 568 335 523 681 243 948 293 111 851 557 312 813 256 594 320 827 950 485 733 10 75 527 790 888 125 633 386 506 928 1 682 847 687 204 
328 198 27 725 915 571 609 775 764 625 954 774 501 475 338 433 643 733 749 467 510 693 706 349 696 711 491 602 619 36 698 177 402 79 5 705 862 899 853 941 975 829 230 619 750 568 0 528 929 151 172 391 354 80 702 518 335 647 837 513 948 321 597 958 748 123 747 987 247 731 372 105 659 372 786 505 59 989 384 987 
711 321 663 938 617 697 943 53 224 276 189 18 431 584 27 594 363 984 562 876 956 191 855 403 53 164 147 559 74 371 334 923 399 448 921 880 252 564 398 378 840 669 251 640 118 335 528 0 491 907 378 196 986 431 713 672 78 902 184 25 574 780 334 321 255 433 307 853 163 678 957 173 402 742 30 460 82 765 798 925 
94 91 458 990 869 24 5 419 361 967 109 689 388 732 671 960 265 134 709 221 133 665 36 606 845 626 452 298 293 289 486 313 663 385 303 346 394 501 824 170 898 27 387 760 795 523 929 491 0 672 175 120 657 958 185 681 387 86 216 763 659 348 97 332 602 529 638 454 43 668 763 568 421 504 597 880 938 361 677 214 
155 89 740 753 278 737 564 805 30 141 261 69 810 401 357 680 219 665 938 625 517 953 460 552 768 113 411 50 181 325 536 966 28 198 894 127 253 215 644 771 678 223 793 278 624 681 151 907 672 0 32 204 685 41 513 869 73 899 306 640 13 317 987 109 648 940 989 637 746 32 656 508 951 76 11 547 307 300 259 984 
800 17 235 219 657 897 468 233 674 453 525 23 840 515 213 245 421 120 191 838 79 127 5 511 121 860 653 603 51 749 864 646 955 186 44 871 336 5 562 577 787 126 732 39 719 243 172 378 175 32 0 513 643 539 198 35 403 418 107 653 76 746 665 392 85 126 391 24 114 379 769 497 35 276 447 462 639 345 769 938 
619 422 174 285 903 179 211 791 803 156 15 539 493 558 220 802 874 858 808 28 968 453 179 401 564 775 992 276 877 957 401 3 1000 342 130 184 510 572 740 726 535 316 418 785 995 948 391 196 120 204 513 0 604 104 803 246 642 352 280 396 769 738 48 196 835 712 939 919 837 329 943 303 708 711 799 94 339 598 555 977 
261 81 85 222 831 667 467 499 655 29 175 890 142 863 658 409 50 999 983 325 149 994 755 460 290 767 61 271 587 387 635 105 620 172 469 323 125 272 140 697 192 281 921 11 762 293 354 986 657 685 643 604 0 942 323 266 545 778 68 142 419 419 773 166 540 510 213 87 345 925 26 263 113 706 557 415 413 620 214 858 
704 273 883 380 290 970 459 126 407 684 792 403 393 981 700 607 518 126 171 958 392 228 820 825 538 566 853 172 766 239 931 156 906 231 339 31 630 252 808 650 873 219 964 523 557 111 80 431 958 41 539 104 942 0 958 811 765 934 104 439 551 649 217 619 142 987 389 915 153 928 424 365 15 768 641 392 383 754 97 939 
354 448 379 573 912 31 888 42 91 882 67 414 589 996 834 40 826 407 32 818 182 320 275 230 686 618 361 317 746 425 212 954 923 854 945 878 579 453 152 941 654 713 659 602 426 851 702 713 185 513 198 803 323 958 0 168 862 558 733 719 867 895 835 152 999 274 703 999 490 321 140 828 709 54 980 989 478 697 355 597 
575 146 646 654 628 130 179 130 1000 145 146 640 488 282 713 992 897 581 435 195 104 353 177 180 418 472 422 55 74 14 872 133 733 781 988 634 373 301 621 241 490 564 48 201 612 557 518 672 681 869 35 246 266 811 168 0 337 746 331 442 842 622 962 703 531 694 774 398 941 608 549 939 233 251 937 74 571 76 902 632 
620 180 964 922 766 304 495 618 815 989 540 152 537 301 44 16 31 161 83 110 662 477 440 144 505 116 919 232 100 649 470 353 844 585 728 529 825 3 54 699 394 482 25 139 869 312 335 78 387 73 403 642 545 765 862 337 0 482 233 972 311 929 326 907 618 423 590 411 616 211 372 671 741 418 444 138 358 403 39 296 
858 401 366 441 504 703 458 597 951 944 843 672 184 362 503 65 604 911 416 394 214 929 364 590 23 229 707 504 569 341 557 553 177 176 128 660 82 975 313 704 106 679 734 486 904 813 647 902 86 899 418 352 778 934 558 746 482 0 636 289 584 709 212 11 962 843 492 195 814 802 475 491 61 444 913 650 855 528 212 578 
628 448 889 321 51 641 503 937 325 492 175 792 261 755 695 474 574 89 149 147 254 246 179 6 946 2 895 642 824 260 594 418 639 146 646 265 464 172 479 947 290 776 485 80 913 256 837 184 216 306 107 280 68 104 733 331 233 636 0 198 952 995 993 442 352 396 480 999 383 768 582 443 979 593 405 173 436 951 986 238 
677 161 123 696 732 597 42 460 859 959 375 992 605 507 435 480 347 543 83 29 41 182 730 282 932 229 845 406 732 484 395 870 77 821 386 499 613 792 200 286 707 881 466 499 202 594 513 25 763 640 653 396 142 439 719 442 972 289 198 0 777 828 298 221 740 299 427 620 510 4 817 813 351 810 254 54 557 85 53 291 
863 935 610 804 500 668 307 381 373 931 26 663 855 407 900 804 722 137 695 470 992 848 158 225 536 481 827 695 794 549 920 202 759 158 21 466 965 812 556 515 94 890 839 961 962 320 948 574 659 13 76 769 419 551 867 842 311 584 952 777 0 205 986 733 535 578 489 708 14 791 45 603 568 225 252 140 964 550 566 583 
496 667 70 50 522 523 61 360 702 498 930 240 280 576 55 989 368 316 999 181 901 353 657 360 704 717 486 220 175 685 957 37 721 952 166 391 442 916 927 735 46 128 264 126 348 827 321 780 348 317 746 738 419 649 895 622 929 709 995 828 205 0 411 921 752 223 623 913 829 677 821 913 729 111 469 714 195 4 644 684 
564 630 907 732 122 781 666 931 537 353 18 499 704 695 68 117 594 222 398 642 448 139 949 211 890 732 335 289 638 721 997 872 233 459 423 85 719 497 74 120 283 710 885 301 931 950 597 334 97 987 665 48 773 217 835 962 326 212 993 298 986 411 0 63 9 826 459 963 393 683 214 532 999 763 449 581 525 722 684 747 
186 142 729 392 1000 949 713 847 525 482 31 75 887 377 681 579 932 646 548 545 239 158 549 223 840 150 564 91 288 633 384 387 357 890 640 765 58 247 864 946 911 723 527 982 156 485 958 321 332 109 392 196 166 619 152 703 907 11 442 221 733 921 63 0 344 596 575 372 768 840 100 878 308 166 73 663 161 108 77 521 
103 308 575 857 413 467 528 721 428 374 50 925 975 26 823 740 776 318 847 964 729 450 668 893 51 289 900 159 698 49 628 222 120 124 838 521 248 413 192 522 967 437 361 59 220 733 748 255 602 648 85 835 540 142 999 531 618 962 352 740 535 752 9 344 0 933 536 483 678 570 696 561 568 810 362 501 334 83 184 80 
338 34 54 839 874 120 585 676 634 59 740 725 348 242 684 262 481 382 30 155 848 349 15 221 205 257 941 944 861 76 985 275 386 828 845 943 882 129 697 452 213 441 475 84 357 10 123 433 529 940 126 712 510 987 274 694 423 843 396 299 578 223 826 596 933 0 778 132 7 150 899 198 601 129 857 118 553 520 278 12 
91 641 737 241 346 810 248 221 584 736 383 247 631 737 886 938 887 41 429 466 382 268 292 730 129 765 882 405 837 814 438 557 606 576 808 718 678 895 412 801 400 106 47 730 165 75 747 307 638 989 391 939 213 389 703 774 590 492 480 427 489 623 459 575 536 778 0 596 798 944 483 280 621 53 327 534 972 136 895 472 
794 281 529 624 182 45 952 980 313 407 945 679 927 56 860 746 360 31 736 776 871 138 169 433 974 792 964 155 805 487 723 986 623 296 695 896 399 809 707 962 212 428 803 195 907 527 987 853 454 637 24 919 87 915 999 398 411 195 999 620 708 913 963 372 483 132 596 0 469 977 8 901 106 139 259 607 389 456 208 869 
750 77 995 245 910 893 176 637 925 727 667 362 630 984 585 825 729 269 44 96 403 287 591 828 880 317 127 846 938 531 339 240 694 464 960 844 523 859 588 637 1 420 22 873 709 790 247 163 43 746 114 837 345 153 490 941 616 814 383 510 14 829 393 768 678 7 798 469 0 312 325 773 831 955 784 779 752 728 613 384 
561 137 964 843 469 908 998 563 955 808 69 677 359 720 255 361 327 114 931 474 990 225 836 785 980 83 679 563 378 916 140 599 512 520 499 152 520 147 460 405 829 689 582 75 239 888 731 678 668 32 379 329 925 928 321 608 211 802 768 4 791 677 683 840 570 150 944 977 312 0 700 17 710 233 989 846 127 460 666 455 
343 864 381 584 49 161 230 701 777 822 238 195 38 271 67 486 221 964 90 983 141 206 19 993 119 888 449 978 317 99 511 571 610 37 431 92 438 244 436 577 482 97 431 10 443 125 372 957 763 656 769 943 26 424 140 549 372 475 582 817 45 821 214 100 696 899 483 8 325 700 0 819 918 913 309 176 519 50 631 78 
73 82 876 626 608 928 265 282 566 13 721 361 229 934 713 278 707 215 373 319 404 448 433 802 446 568 44 584 62 716 951 762 355 184 280 436 486 97 483 818 958 239 397 336 781 633 105 173 568 508 497 303 263 365 828 939 671 491 443 813 603 913 532 878 561 198 280 901 773 17 819 0 918 943 755 691 125 709 474 903 
300 135 235 491 294 587 631 379 870 80 760 905 196 166 382 380 192 379 648 275 775 288 870 835 51 155 626 55 139 811 677 939 971 306 970 883 745 523 432 570 380 169 784 1 813 386 659 402 421 951 35 708 113 15 709 233 741 61 979 351 568 729 999 308 568 601 621 106 831 710 918 918 0 812 553 868 195 605 884 257 
928 683 530 53 20 77 331 350 961 996 717 638 975 170 539 74 468 717 174 914 392 616 508 73 345 189 869 364 469 886 846 255 14 307 455 627 706 308 788 931 32 91 438 75 598 506 372 742 504 76 276 711 706 768 54 251 418 444 593 810 225 111 763 166 810 129 53 139 955 233 913 943 812 0 189 872 454 668 684 119 
238 78 496 697 891 206 939 68 351 423 59 984 833 579 597 386 721 881 419 190 724 100 852 717 797 299 218 870 276 539 600 555 885 542 127 107 435 266 333 138 992 195 346 185 843 928 786 30 597 11 447 799 557 641 980 937 444 913 405 254 252 469 449 73 362 857 327 259 784 989 309 755 553 189 0 474 854 37 386 163 
75 554 712 73 613 558 922 908 807 853 907 809 209 758 202 684 3 645 597 897 482 754 109 368 302 200 690 488 410 994 934 234 983 521 587 742 146 624 855 894 980 183 816 72 147 1 505 460 880 547 462 94 415 392 989 74 138 650 173 54 140 714 581 663 501 118 534 607 779 846 176 691 868 872 474 0 212 257 212 195 
229 587 262 505 63 945 261 808 611 335 115 318 760 914 655 594 883 704 902 616 909 799 443 171 355 369 785 983 564 723 518 583 807 686 299 455 633 197 440 788 231 629 112 223 30 682 59 82 938 307 639 339 413 383 478 571 358 855 436 557 964 195 525 161 334 553 972 389 752 127 519 125 195 454 854 212 0 334 129 137 
565 275 522 421 805 129 547 195 467 47 364 757 685 53 934 818 715 613 519 656 585 792 909 65 492 361 61 824 894 926 298 83 638 620 131 163 297 164 186 430 318 376 575 804 944 847 989 765 361 300 345 598 620 754 697 76 403 528 951 85 550 4 722 108 83 520 136 456 728 460 50 709 605 668 37 257 334 0 88 171 
137 875 726 362 581 606 217 312 382 128 447 826 991 341 228 629 365 628 158 124 437 296 963 123 706 715 188 398 836 364 619 157 381 321 507 621 397 539 253 271 819 203 66 711 616 687 384 798 677 259 769 555 214 97 355 902 39 212 986 53 566 644 684 77 184 278 895 208 613 666 631 474 884 684 386 212 129 88 0 261 
322 677 71 494 283 320 265 579 971 301 224 6 499 645 325 905 499 837 962 836 41 816 830 777 551 995 236 280 209 11 3 247 821 422 954 152 378 49 264 958 481 7 850 334 176 204 987 925 214 984 938 977 858 939 597 632 296 578 238 291 583 684 747 521 80 12 472 869 384 455 78 903 257 119 163 195 137 171 261 0 
