60
0 667 341 29 622 115 966 135 283 1 288 21 596 196 327 230 731 128 62 818 65 891 756 189 24 139 655 392 481 65 883 697 731 575 77 704 41 42 839 323 395 478 695 990 673 21 220 755 148 633 925 212 524 32 752 899 170 407 290 650 
667 0 823 524 346 554 98 422 609 138 815 447 812 209 276 506 551 301 526 122 407 25 754 331 237 277 362 340 527 531 98 816 532 921 691 229 474 788 650 434 277 817 881 88 377 508 593 927 160 470 48 567 495 802 897 83 430 611 422 957 
341 823 0 493 520 124 25 440 167 253 265 954 255 698 583 71 930 670 799 790 615 726 949 84 125 515 930 278 764 12 708 374 786 16 218 657 491 594 448 657 199 64 963 453 113 545 875 43 566 25 184 180 750 132 616 875 999 545 152 762 
29 524 493 0 909 211 487 46 578 56 702 69 650 501 77 848 564 39 652 676 583 878 70 501 902 605 32 4 737 647 878 87 544 381 848 804 592 686 849 169 741 902 237 742 754 666 589 669 704 592 696 639 469 766 139 723 722 170 726 810 
622 346 520 909 0 169 955 896 64 335 95 867 926 780 67 447 873 320 35 614 73 700 555 741 404 146 436 394 967 553 532 689 275 53 766 436 221 720 332 284 54 778 502 332 558 568 778 782 239 812 395 311 512 301 403 267 447 191 660 765 
115 554 124 211 169 0 95 543 805 721 595 570 157 168 641 840 803 694 617 305 377 526 224 154 307 815 318 54 477 181 354 880 447 152 422 106 916 516 1000 720 237 594 641 745 113 281 584 916 327 200 572 703 726 147 857 384 961 526 437 438 
966 98 25 487 955 95 0 706 791 669 152 294 442 609 210 957 960 281 545 553 922 289 18 554 224 285 880 424 856 583 501 354 791 884 667 316 321 456 373 463 476 876 108 917 484 317 225 795 950 770 347 223 410 716 776 634 1000 656 409 207 
135 422 440 46 896 543 706 0 238 261 561 380 144 579 47 816 386 419 630 861 294 738 777 129 406 1 923 355 122 621 577 532 337 705 517 336 360 277 543 949 537 455 328 32 385 374 200 770 144 829 630 437 918 758 565 324 110 487 30 232 
283 609 167 578 64 805 791 238 0 107 959 115 443 663 983 131 374 611 673 322 499 479 1 530 863 726 729 632 869 910 613 657 827 722 221 502 831 707 532 414 165 842 528 608 504 862 738 229 472 762 902 970 592 902 852 454 979 932 437 199 
1 138 253 56 335 721 669 261 107 0 841 401 855 20 122 75 521 304 133 404 718 297 597 597 256 100 459 345 680 282 458 581 604 49 834 807 854 812 738 290 362 931 42 216 950 163 642 822 467 774 578 536 423 174 132 678 626 942 375 305 
288 815 265 702 95 595 152 561 959 841 0 224 832 886 179 233 719 985 86 883 722 728 244 652 769 460 953 284 101 127 102 227 704 637 649 229 768 678 854 710 404 511 285 588 748 463 820 818 447 905 700 168 984 296 172 753 107 476 388 559 
21 447 954 69 867 570 294 380 115 401 224 0 602 489 785 657 125 785 886 244 815 739 953 218 601 237 805 348 51 976 166 497 881 865 17 216 160 188 320 618 15 707 177 617 195 961 273 671 98 158 915 912 249 219 129 849 808 286 549 858 
596 812 255 650 926 157 442 144 443 855 832 602 0 261 714 355 493 930 723 709 90 262 28 707 276 735 235 892 281 196 517 304 293 26 218 204 626 788 684 475 595 969 23 805 582 88 159 74 17 233 782 458 494 162 517 121 248 751 13 528 
196 209 698 501 780 168 609 579 663 20 886 489 261 0 946 881 183 590 906 400 145 532 540 181 358 134 149 732 938 730 819 448 156 835 32 937 645 525 450 161 646 697 911 10 577 209 242 759 150 147 511 647 30 50 827 739 535 327 470 825 
327 276 583 77 67 641 210 47 983 122 179 785 714 946 0 409 640 272 564 827 304 852 471 180 302 983 177 998 893 538 926 453 779 685 603 278 195 249 659 596 427 398 130 753 219 954 161 859 578 724 37 233 928 507 412 229 489 941 578 733 
230 506 71 848 447 840 957 816 131 75 233 657 355 881 409 0 478 504 538 257 540 140 886 86 740 544 681 166 941 810 270 160 764 431 370 341 506 406 573 433 264 336 13 104 276 591 188 106 446 725 714 337 216 599 422 307 494 102 824 787 
731 551 930 564 873 803 960 386 374 521 719 125 493 183 640 478 0 911 94 298 26 524 667 718 381 424 642 814 39 978 826 142 605 768 329 62 565 406 775 901 621 725 322 928 219 775 103 5 38 196 302 63 71 320 133 452 743 774 265 781 
128 301 670 39 320 694 281 419 611 304 985 785 930 590 272 504 911 0 103 442 274 708 562 954 121 126 359 896 379 332 620 52 611 190 827 713 194 864 909 847 278 979 166 762 782 260 536 46 392 638 840 665 697 401 619 818 878 329 65 256 
62 526 799 652 35 617 545 630 673 133 86 886 723 906 564 538 94 103 0 660 684 308 622 226 486 335 771 701 595 618 330 925 135 92 707 395 627 104 786 616 943 451 313 695 421 482 573 101 546 828 113 581 487 734 806 972 420 577 672 14 
818 122 790 676 614 305 553 861 322 404 883 244 709 400 827 257 298 442 660 0 546 354 291 680 445 997 74 71 452 212 686 395 14 350 89 434 183 13 886 728 841 998 661 679 732 818 651 503 746 674 869 291 27 159 971 471 507 396 893 958 
65 407 615 583 73 377 922 294 499 718 722 815 90 145 304 540 26 274 684 546 0 607 931 704 620 632 145 405 815 157 643 894 349 640 554 28 723 372 30 226 117 703 446 760 82 956 730 904 462 477 149 771 84 79 827 55 710 971 812 876 
891 25 726 878 700 526 289 738 479 297 728 739 262 532 852 140 524 708 308 354 607 0 479 454 770 828 445 323 855 520 46 236 97 163 938 542 922 371 497 3 627 310 479 775 80 914 205 258 321 266 228 484 142 59 289 911 886 85 233 92 
756 754 949 70 555 224 18 777 1 597 244 953 28 540 471 886 667 562 622 291 931 479 0 604 279 327 700 793 616 241 66 339 89 420 965 398 250 91 830 516 295 87 188 560 667 671 53 725 311 963 962 395 548 405 999 178 83 698 322 698 
189 331 84 501 741 154 554 129 530 597 652 218 707 181 180 86 718 954 226 680 704 454 604 0 291 387 388 379 158 704 129 759 794 958 274 440 396 461 352 62 483 404 138 145 719 451 540 266 855 890 443 937 939 764 987 229 502 374 960 11 
24 237 125 902 404 307 224 406 863 256 769 601 276 358 302 740 381 121 486 445 620 770 279 291 0 78 88 769 223 397 43 663 792 855 14 206 690 769 343 834 487 794 373 752 1000 614 546 289 553 661 275 781 162 1000 92 172 77 531 293 652 
139 277 515 605 146 815 285 1 726 100 460 237 735 134 983 544 424 126 335 997 632 828 327 387 78 0 927 335 314 719 541 679 924 230 799 618 64 286 763 788 389 763 402 935 51 954 595 677 86 109 676 178 632 105 60 924 756 987 610 421 
655 362 930 32 436 318 880 923 729 459 953 805 235 149 177 681 642 359 771 74 145 445 700 388 88 927 0 57 151 451 332 732 249 949 147 886 64 935 275 826 688 561 228 993 507 256 430 615 931 959 599 387 19 522 142 5 132 914 61 634 
392 340 278 4 394 54 424 355 632 345 284 348 892 732 998 166 814 896 701 71 405 323 793 379 769 335 57 0 364 744 365 965 692 512 850 107 798 476 284 485 388 511 829 895 766 258 861 49 217 459 435 587 981 929 591 464 842 3 97 558 
481 527 764 737 967 477 856 122 869 680 101 51 281 938 893 941 39 379 595 452 815 855 616 158 223 314 151 364 0 746 461 522 789 972 723 896 769 551 179 605 938 42 433 832 159 43 693 207 611 503 994 197 835 922 787 298 763 141 746 672 
65 531 12 647 553 181 583 621 910 282 127 976 196 730 538 810 978 332 618 212 157 520 241 704 397 719 451 744 746 0 886 207 545 26 530 268 921 651 818 452 607 107 493 392 939 651 434 983 210 44 485 203 240 320 124 378 969 238 870 715 
883 98 708 878 532 354 501 577 613 458 102 166 517 819 926 270 826 620 330 686 643 46 66 129 43 541 332 365 461 886 0 910 107 273 454 132 802 73 405 804 242 856 411 349 348 802 639 350 587 621 559 982 457 761 573 128 884 950 449 474 
697 816 374 87 689 880 354 532 657 581 227 497 304 448 453 160 142 52 925 395 894 236 339 759 663 679 732 965 522 207 910 0 171 163 383 277 435 188 408 588 261 164 744 502 19 506 202 718 307 840 420 245 460 978 226 269 91 798 748 326 
731 532 786 544 275 447 791 337 827 604 704 881 293 156 779 764 605 611 135 14 349 97 89 794 792 924 249 692 789 545 107 171 0 99 196 799 269 358 181 545 144 721 304 84 981 468 179 834 838 684 388 908 990 227 327 586 39 304 811 307 
575 921 16 381 53 152 884 705 722 49 637 865 26 835 685 431 768 190 92 350 640 163 420 958 855 230 949 512 972 26 273 163 99 0 746 608 54 72 706 250 870 974 959 403 518 455 123 173 538 455 992 68 640 182 751 27 89 92 254 415 
77 691 218 848 766 422 667 517 221 834 649 17 218 32 603 370 329 827 707 89 554 938 965 274 14 799 147 850 723 530 454 383 196 746 0 677 292 70 487 950 816 94 3 887 799 604 108 124 915 510 993 369 984 165 258 790 509 325 430 690 
704 229 657 804 436 106 316 336 502 807 229 216 204 937 278 341 62 713 395 434 28 542 398 440 206 618 886 107 896 268 132 277 799 608 677 0 75 808 778 166 413 192 842 704 613 328 5 780 773 360 666 571 315 126 694 229 635 686 597 971 
41 474 491 592 221 916 321 360 831 854 768 160 626 645 195 506 565 194 627 183 723 922 250 396 690 64 64 798 769 921 802 435 269 54 292 75 0 202 206 760 710 530 189 399 956 349 176 473 761 719 314 817 684 993 821 463 765 532 481 687 
42 788 594 686 720 516 456 277 707 812 678 188 788 525 249 406 406 864 104 13 372 371 91 461 769 286 935 476 551 651 73 188 358 72 70 808 202 0 847 606 732 75 592 417 24 562 971 229 322 680 111 862 431 418 210 606 891 971 677 204 
839 650 448 849 332 1000 373 543 532 738 854 320 684 450 659 573 775 909 786 886 30 497 830 352 343 763 275 284 179 818 405 408 181 706 487 778 206 847 0 787 712 549 959 174 313 491 654 352 337 611 83 763 203 852 786 764 822 367 85 853 
323 434 657 169 284 720 463 949 414 290 710 618 475 161 596 433 901 847 616 728 226 3 516 62 834 788 826 485 605 452 804 588 545 250 950 166 760 606 787 0 829 299 283 246 508 241 136 478 917 692 616 628 240 927 153 904 417 159 255 105 
395 277 199 741 54 237 476 537 165 362 404 15 595 646 427 264 621 278 943 841 117 627 295 483 487 389 688 388 938 607 242 261 144 870 816 413 710 732 712 829 0 769 690 867 971 541 653 87 714 19 523 566 199 821 849 444 329 441 580 158 
478 817 64 902 778 594 876 455 842 931 511 707 969 697 398 336 725 979 451 998 703 310 87 404 794 763 561 511 42 107 856 164 721 974 94 192 530 75 549 299 769 0 709 271 126 688 862 52 840 117 820 998 724 924 119 413 790 441 305 442 
695 881 963 237 502 641 108 328 528 42 285 177 23 911 130 13 322 166 313 661 446 479 188 138 373 402 228 829 433 493 411 744 304 959 3 842 189 592 959 283 690 709 0 527 18 812 50 935 10 222 135 806 902 575 385 60 283 7 537 322 
990 88 453 742 332 745 917 32 608 216 588 617 805 10 753 104 928 762 695 679 760 775 560 145 752 935 993 895 832 392 349 502 84 403 887 704 399 417 174 246 867 271 527 0 220 940 162 336 759 511 411 682 981 175 471 422 479 265 948 848 
673 377 113 754 558 113 484 385 504 950 748 195 582 577 219 276 219 782 421 732 82 80 667 719 1000 51 507 766 159 939 348 19 981 518 799 613 956 24 313 508 971 126 18 220 0 428 349 783 790 571 269 595 472 844 331 883 478 689 771 800 
21 508 545 666 568 281 317 374 862 163 463 961 88 209 954 591 775 260 482 818 956 914 671 451 614 954 256 258 43 651 802 506 468 455 604 328 349 562 491 241 541 688 812 940 428 0 260 710 313 947 468 823 358 501 804 532 324 577 363 940 
220 593 875 589 778 584 225 200 738 642 820 273 159 242 161 188 103 536 573 651 730 205 53 540 546 595 430 861 693 434 639 202 179 123 108 5 176 971 654 136 653 862 50 162 349 260 0 524 210 367 225 344 508 795 613 454 618 808 136 853 
755 927 43 669 782 916 795 770 229 822 818 671 74 759 859 106 5 46 101 503 904 258 725 266 289 677 615 49 207 983 350 718 834 173 124 780 473 229 352 478 87 52 935 336 783 710 524 0 285 176 623 84 435 333 396 382 152 571 739 653 
148 160 566 704 239 327 950 144 472 467 447 98 17 150 578 446 38 392 546 746 462 321 311 855 553 86 931 217 611 210 587 307 838 538 915 773 761 322 337 917 714 840 10 759 790 313 210 285 0 726 622 328 302 984 267 177 546 985 401 241 
633 470 25 592 812 200 770 829 762 774 905 158 233 147 724 725 196 638 828 674 477 266 963 890 661 109 959 459 503 44 621 840 684 455 510 360 719 680 611 692 19 117 222 511 571 947 367 176 726 0 493 547 853 298 165 660 434 17 297 961 
925 48 184 696 395 572 347 630 902 578 700 915 782 511 37 714 302 840 113 869 149 228 962 443 275 676 599 435 994 485 559 420 388 992 993 666 314 111 83 616 523 820 135 411 269 468 225 623 622 493 0 991 732 396 675 480 777 827 50 867 
212 567 180 639 311 703 223 437 970 536 168 912 458 647 233 337 63 665 581 291 771 484 395 937 781 178 387 587 197 203 982 245 908 68 369 571 817 862 763 628 566 998 806 682 595 823 344 84 328 547 991 0 831 127 488 158 428 824 424 956 
524 495 750 469 512 726 410 918 592 423 984 249 494 30 928 216 71 697 487 27 84 142 548 939 162 632 19 981 835 240 457 460 990 640 984 315 684 431 203 240 199 724 902 981 472 358 508 435 302 853 732 831 0 369 408 357 609 252 903 814 
32 802 132 766 301 147 716 758 902 174 296 219 162 50 507 599 320 401 734 159 79 59 405 764 1000 105 522 929 922 320 761 978 227 182 165 126 993 418 852 927 821 924 575 175 844 501 795 333 984 298 396 127 369 0 902 419 473 687 787 121 
752 897 616 139 403 857 776 565 852 132 172 129 517 827 412 422 133 619 806 971 827 289 999 987 92 60 142 591 787 124 573 226 327 751 258 694 821 210 786 153 849 119 385 471 331 804 613 396 267 165 675 488 408 902 0 647 778 853 42 804 
899 83 875 723 267 384 634 324 454 678 753 849 121 739 229 307 452 818 972 471 55 911 178 229 172 924 5 464 298 378 128 269 586 27 790 229 463 606 764 904 444 413 60 422 883 532 454 382 177 660 480 158 357 419 647 0 332 818 630 381 
170 430 999 722 447 961 1000 110 979 626 107 808 248 535 489 494 743 878 420 507 710 886 83 502 77 756 132 842 763 969 884 91 39 89 509 635 765 891 822 417 329 790 283 479 478 324 618 152 546 434 777 428 609 473 778 332 0 684 812 859 
407 611 545 170 191 526 656 487 932 942 476 286 751 327 941 102 774 329 577 396 971 85 698 374 531 987 914 3 141 238 950 798 304 92 325 686 532 971 367 159 441 441 7 265 689 577 808 571 985 17 827 824 252 687 853 818 684 0 524 969 
290 422 152 726 660 437 409 30 437 375 388 549 13 470 578 824 265 65 672 893 812 233 322 960 293 610 61 97 746 870 449 748 811 254 430 597 481 677 85 255 580 305 537 948 771 363 136 739 401 297 50 424 903 787 42 630 812 524 0 638 
650 957 762 810 765 438 207 232 199 305 559 858 528 825 733 787 781 256 14 958 876 92 698 11 652 421 634 558 672 715 474 326 307 415 690 971 687 204 853 105 158 442 322 848 800 940 853 653 241 961 867 956 814 121 804 381 859 969 638 0 
