100
0 478 464 113 719 334 820 349 887 218 332 539 300 627 11 482 479 598 531 88 827 767 565 672 806 129 525 866 67 273 407 51 750 223 164 468 556 335 168 442 552 499 333 851 125 343 685 956 292 567 43 118 685 959 142 490 88 18 707 506 291 114 557 40 336 720 860 243 54 379 37 605 230 369 808 706 63 844 13 354 410 55 824 94 366 965 936 805 334 994 310 624 107 866 16 794 585 227 389 990 
478 0 605 425 947 186 145 754 892 559 949 904 912 358 311 87 803 676 51 738 480 385 732 141 360 190 7 727 336 943 953 724 933 910 148 879 95 292 984 338 850 932 242 113 641 552 200 443 579 602 181 410 338 912 550 50 453 908 776 788 851 81 511 783 342 658 13 788 301 996 126 502 279 367 967 919 270 518 361 848 471 541 257 809 804 158 210 257 66 985 44 916 417 555 50 758 564 62 546 217 
464 605 0 57 671 70 335 37 388 253 658 257 965 505 728 858 113 888 661 622 97 269 687 433 665 954 850 571 3 607 486 64 504 702 472 174 124 806 562 863 410 219 120 727 75 199 584 539 86 244 161 534 865 847 318 529 801 167 99 155 126 584 219 629 638 42 155 113 848 68 975 609 287 446 335 713 644 270 252 81 514 412 614 730 610 284 258 410 450 708 917 927 291 135 908 280 176 62 744 375 
113 425 57 0 481 719 336 767 516 22 832 512 292 83 592 157 494 558 886 103 841 495 865 642 202 781 569 844 267 828 476 794 241 219 169 721 289 856 840 805 877 671 316 520 753 259 676 598 816 913 52 8 407 916 650 960 48 570 156 314 397 631 460 989 849 980 709 490 835 900 294 63 570 961 583 674 219 610 271 387 875 675 394 281 942 395 593 990 964 100 655 712 730 114 52 930 93 113 419 279 
719 947 671 481 0 12 64 342 582 376 276 255 947 237 878 333 111 552 78 744 845 473 336 834 788 435 841 852 516 306 903 797 751 15 568 29 27 983 722 960 359 349 566 305 586 795 637 696 698 66 791 543 538 126 376 678 912 568 529 779 874 431 928 976 798 495 4 176 477 726 135 835 426 52 491 11 847 479 59 544 545 849 86 82 327 814 759 590 381 639 369 606 422 296 581 219 142 937 394 618 
334 186 70 719 12 0 14 880 805 439 931 295 450 777 774 860 673 318 708 758 751 34 571 510 624 304 500 344 261 921 991 194 139 132 130 884 749 143 115 553 933 398 848 734 526 973 593 198 290 301 956 40 334 878 901 309 533 401 652 794 673 642 987 812 125 468 47 874 610 514 778 894 911 977 628 436 949 220 634 238 520 941 630 206 818 882 866 351 634 870 496 307 863 834 470 988 301 868 861 262 
820 145 335 336 64 14 0 381 990 155 643 967 782 79 915 2 64 505 873 4 486 430 173 719 296 523 353 165 370 11 27 203 832 14 503 699 226 764 432 216 271 74 534 52 504 800 405 567 304 630 570 141 59 743 860 706 617 564 870 987 926 249 541 109 614 396 159 840 511 590 407 781 16 940 185 519 739 941 86 395 570 7 535 981 101 746 38 70 661 908 408 938 508 948 46 121 343 205 960 854 
349 754 37 767 342 880 381 0 794 718 986 161 657 170 680 748 463 117 142 384 475 28 364 576 126 402 645 138 661 52 76 168 351 121 640 46 325 600 251 471 317 236 631 326 758 662 425 220 778 918 603 253 297 319 180 422 72 176 912 84 579 987 603 929 459 242 326 136 841 576 606 510 812 588 187 569 250 611 140 379 880 742 983 176 412 514 598 483 689 861 918 267 847 520 548 657 762 873 792 954 
887 892 388 516 582 805 990 794 0 801 397 815 612 337 1 532 586 963 671 316 842 764 299 18 176 164 967 10 853 179 928 471 25 447 370 681 560 243 825 514 395 221 680 6 909 681 889 846 995 559 162 189 674 812 558 201 975 876 211 179 54 490 650 78 288 19 110 200 613 286 713 7 507 392 364 767 424 252 613 771 162 774 959 836 937 516 36 911 391 598 442 796 439 91 225 79 461 686 278 74 
218 559 253 22 376 439 155 718 801 0 972 342 432 478 733 148 596 509 399 208 631 913 981 589 748 269 456 135 180 198 85 973 993 875 63 217 953 523 902 230 948 873 923 732 702 656 879 298 516 277 857 146 541 838 86 288 106 541 775 637 90 211 961 434 85 23 2 390 898 255 971 197 128 894 928 181 901 806 830 416 435 687 913 975 876 998 615 333 890 741 322 331 303 282 764 387 657 765 128 554 
332 949 658 832 276 931 643 986 397 972 0 371 99 750 498 992 30 31 244 187 212 659 973 898 923 300 125 272 914 458 513 6 779 843 308 412 958 46 68 74 174 621 444 624 723 294 615 104 676 858 290 887 868 263 137 142 562 261 413 827 718 277 184 848 119 491 612 428 888 679 853 61 652 296 684 726 941 650 829 616 859 118 503 78 732 639 219 293 251 983 471 321 259 654 168 729 496 131 508 384 
539 904 257 512 255 295 967 161 815 342 371 0 810 360 444 813 656 480 538 948 481 718 564 340 187 418 769 919 408 340 563 658 674 386 978 933 39 498 13 535 628 521 918 789 232 713 953 239 544 842 187 25 559 750 716 746 167 484 16 926 175 930 583 849 315 561 133 354 58 145 240 37 17 509 178 249 573 130 487 117 972 673 141 530 774 208 627 292 43 994 217 218 924 800 66 238 712 198 943 121 
300 912 965 292 947 450 782 657 612 432 99 810 0 694 534 509 63 42 686 311 967 816 149 83 787 174 575 668 299 134 295 591 176 288 159 393 563 310 810 801 373 7 95 493 53 629 2 115 22 687 777 988 854 277 70 640 802 996 308 101 129 954 43 305 593 201 49 156 863 859 956 235 217 402 80 621 30 433 735 52 471 863 39 325 492 461 964 293 808 623 393 937 928 435 593 521 988 641 28 202 
627 358 505 83 237 777 79 170 337 478 750 360 694 0 499 983 436 68 384 515 688 766 947 775 817 418 989 207 94 480 19 409 773 827 32 517 763 311 304 355 831 291 347 858 492 198 192 279 265 928 146 304 45 444 78 861 213 67 419 306 898 438 715 670 264 98 187 378 408 490 84 591 132 430 800 975 627 344 253 243 623 750 899 667 194 976 879 406 394 649 712 292 86 426 313 701 875 499 78 282 
11 311 728 592 878 774 915 680 1 733 498 444 534 499 0 340 161 224 471 591 24 797 569 719 50 164 341 151 62 359 344 389 589 750 135 237 461 426 323 238 90 23 112 589 453 745 280 613 321 103 555 344 899 476 414 300 639 106 451 52 464 794 440 52 543 574 288 355 351 962 944 441 337 407 381 789 504 12 753 824 114 308 519 13 135 932 312 773 37 762 824 852 556 615 903 450 541 542 157 891 
482 87 858 157 333 860 2 748 532 148 992 813 509 983 340 0 856 452 683 544 859 415 332 714 427 436 537 540 95 407 904 229 338 216 1 726 329 176 577 884 791 831 686 683 724 194 573 931 645 608 474 855 374 805 568 152 593 456 44 687 862 947 916 551 514 268 628 843 796 204 78 586 386 763 268 462 308 192 392 953 151 866 807 877 22 727 28 614 534 71 653 396 18 920 298 883 187 926 725 982 
479 803 113 494 111 673 64 463 586 596 30 656 63 436 161 856 0 481 803 919 219 917 538 680 225 82 71 529 584 288 687 460 310 413 488 275 947 558 279 694 927 198 991 810 385 268 886 718 749 688 989 967 957 526 998 181 959 68 709 543 708 395 354 369 160 841 643 458 751 922 503 29 471 845 190 855 113 76 925 213 115 913 179 71 790 176 251 749 595 311 643 302 58 996 670 217 189 665 26 939 
598 676 888 558 552 318 505 117 963 509 31 480 42 68 224 452 481 0 938 528 319 408 724 509 615 836 936 539 48 50 803 578 121 592 105 723 692 52 34 686 705 443 34 727 11 222 743 36 512 680 915 830 439 638 690 53 826 977 943 225 27 97 155 499 689 259 221 732 662 606 418 367 400 803 445 410 24 187 445 887 866 711 68 656 349 110 61 526 86 3 750 112 100 904 962 140 515 183 223 176 
531 51 661 886 78 708 873 142 671 399 244 538 686 384 471 683 803 938 0 140 992 894 540 794 338 949 169 524 746 55 741 808 123 397 508 232 457 33 317 811 783 781 262 38 742 401 552 276 624 728 768 615 973 307 761 311 607 929 834 704 984 575 512 106 323 19 689 131 404 357 941 538 137 203 575 231 603 127 506 578 206 273 545 178 931 305 840 538 233 674 593 568 600 104 673 274 475 713 404 230 
88 738 622 103 744 758 4 384 316 208 187 948 311 515 591 544 919 528 140 0 70 344 767 558 546 341 788 501 819 646 430 376 918 974 906 849 630 745 738 863 418 682 430 369 786 455 642 612 519 45 841 588 389 959 498 286 299 285 138 470 930 568 845 200 541 750 400 523 495 489 385 264 170 166 633 307 972 626 918 843 671 110 782 411 68 279 696 719 916 834 188 845 753 384 396 645 134 795 167 980 
827 480 97 841 845 751 486 475 842 631 212 481 967 688 24 859 219 319 992 70 0 283 903 243 453 421 227 759 744 853 29 586 875 490 368 285 910 998 332 628 913 517 167 110 269 902 505 914 387 300 80 366 934 983 961 386 403 539 497 146 391 525 84 265 14 451 901 275 800 233 902 713 749 420 822 18 674 678 931 60 329 362 778 263 344 90 648 98 628 496 596 19 20 679 635 386 481 536 12 280 
767 385 269 495 473 34 430 28 764 913 659 718 816 766 797 415 917 408 894 344 283 0 768 266 344 868 685 517 885 710 195 167 770 523 529 899 785 872 988 785 322 615 280 917 985 652 595 620 389 75 507 400 706 626 665 50 493 702 566 378 411 760 896 532 635 424 430 419 648 417 555 969 384 187 885 368 190 831 987 930 257 493 681 962 118 698 11 963 751 929 692 513 40 587 45 674 11 826 445 658 
565 732 687 865 336 571 173 364 299 981 973 564 149 947 569 332 538 724 540 767 903 768 0 595 999 978 978 537 862 345 78 44 684 7 300 176 40 613 646 737 976 608 839 904 299 351 943 237 747 617 247 925 413 256 519 411 233 848 300 446 192 377 489 875 736 140 403 775 753 400 863 728 359 701 631 9 51 925 245 150 893 492 74 305 99 592 68 332 439 367 777 982 95 618 209 830 757 611 604 509 
672 141 433 642 834 510 719 576 18 589 898 340 83 775 719 714 680 509 794 558 243 266 595 0 10 818 588 720 518 570 728 921 495 972 70 387 815 495 692 266 438 759 597 876 477 725 209 571 694 417 401 803 379 356 663 740 174 251 459 43 820 538 963 314 862 384 53 28 878 96 293 315 206 241 542 682 318 103 604 11 519 4 813 898 712 828 989 237 78 448 279 249 985 594 915 198 329 967 226 207 
806 360 665 202 788 624 296 126 176 748 923 187 787 817 50 427 225 615 338 546 453 344 999 10 0 414 518 873 619 759 767 652 428 869 255 438 387 611 603 636 322 430 625 910 859 424 540 107 760 485 21 958 814 339 183 372 752 52 244 370 162 10 21 589 230 276 379 617 886 333 604 559 114 580 820 972 355 359 78 467 844 451 424 657 789 958 380 541 361 975 262 523 985 283 463 566 910 841 182 147 
129 190 954 781 435 304 523 402 164 269 300 418 174 418 164 436 82 836 949 341 421 868 978 818 414 0 173 138 57 286 69 876 609 424 234 39 242 429 489 665 437 629 974 816 169 686 791 783 208 127 65 671 692 326 863 226 472 388 715 528 673 783 755 282 558 988 320 799 769 160 815 205 788 140 21 309 826 163 91 33 289 507 55 332 832 270 557 655 657 623 534 329 406 288 962 315 275 633 114 43 
525 7 850 569 841 500 353 645 967 456 125 769 575 989 341 537 71 936 169 788 227 685 978 588 518 173 0 144 280 600 284 420 620 592 245 782 34 629 422 540 36 753 723 305 662 729 961 284 262 641 41 549 955 708 823 939 821 218 83 452 817 366 871 788 309 467 921 342 96 694 233 131 798 307 787 811 35 99 447 296 739 487 844 45 194 18 984 366 587 66 818 755 783 40 894 91 507 814 784 954 
866 727 571 844 852 344 165 138 10 135 272 919 668 207 151 540 529 539 524 501 759 517 537 720 873 138 144 0 859 16 436 657 322 222 467 708 320 913 3 410 752 198 455 297 215 438 663 154 855 832 908 637 223 802 79 729 967 862 34 826 877 469 482 550 42 300 609 713 565 611 123 316 808 929 612 374 718 626 527 924 809 787 912 32 588 990 112 906 851 146 731 79 966 564 980 8 216 588 72 780 
67 336 3 267 516 261 370 661 853 180 914 408 299 94 62 95 584 48 746 819 744 885 862 518 619 57 280 859 0 550 546 447 709 474 410 434 543 388 961 466 196 99 377 579 38 366 43 943 568 540 26 646 505 941 977 864 156 564 288 287 465 833 85 173 307 495 607 849 882 919 667 429 369 43 8 406 409 50 700 328 589 725 974 445 18 302 661 525 218 948 164 682 780 248 207 438 742 813 639 623 
273 943 607 828 306 921 11 52 179 198 458 340 134 480 359 407 288 50 55 646 853 710 345 570 759 286 600 16 550 0 83 305 52 451 347 411 208 107 812 907 435 752 984 760 196 353 61 208 877 278 507 40 312 287 288 518 76 381 330 714 356 764 18 759 566 717 169 773 823 332 31 609 83 14 368 630 366 781 838 595 410 344 986 721 982 273 238 58 6 919 123 361 34 493 119 599 209 639 723 383 
407 953 486 476 903 991 27 76 928 85 513 563 295 19 344 904 687 803 741 430 29 195 78 728 767 69 284 436 546 83 0 970 754 992 52 119 711 681 485 843 870 431 253 566 416 973 547 41 563 956 46 481 79 406 515 571 876 465 131 866 188 513 835 941 856 238 59 919 270 895 761 492 325 365 57 93 690 955 133 252 263 178 84 341 935 950 263 162 415 745 27 602 257 213 894 465 802 304 383 423 
51 724 64 794 797 194 203 168 471 973 6 658 591 409 389 229 460 578 808 376 586 167 44 921 652 876 420 657 447 305 970 0 199 495 914 875 860 322 319 549 629 451 152 891 980 235 583 266 185 845 779 951 589 157 904 197 369 149 13 522 452 747 297 2 242 562 229 453 884 547 353 512 350 504 402 681 90 984 947 626 180 725 928 120 882 831 668 602 331 33 476 783 779 772 136 372 333 364 824 568 
750 933 504 241 751 139 832 351 25 993 779 674 176 773 589 338 310 121 123 918 875 770 684 495 428 609 620 322 709 52 754 199 0 263 528 79 612 383 832 292 825 167 590 450 698 667 730 169 900 912 189 501 243 221 328 25 999 99 160 371 432 876 546 351 138 426 430 101 808 613 744 632 780 334 434 829 352 515 998 251 426 186 103 668 406 431 44 756 529 204 126 312 431 24 663 568 449 444 668 608 
223 910 702 219 15 132 14 121 447 875 843 386 288 827 750 216 413 592 397 974 490 523 7 972 869 424 592 222 474 451 992 495 263 0 56 763 592 187 448 377 368 799 891 365 49 316 902 152 336 659 934 379 414 462 934 892 126 364 267 140 931 67 583 950 674 990 65 617 529 512 993 896 311 883 612 711 551 513 214 886 523 147 616 288 609 550 179 86 913 797 225 196 863 159 497 537 148 561 505 676 
164 148 472 169 568 130 503 640 370 63 308 978 159 32 135 1 488 105 508 906 368 529 300 70 255 234 245 467 410 347 52 914 528 56 0 73 498 923 735 732 534 445 634 398 659 871 920 805 487 208 765 36 738 202 300 535 426 495 749 584 992 285 732 904 790 759 976 639 682 710 722 567 507 356 965 517 226 236 673 712 795 438 99 885 639 399 419 417 893 167 1000 236 804 83 140 945 194 467 935 227 
468 879 174 721 29 884 699 46 681 217 412 933 393 517 237 726 275 723 232 849 285 899 176 387 438 39 782 708 434 411 119 875 79 763 73 0 529 656 793 35 11 109 551 589 697 575 652 491 364 751 375 3 149 145 771 393 664 122 629 819 557 120 115 750 586 49 328 114 704 472 500 67 581 402 7 277 977 658 119 340 408 494 694 556 990 464 949 653 938 929 471 494 48 585 595 633 633 922 99 689 
556 95 124 289 27 749 226 325 560 953 958 39 563 763 461 329 947 692 457 630 910 785 40 815 387 242 34 320 543 208 711 860 612 592 498 529 0 393 598 107 325 1000 113 601 328 770 720 667 530 565 361 437 554 176 385 559 465 665 29 958 712 966 552 697 950 825 795 990 218 392 96 894 743 560 495 70 682 566 89 211 482 801 647 387 328 384 945 793 48 974 750 112 291 654 808 240 478 602 230 47 
335 292 806 856 983 143 764 600 243 523 46 498 310 311 426 176 558 52 33 745 998 872 613 495 611 429 629 913 388 107 681 322 383 187 923 656 393 0 345 677 293 88 589 787 509 270 704 949 832 537 749 830 923 77 213 868 221 613 193 322 724 483 975 531 74 805 484 655 203 828 332 495 267 272 633 128 541 688 76 724 224 825 553 147 253 118 366 825 730 910 146 805 744 121 687 817 277 170 824 479 
168 984 562 840 722 115 432 251 825 902 68 13 810 304 323 577 279 34 317 738 332 988 646 692 603 489 422 3 961 812 485 319 832 448 735 793 598 345 0 349 507 326 616 778 958 743 670 646 170 393 221 346 945 719 598 62 84 774 143 345 920 299 88 40 985 257 668 506 80 146 855 938 471 822 715 781 916 384 778 85 776 998 431 72 69 380 134 504 154 628 849 73 927 288 464 263 544 483 769 975 
442 338 863 805 960 553 216 471 514 230 74 535 801 355 238 884 694 686 811 863 628 785 737 266 636 665 540 410 466 907 843 549 292 377 732 35 107 677 349 0 628 975 912 451 796 978 583 63 361 360 499 136 709 929 560 777 661 693 281 166 672 129 590 598 416 405 861 312 887 981 638 866 955 550 316 102 527 250 516 240 609 14 727 670 295 286 446 955 330 78 472 2 558 61 951 974 465 163 637 703 
552 850 410 877 359 933 271 317 395 948 174 628 373 831 90 791 927 705 783 418 913 322 976 438 322 437 36 752 196 435 870 629 825 368 534 11 325 293 507 628 0 143 274 568 449 175 236 902 54 485 417 293 446 431 371 115 725 657 560 31 338 990 502 339 547 562 642 872 378 804 508 80 299 134 647 99 660 234 1 65 719 417 709 164 847 80 630 923 88 541 953 425 530 454 764 77 367 757 948 744 
499 932 219 671 349 398 74 236 221 873 621 521 7 291 23 831 198 443 781 682 517 615 608 759 430 629 753 198 99 752 431 451 167 799 445 109 1000 88 326 975 143 0 560 808 175 210 941 174 309 952 407 309 17 477 725 725 640 924 804 269 846 891 810 151 316 691 604 431 767 971 187 715 66 98 522 241 308 814 766 616 765 172 276 781 1 352 506 640 275 309 261 473 552 422 623 867 112 578 649 879 
333 242 120 316 566 848 534 631 680 923 444 918 95 347 112 686 991 34 262 430 167 280 839 597 625 974 723 455 377 984 253 152 590 891 634 551 113 589 616 912 274 560 0 900 835 945 966 284 818 558 591 631 675 558 395 198 833 528 198 185 33 190 811 693 450 635 596 223 609 814 686 187 462 916 438 648 860 755 932 29 664 874 659 338 432 406 536 616 285 733 152 669 274 315 713 75 949 309 297 558 
851 113 727 520 305 734 52 326 6 732 624 789 493 858 589 683 810 727 38 369 110 917 904 876 910 816 305 297 579 760 566 891 450 365 398 589 601 787 778 451 568 808 900 0 122 983 96 936 250 885 583 110 640 866 138 303 740 149 641 523 906 528 138 190 612 290 858 886 604 570 960 904 878 609 813 352 591 260 287 840 145 221 301 784 87 791 438 178 291 78 700 196 957 837 385 569 478 594 454 433 
125 641 75 753 586 526 504 758 909 702 723 232 53 492 453 724 385 11 742 786 269 985 299 477 859 169 662 215 38 196 416 980 698 49 659 697 328 509 958 796 449 175 835 122 0 163 413 337 393 21 501 744 963 761 382 155 905 954 807 40 40 949 477 569 239 907 268 434 863 457 170 431 286 763 236 719 926 1 407 670 373 907 413 688 19 146 194 275 99 1000 314 491 949 143 59 539 49 679 325 263 
343 552 199 259 795 973 800 662 681 656 294 713 629 198 745 194 268 222 401 455 902 652 351 725 424 686 729 438 366 353 973 235 667 316 871 575 770 270 743 978 175 210 945 983 163 0 135 494 46 420 257 281 490 534 633 896 555 6 155 319 693 173 464 886 800 914 237 465 404 537 607 815 76 7 493 400 270 627 245 667 398 501 947 888 386 932 135 292 937 289 610 981 814 73 218 613 987 454 429 742 
685 200 584 676 637 593 405 425 889 879 615 953 2 192 280 573 886 743 552 642 505 595 943 209 540 791 961 663 43 61 547 583 730 902 920 652 720 704 670 583 236 941 966 96 413 135 0 991 36 556 418 394 48 169 663 26 413 681 776 266 980 663 3 911 797 295 847 438 904 179 603 977 396 567 315 849 995 408 191 382 964 960 776 363 128 790 741 541 471 516 158 450 530 160 360 326 454 558 115 358 
956 443 539 598 696 198 567 220 846 298 104 239 115 279 613 931 718 36 276 612 914 620 237 571 107 783 284 154 943 208 41 266 169 152 805 491 667 949 646 63 902 174 284 936 337 494 991 0 88 69 686 483 635 352 683 982 759 226 363 74 185 138 789 665 928 529 557 750 396 714 551 925 873 910 602 327 819 69 684 906 137 721 740 124 72 422 105 830 647 819 256 184 309 44 200 588 924 756 337 319 
292 579 86 816 698 290 304 778 995 516 676 544 22 265 321 645 749 512 624 519 387 389 747 694 760 208 262 855 568 877 563 185 900 336 487 364 530 832 170 361 54 309 818 250 393 46 36 88 0 469 887 243 693 148 196 19 318 264 54 575 401 774 666 876 197 87 332 379 86 150 634 621 810 29 820 397 952 575 85 622 395 323 216 87 822 411 458 139 675 511 65 427 637 730 302 833 169 633 211 606 
567 602 244 913 66 301 630 918 559 277 858 842 687 928 103 608 688 680 728 45 300 75 617 417 485 127 641 832 540 278 956 845 912 659 208 751 565 537 393 360 485 952 558 885 21 420 556 69 469 0 134 196 226 944 224 397 340 527 323 777 148 717 99 715 155 921 126 612 411 152 475 828 578 111 909 231 295 77 863 858 682 996 53 259 939 277 655 631 155 329 407 303 397 857 369 552 129 494 515 892 
43 181 161 52 791 956 570 603 162 857 290 187 777 146 555 474 989 915 768 841 80 507 247 401 21 65 41 908 26 507 46 779 189 934 765 375 361 749 221 499 417 407 591 583 501 257 418 686 887 134 0 645 989 719 574 451 627 804 98 56 666 955 737 14 7 348 304 635 2 934 790 331 692 444 727 901 812 630 29 658 497 272 302 485 990 228 288 969 31 385 24 49 691 112 62 697 459 365 684 813 
118 410 534 8 543 40 141 253 189 146 887 25 988 304 344 855 967 830 615 588 366 400 925 803 958 671 549 637 646 40 481 951 501 379 36 3 437 830 346 136 293 309 631 110 744 281 394 483 243 196 645 0 651 473 495 342 268 573 594 431 203 623 88 699 894 742 535 236 969 174 556 999 910 579 47 600 690 460 297 501 825 332 313 475 804 807 168 423 379 762 853 933 736 293 983 981 34 870 568 354 
685 338 865 407 538 334 59 297 674 541 868 559 854 45 899 374 957 439 973 389 934 706 413 379 814 692 955 223 505 312 79 589 243 414 738 149 554 923 945 709 446 17 675 640 963 490 48 635 693 226 989 651 0 395 123 352 305 53 751 904 743 562 552 595 386 883 907 212 38 65 732 460 795 493 665 80 580 957 62 912 342 283 480 695 678 602 398 982 655 148 237 749 62 141 343 447 23 601 11 413 
959 912 847 916 126 878 743 319 812 838 263 750 277 444 476 805 526 638 307 959 983 626 256 356 339 326 708 802 941 287 406 157 221 462 202 145 176 77 719 929 431 477 558 866 761 534 169 352 148 944 719 473 395 0 665 742 224 459 586 888 538 165 196 952 428 537 234 907 583 263 861 981 244 867 480 833 967 541 973 309 340 347 261 350 759 925 443 983 735 28 222 625 544 770 928 971 658 161 230 241 
142 550 318 650 376 901 860 180 558 86 137 716 70 78 414 568 998 690 761 498 961 665 519 663 183 863 823 79 977 288 515 904 328 934 300 771 385 213 598 560 371 725 395 138 382 633 663 683 196 224 574 495 123 665 0 776 90 573 19 308 52 203 274 593 175 934 284 522 194 633 280 470 427 614 556 806 188 180 701 957 107 23 966 620 252 206 747 693 778 765 1000 182 968 625 126 494 558 409 15 103 
490 50 529 960 678 309 706 422 201 288 142 746 640 861 300 152 181 53 311 286 386 50 411 740 372 226 939 729 864 518 571 197 25 892 535 393 559 868 62 777 115 725 198 303 155 896 26 982 19 397 451 342 352 742 776 0 393 647 572 819 260 128 624 447 659 324 755 118 698 721 89 950 278 835 994 408 951 346 589 270 970 714 764 880 122 778 982 866 424 906 684 36 33 659 834 43 334 941 160 31 
88 453 801 48 912 533 617 72 975 106 562 167 802 213 639 593 959 826 607 299 403 493 233 174 752 472 821 967 156 76 876 369 999 126 426 664 465 221 84 661 725 640 833 740 905 555 413 759 318 340 627 268 305 224 90 393 0 661 600 332 290 434 326 697 385 671 285 654 992 350 417 871 823 547 853 688 322 758 723 357 142 381 543 184 66 483 696 97 495 295 780 784 81 105 833 465 127 469 470 119 
18 908 167 570 568 401 564 176 876 541 261 484 996 67 106 456 68 977 929 285 539 702 848 251 52 388 218 862 564 381 465 149 99 364 495 122 665 613 774 693 657 924 528 149 954 6 681 226 264 527 804 573 53 459 573 647 661 0 819 239 341 641 785 545 681 458 654 403 167 795 784 709 331 849 191 378 297 37 24 429 172 104 533 4 920 12 473 390 482 643 980 822 635 116 719 315 573 372 718 739 
707 776 99 156 529 652 870 912 211 775 413 16 308 419 451 44 709 943 834 138 497 566 300 459 244 715 83 34 288 330 131 13 160 267 749 629 29 193 143 281 560 804 198 641 807 155 776 363 54 323 98 594 751 586 19 572 600 819 0 519 853 447 201 53 989 578 350 377 953 778 549 57 662 552 328 25 376 69 506 18 48 680 653 163 398 319 88 121 36 826 639 888 625 839 941 965 768 642 342 721 
506 788 155 314 779 794 987 84 179 637 827 926 101 306 52 687 543 225 704 470 146 378 446 43 370 528 452 826 287 714 866 522 371 140 584 819 958 322 345 166 31 269 185 523 40 319 266 74 575 777 56 431 904 888 308 819 332 239 519 0 771 890 129 784 793 456 809 169 525 666 538 572 345 542 87 94 861 174 215 896 351 205 136 327 44 428 292 163 69 633 883 191 874 363 974 666 819 134 186 695 
291 851 126 397 874 673 926 579 54 90 718 175 129 898 464 862 708 27 984 930 391 411 192 820 162 673 817 877 465 356 188 452 432 931 992 557 712 724 920 672 338 846 33 906 40 693 980 185 401 148 666 203 743 538 52 260 290 341 853 771 0 800 724 618 496 265 704 942 125 229 508 373 932 712 508 258 107 935 549 270 355 533 504 545 758 867 870 776 37 356 961 731 507 684 348 354 949 404 295 425 
114 81 584 631 431 642 249 987 490 211 277 930 954 438 794 947 395 97 575 568 525 760 377 538 10 783 366 469 833 764 513 747 876 67 285 120 966 483 299 129 990 891 190 528 949 173 663 138 774 717 955 623 562 165 203 128 434 641 447 890 800 0 984 802 797 915 866 656 525 972 590 73 241 296 958 745 192 715 963 414 490 999 769 803 81 275 486 780 980 786 535 275 563 519 428 359 785 293 367 309 
557 511 219 460 928 987 541 603 650 961 184 583 43 715 440 916 354 155 512 845 84 896 489 963 21 755 871 482 85 18 835 297 546 583 732 115 552 975 88 590 502 810 811 138 477 464 3 789 666 99 737 88 552 196 274 624 326 785 201 129 724 984 0 265 308 734 857 604 691 953 795 757 915 208 599 265 328 401 345 954 238 125 934 376 659 208 938 529 987 648 314 632 14 974 248 322 707 104 925 749 
40 783 629 989 976 812 109 929 78 434 848 849 305 670 52 551 369 499 106 200 265 532 875 314 589 282 788 550 173 759 941 2 351 950 904 750 697 531 40 598 339 151 693 190 569 886 911 665 876 715 14 699 595 952 593 447 697 545 53 784 618 802 265 0 57 71 858 323 631 456 588 958 208 284 912 797 408 197 524 419 756 461 299 742 461 964 373 474 938 620 147 996 76 423 745 132 494 602 806 476 
336 342 638 849 798 125 614 459 288 85 119 315 593 264 543 514 160 689 323 541 14 635 736 862 230 558 309 42 307 566 856 242 138 674 790 586 950 74 985 416 547 316 450 612 239 800 797 928 197 155 7 894 386 428 175 659 385 681 989 793 496 797 308 57 0 409 393 433 968 677 696 764 436 892 288 206 647 100 857 741 560 820 465 386 109 437 532 105 512 955 849 995 800 802 800 275 210 545 59 177 
720 658 42 980 495 468 396 242 19 23 491 561 201 98 574 268 841 259 19 750 451 424 140 384 276 988 467 300 495 717 238 562 426 990 759 49 825 805 257 405 562 691 635 290 907 914 295 529 87 921 348 742 883 537 934 324 671 458 578 456 265 915 734 71 409 0 573 755 292 8 998 931 566 997 383 422 89 942 241 553 679 350 989 211 806 500 165 6 846 964 807 646 590 368 542 648 896 114 754 539 
860 13 155 709 4 47 159 326 110 2 612 133 49 187 288 628 643 221 689 400 901 430 403 53 379 320 921 609 607 169 59 229 430 65 976 328 795 484 668 861 642 604 596 858 268 237 847 557 332 126 304 535 907 234 284 755 285 654 350 809 704 866 857 858 393 573 0 473 752 470 38 100 204 459 188 497 52 92 176 753 81 386 558 932 902 563 778 217 721 775 806 88 668 805 983 781 559 521 253 310 
243 788 113 490 176 874 840 136 200 390 428 354 156 378 355 843 458 732 131 523 275 419 775 28 617 799 342 713 849 773 919 453 101 617 639 114 990 655 506 312 872 431 223 886 434 465 438 750 379 612 635 236 212 907 522 118 654 403 377 169 942 656 604 323 433 755 473 0 342 291 761 545 101 300 42 152 391 217 256 823 954 813 755 207 727 884 775 447 10 932 534 677 736 516 809 294 389 61 955 730 
54 301 848 835 477 610 511 841 613 898 888 58 863 408 351 796 751 662 404 495 800 648 753 878 886 769 96 565 882 823 270 884 808 529 682 704 218 203 80 887 378 767 609 604 863 404 904 396 86 411 2 969 38 583 194 698 992 167 953 525 125 525 691 631 968 292 752 342 0 703 715 275 156 366 668 659 757 884 915 579 189 727 685 395 454 568 169 900 929 100 786 957 835 653 765 481 41 178 435 771 
379 996 68 900 726 514 590 576 286 255 679 145 859 490 962 204 922 606 357 489 233 417 400 96 333 160 694 611 919 332 895 547 613 512 710 472 392 828 146 981 804 971 814 570 457 537 179 714 150 152 934 174 65 263 633 721 350 795 778 666 229 972 953 456 677 8 470 291 703 0 232 502 397 387 867 64 46 975 299 312 554 487 38 238 233 843 158 753 95 438 852 880 395 38 884 511 870 925 688 657 
37 126 975 294 135 778 407 606 713 971 853 240 956 84 944 78 503 418 941 385 902 555 863 293 604 815 233 123 667 31 761 353 744 993 722 500 96 332 855 638 508 187 686 960 170 607 603 551 634 475 790 556 732 861 280 89 417 784 549 538 508 590 795 588 696 998 38 761 715 232 0 47 272 158 795 658 376 858 55 351 508 366 256 346 756 845 930 950 354 682 396 144 885 627 538 274 511 400 144 435 
605 502 609 63 835 894 781 510 7 197 61 37 235 591 441 586 29 367 538 264 713 969 728 315 559 205 131 316 429 609 492 512 632 896 567 67 894 495 938 866 80 715 187 904 431 815 977 925 621 828 331 999 460 981 470 950 871 709 57 572 373 73 757 958 764 931 100 545 275 502 47 0 440 800 481 711 309 275 368 684 484 775 386 343 492 993 40 247 838 969 549 543 650 944 686 886 571 575 159 433 
230 279 287 570 426 911 16 812 507 128 652 17 217 132 337 386 471 400 137 170 749 384 359 206 114 788 798 808 369 83 325 350 780 311 507 581 743 267 471 955 299 66 462 878 286 76 396 873 810 578 692 910 795 244 427 278 823 331 662 345 932 241 915 208 436 566 204 101 156 397 272 440 0 975 302 867 414 101 699 124 409 325 843 445 160 969 182 502 461 175 893 59 364 861 607 906 862 903 592 747 
369 367 446 961 52 977 940 588 392 894 296 509 402 430 407 763 845 803 203 166 420 187 701 241 580 140 307 929 43 14 365 504 334 883 356 402 560 272 822 550 134 98 916 609 763 7 567 910 29 111 444 579 493 867 614 835 547 849 552 542 712 296 208 284 892 997 459 300 366 387 158 800 975 0 473 518 257 257 492 559 123 257 11 173 732 772 849 575 216 8 543 397 861 355 571 753 414 286 965 20 
808 967 335 583 491 628 185 187 364 928 684 178 80 800 381 268 190 445 575 633 822 885 631 542 820 21 787 612 8 368 57 402 434 612 965 7 495 633 715 316 647 522 438 813 236 493 315 602 820 909 727 47 665 480 556 994 853 191 328 87 508 958 599 912 288 383 188 42 668 867 795 481 302 473 0 192 178 922 135 276 746 652 532 2 496 90 476 752 453 1000 484 224 848 410 439 855 304 187 715 11 
706 919 713 674 11 436 519 569 767 181 726 249 621 975 789 462 855 410 231 307 18 368 9 682 972 309 811 374 406 630 93 681 829 711 517 277 70 128 781 102 99 241 648 352 719 400 849 327 397 231 901 600 80 833 806 408 688 378 25 94 258 745 265 797 206 422 497 152 659 64 658 711 867 518 192 0 110 819 424 395 783 795 938 312 69 72 587 814 76 119 168 571 560 995 674 364 995 509 587 842 
63 270 644 219 847 949 739 250 424 901 941 573 30 627 504 308 113 24 603 972 674 190 51 318 355 826 35 718 409 366 690 90 352 551 226 977 682 541 916 527 660 308 860 591 926 270 995 819 952 295 812 690 580 967 188 951 322 297 376 861 107 192 328 408 647 89 52 391 757 46 376 309 414 257 178 110 0 270 377 49 926 564 115 936 673 934 359 419 68 153 357 732 221 428 318 387 855 788 906 425 
844 518 270 610 479 220 941 611 252 806 650 130 433 344 12 192 76 187 127 626 678 831 925 103 359 163 99 626 50 781 955 984 515 513 236 658 566 688 384 250 234 814 755 260 1 627 408 69 575 77 630 460 957 541 180 346 758 37 69 174 935 715 401 197 100 942 92 217 884 975 858 275 101 257 922 819 270 0 700 900 451 63 246 311 2 440 581 378 488 506 941 602 793 965 887 151 384 307 655 740 
13 361 252 271 59 634 86 140 613 830 829 487 735 253 753 392 925 445 506 918 931 987 245 604 78 91 447 527 700 838 133 947 998 214 673 119 89 76 778 516 1 766 932 287 407 245 191 684 85 863 29 297 62 973 701 589 723 24 506 215 549 963 345 524 857 241 176 256 915 299 55 368 699 492 135 424 377 700 0 38 228 519 707 966 374 847 871 150 898 122 600 960 368 911 313 807 843 691 646 348 
354 848 81 387 544 238 395 379 771 416 616 117 52 243 824 953 213 887 578 843 60 930 150 11 467 33 296 924 328 595 252 626 251 886 712 340 211 724 85 240 65 616 29 840 670 667 382 906 622 858 658 501 912 309 957 270 357 429 18 896 270 414 954 419 741 553 753 823 579 312 351 684 124 559 276 395 49 900 38 0 631 599 492 948 486 642 331 144 648 422 533 227 940 591 192 313 437 414 463 334 
410 471 514 875 545 520 570 880 162 435 859 972 471 623 114 151 115 866 206 671 329 257 893 519 844 289 739 809 589 410 263 180 426 523 795 408 482 224 776 609 719 765 664 145 373 398 964 137 395 682 497 825 342 340 107 970 142 172 48 351 355 490 238 756 560 679 81 954 189 554 508 484 409 123 746 783 926 451 228 631 0 888 414 646 255 676 958 413 518 648 58 217 631 656 708 930 493 701 260 636 
55 541 412 675 849 941 7 742 774 687 118 673 863 750 308 866 913 711 273 110 362 493 492 4 451 507 487 787 725 344 178 725 186 147 438 494 801 825 998 14 417 172 874 221 907 501 960 721 323 996 272 332 283 347 23 714 381 104 680 205 533 999 125 461 820 350 386 813 727 487 366 775 325 257 652 795 564 63 519 599 888 0 349 33 520 927 972 111 471 637 547 884 99 233 123 864 878 729 540 187 
824 257 614 394 86 630 535 983 959 913 503 141 39 899 519 807 179 68 545 782 778 681 74 813 424 55 844 912 974 986 84 928 103 616 99 694 647 553 431 727 709 276 659 301 413 947 776 740 216 53 302 313 480 261 966 764 543 533 653 136 504 769 934 299 465 989 558 755 685 38 256 386 843 11 532 938 115 246 707 492 414 349 0 141 57 187 550 274 817 206 981 746 50 682 357 38 382 389 557 308 
94 809 730 281 82 206 981 176 836 975 78 530 325 667 13 877 71 656 178 411 263 962 305 898 657 332 45 32 445 721 341 120 668 288 885 556 387 147 72 670 164 781 338 784 688 888 363 124 87 259 485 475 695 350 620 880 184 4 163 327 545 803 376 742 386 211 932 207 395 238 346 343 445 173 2 312 936 311 966 948 646 33 141 0 712 19 778 348 918 14 798 150 136 662 379 865 201 565 357 609 
366 804 610 942 327 818 101 412 937 876 732 774 492 194 135 22 790 349 931 68 344 118 99 712 789 832 194 588 18 982 935 882 406 609 639 990 328 253 69 295 847 1 432 87 19 386 128 72 822 939 990 804 678 759 252 122 66 920 398 44 758 81 659 461 109 806 902 727 454 233 756 492 160 732 496 69 673 2 374 486 255 520 57 712 0 751 907 882 919 464 215 16 865 248 372 902 981 112 811 288 
965 158 284 395 814 882 746 514 516 998 639 208 461 976 932 727 176 110 305 279 90 698 592 828 958 270 18 990 302 273 950 831 431 550 399 464 384 118 380 286 80 352 406 791 146 932 790 422 411 277 228 807 602 925 206 778 483 12 319 428 867 275 208 964 437 500 563 884 568 843 845 993 969 772 90 72 934 440 847 642 676 927 187 19 751 0 824 829 418 171 98 783 969 247 270 982 625 486 182 542 
936 210 258 593 759 866 38 598 36 615 219 627 964 879 312 28 251 61 840 696 648 11 68 989 380 557 984 112 661 238 263 668 44 179 419 949 945 366 134 446 630 506 536 438 194 135 741 105 458 655 288 168 398 443 747 982 696 473 88 292 870 486 938 373 532 165 778 775 169 158 930 40 182 849 476 587 359 581 871 331 958 972 550 778 907 824 0 843 790 644 101 24 563 916 590 930 780 837 302 34 
805 257 410 990 590 351 70 483 911 333 293 292 293 406 773 614 749 526 538 719 98 963 332 237 541 655 366 906 525 58 162 602 756 86 417 653 793 825 504 955 923 640 616 178 275 292 541 830 139 631 969 423 982 983 693 866 97 390 121 163 776 780 529 474 105 6 217 447 900 753 950 247 502 575 752 814 419 378 150 144 413 111 274 348 882 829 843 0 169 765 844 456 940 24 225 111 122 7 431 720 
334 66 450 964 381 634 661 689 391 890 251 43 808 394 37 534 595 86 233 916 628 751 439 78 361 657 587 851 218 6 415 331 529 913 893 938 48 730 154 330 88 275 285 291 99 937 471 647 675 155 31 379 655 735 778 424 495 482 36 69 37 980 987 938 512 846 721 10 929 95 354 838 461 216 453 76 68 488 898 648 518 471 817 918 919 418 790 169 0 629 764 697 114 297 238 956 438 881 408 461 
994 985 708 100 639 870 908 861 598 741 983 994 623 649 762 71 311 3 674 834 496 929 367 448 975 623 66 146 948 919 745 33 204 797 167 929 974 910 628 78 541 309 733 78 1000 289 516 819 511 329 385 762 148 28 765 906 295 643 826 633 356 786 648 620 955 964 775 932 100 438 682 969 175 8 1000 119 153 506 122 422 648 637 206 14 464 171 644 765 629 0 795 323 402 725 103 590 378 488 758 494 
310 44 917 655 369 496 408 918 442 322 471 217 393 712 824 653 643 750 593 188 596 692 777 279 262 534 818 731 164 123 27 476 126 225 1000 471 750 146 849 472 953 261 152 700 314 610 158 256 65 407 24 853 237 222 1000 684 780 980 639 883 961 535 314 147 849 807 806 534 786 852 396 549 893 543 484 168 357 941 600 533 58 547 981 798 215 98 101 844 764 795 0 683 566 434 706 790 896 179 149 678 
624 916 927 712 606 307 938 267 796 331 321 218 937 292 852 396 302 112 568 845 19 513 982 249 523 329 755 79 682 361 602 783 312 196 236 494 112 805 73 2 425 473 669 196 491 981 450 184 427 303 49 933 749 625 182 36 784 822 888 191 731 275 632 996 995 646 88 677 957 880 144 543 59 397 224 571 732 602 960 227 217 884 746 150 16 783 24 456 697 323 683 0 899 777 441 947 890 737 184 198 
107 417 291 730 422 863 508 847 439 303 259 924 928 86 556 18 58 100 600 753 20 40 95 985 985 406 783 966 780 34 257 779 431 863 804 48 291 744 927 558 530 552 274 957 949 814 530 309 637 397 691 736 62 544 968 33 81 635 625 874 507 563 14 76 800 590 668 736 835 395 885 650 364 861 848 560 221 793 368 940 631 99 50 136 865 969 563 940 114 402 566 899 0 174 416 957 987 563 280 388 
866 555 135 114 296 834 948 520 91 282 654 800 435 426 615 920 996 904 104 384 679 587 618 594 283 288 40 564 248 493 213 772 24 159 83 585 654 121 288 61 454 422 315 837 143 73 160 44 730 857 112 293 141 770 625 659 105 116 839 363 684 519 974 423 802 368 805 516 653 38 627 944 861 355 410 995 428 965 911 591 656 233 682 662 248 247 916 24 297 725 434 777 174 0 639 734 978 16 221 735 
16 50 908 52 581 470 46 548 225 764 168 66 593 313 903 298 670 962 673 396 635 45 209 915 463 962 894 980 207 119 894 136 663 497 140 595 808 687 464 951 764 623 713 385 59 218 360 200 302 369 62 983 343 928 126 834 833 719 941 974 348 428 248 745 800 542 983 809 765 884 538 686 607 571 439 674 318 887 313 192 708 123 357 379 372 270 590 225 238 103 706 441 416 639 0 861 903 300 294 960 
794 758 280 930 219 988 121 657 79 387 729 238 521 701 450 883 217 140 274 645 386 674 830 198 566 315 91 8 438 599 465 372 568 537 945 633 240 817 263 974 77 867 75 569 539 613 326 588 833 552 697 981 447 971 494 43 465 315 965 666 354 359 322 132 275 648 781 294 481 511 274 886 906 753 855 364 387 151 807 313 930 864 38 865 902 982 930 111 956 590 790 947 957 734 861 0 442 189 491 590 
585 564 176 93 142 301 343 762 461 657 496 712 988 875 541 187 189 515 475 134 481 11 757 329 910 275 507 216 742 209 802 333 449 148 194 633 478 277 544 465 367 112 949 478 49 987 454 924 169 129 459 34 23 658 558 334 127 573 768 819 949 785 707 494 210 896 559 389 41 870 511 571 862 414 304 995 855 384 843 437 493 878 382 201 981 625 780 122 438 378 896 890 987 978 903 442 0 866 741 718 
227 62 62 113 937 868 205 873 686 765 131 198 641 499 542 926 665 183 713 795 536 826 611 967 841 633 814 588 813 639 304 364 444 561 467 922 602 170 483 163 757 578 309 594 679 454 558 756 633 494 365 870 601 161 409 941 469 372 642 134 404 293 104 602 545 114 521 61 178 925 400 575 903 286 187 509 788 307 691 414 701 729 389 565 112 486 837 7 881 488 179 737 563 16 300 189 866 0 306 687 
389 546 744 419 394 861 960 792 278 128 508 943 28 78 157 725 26 223 404 167 12 445 604 226 182 114 784 72 639 723 383 824 668 505 935 99 230 824 769 637 948 649 297 454 325 429 115 337 211 515 684 568 11 230 15 160 470 718 342 186 295 367 925 806 59 754 253 955 435 688 144 159 592 965 715 587 906 655 646 463 260 540 557 357 811 182 302 431 408 758 149 184 280 221 294 491 741 306 0 959 
990 217 375 279 618 262 854 954 74 554 384 121 202 282 891 982 939 176 230 980 280 658 509 207 147 43 954 780 623 383 423 568 608 676 227 689 47 479 975 703 744 879 558 433 263 742 358 319 606 892 813 354 413 241 103 31 119 739 721 695 425 309 749 476 177 539 310 730 771 657 435 433 747 20 11 842 425 740 348 334 636 187 308 609 288 542 34 720 461 494 678 198 388 735 960 590 718 687 959 0 
