50
0 464 143 672 151 589 958 646 879 378 516 998 418 211 808 585 772 806 50 967 477 11 84 22 823 124 416 25 825 655 832 678 119 326 349 621 915 306 266 145 684 133 494 453 696 301 38 467 458 439 
464 0 433 934 450 868 307 624 991 723 1000 168 377 183 197 847 509 545 467 775 202 85 919 885 217 412 690 912 64 79 378 873 517 162 158 966 29 464 941 372 186 941 891 915 123 87 761 983 983 228 
143 433 0 757 184 312 27 421 880 790 110 144 205 188 521 77 56 683 234 374 63 50 314 786 235 254 676 149 729 114 262 711 96 841 820 632 504 846 52 383 988 161 526 192 700 399 621 755 433 206 
672 934 757 0 128 495 255 442 633 842 47 308 990 127 774 603 190 221 443 9 852 946 206 903 329 193 415 206 737 466 604 709 221 388 914 700 883 521 493 515 362 892 174 703 18 299 306 207 520 748 
151 450 184 128 0 567 371 46 773 626 726 317 40 931 405 858 887 113 78 274 379 129 508 899 622 374 612 513 900 314 882 198 971 89 717 719 655 440 116 779 65 841 448 456 771 852 313 9 317 742 
589 868 312 495 567 0 635 695 871 142 945 844 868 556 356 767 221 589 964 192 677 33 262 684 472 377 814 888 217 261 343 339 465 8 348 781 749 334 827 971 475 123 814 342 678 521 460 250 110 424 
958 307 27 255 371 635 0 441 138 808 702 821 279 430 987 166 998 247 860 337 711 867 36 843 616 369 669 938 195 791 752 889 820 272 348 70 733 123 862 871 930 916 43 560 345 29 725 343 276 937 
646 624 421 442 46 695 441 0 31 338 803 66 533 770 434 553 708 628 344 811 516 515 434 216 936 167 338 798 37 268 713 431 179 409 460 256 103 87 192 133 776 346 198 308 116 983 861 175 963 556 
879 991 880 633 773 871 138 31 0 985 830 422 418 45 358 936 383 155 324 2 219 755 532 979 566 787 82 652 978 566 427 324 764 87 791 98 947 317 412 854 653 242 275 70 286 632 358 20 138 681 
378 723 790 842 626 142 808 338 985 0 373 708 435 905 687 1000 691 120 3 21 685 782 696 800 868 838 250 166 154 661 19 806 902 645 227 540 629 936 911 118 617 284 826 403 540 864 755 582 335 757 
516 1000 110 47 726 945 702 803 830 373 0 602 19 890 649 171 757 486 420 274 991 432 644 148 334 289 375 225 917 662 135 34 278 770 211 33 309 426 787 891 760 895 844 131 785 493 301 893 330 72 
998 168 144 308 317 844 821 66 422 708 602 0 167 321 855 810 468 188 450 194 764 718 856 899 752 485 20 314 517 329 740 303 219 499 550 414 629 334 906 281 226 236 704 744 908 559 906 727 98 355 
418 377 205 990 40 868 279 533 418 435 19 167 0 273 862 73 480 112 176 964 131 841 833 811 580 487 381 431 36 795 59 369 700 692 947 287 395 690 546 305 947 625 403 302 897 616 726 728 79 253 
211 183 188 127 931 556 430 770 45 905 890 321 273 0 691 209 93 875 20 673 362 752 103 397 546 513 118 598 556 64 236 303 105 782 607 52 758 361 705 654 976 430 733 54 682 775 615 126 650 986 
808 197 521 774 405 356 987 434 358 687 649 855 862 691 0 150 11 737 604 759 283 117 876 232 24 291 467 326 396 600 933 799 357 645 503 362 973 932 94 26 965 869 992 442 870 329 592 880 66 195 
585 847 77 603 858 767 166 553 936 1000 171 810 73 209 150 0 990 700 663 866 931 687 508 397 364 903 349 648 701 705 293 555 419 265 486 512 642 802 732 634 244 601 962 187 832 379 381 174 430 396 
772 509 56 190 887 221 998 708 383 691 757 468 480 93 11 990 0 39 360 82 898 109 445 801 457 93 853 513 737 408 931 1 245 795 994 399 526 979 642 479 293 828 662 671 560 835 101 955 225 812 
806 545 683 221 113 589 247 628 155 120 486 188 112 875 737 700 39 0 388 123 920 185 275 728 629 479 593 365 886 523 717 483 669 710 881 547 689 874 377 333 53 38 3 612 873 455 567 449 619 306 
50 467 234 443 78 964 860 344 324 3 420 450 176 20 604 663 360 388 0 571 538 490 197 618 118 676 210 482 913 84 198 747 105 260 627 651 300 500 27 632 904 64 986 516 288 441 434 89 59 739 
967 775 374 9 274 192 337 811 2 21 274 194 964 673 759 866 82 123 571 0 11 948 229 208 917 346 883 478 180 147 914 377 894 18 988 872 668 287 724 46 270 627 461 256 142 749 48 575 837 458 
477 202 63 852 379 677 711 516 219 685 991 764 131 362 283 931 898 920 538 11 0 666 199 757 894 406 26 591 640 503 770 787 416 147 32 785 486 903 452 125 626 849 394 253 310 1 746 58 48 321 
11 85 50 946 129 33 867 515 755 782 432 718 841 752 117 687 109 185 490 948 666 0 246 857 338 444 966 231 202 991 821 841 493 591 979 261 89 10 45 926 913 849 50 890 697 796 142 6 796 888 
84 919 314 206 508 262 36 434 532 696 644 856 833 103 876 508 445 275 197 229 199 246 0 415 196 560 12 52 249 808 17 479 9 359 651 201 852 593 180 464 33 541 508 311 805 708 360 695 757 155 
22 885 786 903 899 684 843 216 979 800 148 899 811 397 232 397 801 728 618 208 757 857 415 0 188 762 303 427 529 498 338 892 901 586 699 270 416 59 628 67 260 831 11 439 294 396 979 154 706 784 
823 217 235 329 622 472 616 936 566 868 334 752 580 546 24 364 457 629 118 917 894 338 196 188 0 213 65 830 969 572 17 83 226 444 611 75 781 502 975 719 553 596 134 611 576 200 870 758 563 660 
124 412 254 193 374 377 369 167 787 838 289 485 487 513 291 903 93 479 676 346 406 444 560 762 213 0 404 958 991 909 15 126 121 431 955 442 2 971 524 579 766 486 653 899 339 980 617 891 927 750 
416 690 676 415 612 814 669 338 82 250 375 20 381 118 467 349 853 593 210 883 26 966 12 303 65 404 0 854 502 302 723 612 864 383 15 173 725 923 187 850 43 617 804 484 971 126 359 549 892 844 
25 912 149 206 513 888 938 798 652 166 225 314 431 598 326 648 513 365 482 478 591 231 52 427 830 958 854 0 554 790 535 533 406 425 459 507 278 313 808 353 924 23 87 290 547 811 212 733 660 606 
825 64 729 737 900 217 195 37 978 154 917 517 36 556 396 701 737 886 913 180 640 202 249 529 969 991 502 554 0 702 463 442 24 588 800 924 831 996 477 620 530 361 377 306 820 236 936 484 43 288 
655 79 114 466 314 261 791 268 566 661 662 329 795 64 600 705 408 523 84 147 503 991 808 498 572 909 302 790 702 0 759 418 374 48 964 536 259 49 195 216 750 9 657 125 948 809 48 779 156 877 
832 378 262 604 882 343 752 713 427 19 135 740 59 236 933 293 931 717 198 914 770 821 17 338 17 15 723 535 463 759 0 750 37 237 479 342 408 714 629 891 108 916 649 525 641 696 489 528 306 537 
678 873 711 709 198 339 889 431 324 806 34 303 369 303 799 555 1 483 747 377 787 841 479 892 83 126 612 533 442 418 750 0 74 522 638 82 530 762 382 690 809 512 845 37 613 233 274 91 575 681 
119 517 96 221 971 465 820 179 764 902 278 219 700 105 357 419 245 669 105 894 416 493 9 901 226 121 864 406 24 374 37 74 0 156 203 924 264 471 572 140 463 620 628 991 277 516 64 150 153 498 
326 162 841 388 89 8 272 409 87 645 770 499 692 782 645 265 795 710 260 18 147 591 359 586 444 431 383 425 588 48 237 522 156 0 32 914 879 721 75 742 918 111 354 150 736 797 76 417 952 631 
349 158 820 914 717 348 348 460 791 227 211 550 947 607 503 486 994 881 627 988 32 979 651 699 611 955 15 459 800 964 479 638 203 32 0 692 567 453 263 707 915 234 686 257 511 202 673 12 354 170 
621 966 632 700 719 781 70 256 98 540 33 414 287 52 362 512 399 547 651 872 785 261 201 270 75 442 173 507 924 536 342 82 924 914 692 0 43 620 400 764 46 141 33 508 494 182 244 642 610 12 
915 29 504 883 655 749 733 103 947 629 309 629 395 758 973 642 526 689 300 668 486 89 852 416 781 2 725 278 831 259 408 530 264 879 567 43 0 594 240 703 160 44 317 218 310 903 904 567 765 457 
306 464 846 521 440 334 123 87 317 936 426 334 690 361 932 802 979 874 500 287 903 10 593 59 502 971 923 313 996 49 714 762 471 721 453 620 594 0 239 776 810 760 819 781 159 934 178 651 966 38 
266 941 52 493 116 827 862 192 412 911 787 906 546 705 94 732 642 377 27 724 452 45 180 628 975 524 187 808 477 195 629 382 572 75 263 400 240 239 0 496 499 281 138 108 644 731 699 698 242 94 
145 372 383 515 779 971 871 133 854 118 891 281 305 654 26 634 479 333 632 46 125 926 464 67 719 579 850 353 620 216 891 690 140 742 707 764 703 776 496 0 14 812 404 268 715 970 32 171 560 808 
684 186 988 362 65 475 930 776 653 617 760 226 947 976 965 244 293 53 904 270 626 913 33 260 553 766 43 924 530 750 108 809 463 918 915 46 160 810 499 14 0 332 319 978 465 477 911 994 479 228 
133 941 161 892 841 123 916 346 242 284 895 236 625 430 869 601 828 38 64 627 849 849 541 831 596 486 617 23 361 9 916 512 620 111 234 141 44 760 281 812 332 0 31 974 726 663 111 186 306 193 
494 891 526 174 448 814 43 198 275 826 844 704 403 733 992 962 662 3 986 461 394 50 508 11 134 653 804 87 377 657 649 845 628 354 686 33 317 819 138 404 319 31 0 236 3 787 330 369 598 85 
453 915 192 703 456 342 560 308 70 403 131 744 302 54 442 187 671 612 516 256 253 890 311 439 611 899 484 290 306 125 525 37 991 150 257 508 218 781 108 268 978 974 236 0 636 312 54 20 834 613 
696 123 700 18 771 678 345 116 286 540 785 908 897 682 870 832 560 873 288 142 310 697 805 294 576 339 971 547 820 948 641 613 277 736 511 494 310 159 644 715 465 726 3 636 0 827 517 283 804 981 
301 87 399 299 852 521 29 983 632 864 493 559 616 775 329 379 835 455 441 749 1 796 708 396 200 980 126 811 236 809 696 233 516 797 202 182 903 934 731 970 477 663 787 312 827 0 759 66 975 589 
38 761 621 306 313 460 725 861 358 755 301 906 726 615 592 381 101 567 434 48 746 142 360 979 870 617 359 212 936 48 489 274 64 76 673 244 904 178 699 32 911 111 330 54 517 759 0 293 357 562 
467 983 755 207 9 250 343 175 20 582 893 727 728 126 880 174 955 449 89 575 58 6 695 154 758 891 549 733 484 779 528 91 150 417 12 642 567 651 698 171 994 186 369 20 283 66 293 0 370 20 
458 983 433 520 317 110 276 963 138 335 330 98 79 650 66 430 225 619 59 837 48 796 757 706 563 927 892 660 43 156 306 575 153 952 354 610 765 966 242 560 479 306 598 834 804 975 357 370 0 25 
439 228 206 748 742 424 937 556 681 757 72 355 253 986 195 396 812 306 739 458 321 888 155 784 660 750 844 606 288 877 537 681 498 631 170 12 457 38 94 808 228 193 85 613 981 589 562 20 25 0 
