30
0 363 648 109 750 713 935 338 692 337 264 513 717 514 838 190 236 302 816 29 361 717 322 999 317 169 727 154 669 599 
363 0 953 688 961 952 148 63 664 82 400 707 770 15 219 838 528 409 28 763 710 195 144 70 263 465 420 932 985 147 
648 953 0 85 653 97 389 692 57 692 839 119 708 272 871 414 41 885 985 879 765 393 258 879 102 452 22 524 66 486 
109 688 85 0 943 997 471 441 81 123 537 821 167 946 513 5 64 572 277 286 985 669 171 969 899 287 713 156 165 815 
750 961 653 943 0 959 187 690 25 672 984 21 494 425 454 969 313 626 135 258 490 139 674 61 767 959 398 436 481 366 
713 952 97 997 959 0 334 767 79 842 284 245 152 470 934 528 141 269 549 987 693 354 955 358 979 89 967 821 579 992 
935 148 389 471 187 334 0 881 346 303 278 133 135 996 818 254 426 11 537 22 163 6 307 690 498 575 590 484 620 295 
338 63 692 441 690 767 881 0 438 977 626 878 295 446 457 287 326 154 589 956 638 723 951 807 328 376 818 864 397 332 
692 664 57 81 25 79 346 438 0 869 55 373 367 629 315 202 248 609 992 224 234 869 519 679 677 157 357 182 97 312 
337 82 692 123 672 842 303 977 869 0 171 171 614 978 499 341 147 362 89 830 231 143 202 949 771 516 150 19 125 493 
264 400 839 537 984 284 278 626 55 171 0 594 710 362 464 741 390 620 97 572 716 760 742 887 725 71 385 65 569 98 
513 707 119 821 21 245 133 878 373 171 594 0 153 398 328 295 952 628 417 467 130 435 943 622 381 653 335 844 745 725 
717 770 708 167 494 152 135 295 367 614 710 153 0 816 841 296 531 952 389 769 676 812 505 92 732 603 244 130 282 890 
514 15 272 946 425 470 996 446 629 978 362 398 816 0 81 910 658 899 39 445 842 12 825 846 347 668 590 71 483 782 
838 219 871 513 454 934 818 457 315 499 464 328 841 81 0 718 366 85 458 134 112 269 639 203 1 593 446 482 874 687 
190 838 414 5 969 528 254 287 202 341 741 295 296 910 718 0 914 783 344 812 173 788 5 185 964 850 883 632 791 953 
236 528 41 64 313 141 426 326 248 147 390 952 531 658 366 914 0 466 924 22 183 8 479 669 119 100 659 673 452 251 
302 409 885 572 626 269 11 154 609 362 620 628 952 899 85 783 466 0 118 933 124 156 846 907 852 9 431 639 14 615 
816 28 985 277 135 549 537 589 992 89 97 417 389 39 458 344 924 118 0 603 215 849 586 358 801 403 281 822 938 641 
29 763 879 286 258 987 22 956 224 830 572 467 769 445 134 812 22 933 603 0 653 606 111 752 264 784 203 514 253 487 
361 710 765 985 490 693 163 638 234 231 716 130 676 842 112 173 183 124 215 653 0 637 761 684 895 612 692 326 602 57 
717 195 393 669 139 354 6 723 869 143 760 435 812 12 269 788 8 156 849 606 637 0 292 556 624 141 493 981 293 896 
322 144 258 171 674 955 307 951 519 202 742 943 505 825 639 5 479 846 586 111 761 292 0 613 467 185 605 119 790 716 
999 70 879 969 61 358 690 807 679 949 887 622 92 846 203 185 669 907 358 752 684 556 613 0 870 405 851 424 918 455 
317 263 102 899 767 979 498 328 677 771 725 381 732 347 1 964 119 852 801 264 895 624 467 870 0 910 906 215 945 153 
169 465 452 287 959 89 575 376 157 516 71 653 603 668 593 850 100 9 403 784 612 141 185 405 910 0 826 988 830 780 
727 420 22 713 398 967 590 818 357 150 385 335 244 590 446 883 659 431 281 203 692 493 605 851 906 826 0 397 473 335 
154 932 524 156 436 821 484 864 182 19 65 844 130 71 482 632 673 639 822 514 326 981 119 424 215 988 397 0 20 965 
669 985 66 165 481 579 620 397 97 125 569 745 282 483 874 791 452 14 938 253 602 293 790 918 945 830 473 20 0 828 
599 147 486 815 366 992 295 332 312 493 98 725 890 782 687 953 251 615 641 487 57 896 716 455 153 780 335 965 828 0 
