30
0 845 588 803 572 219 485 205 609 141 340 449 853 387 863 182 624 436 853 75 454 661 951 702 904 170 506 481 99 329 
845 0 3 636 173 590 438 744 160 923 948 121 415 640 569 620 378 783 153 1 570 5 428 375 665 378 428 921 899 934 
588 3 0 401 997 262 403 984 786 344 422 881 856 696 180 976 462 819 896 81 549 678 585 901 599 590 328 974 606 706 
803 636 401 0 401 526 604 686 279 953 299 681 936 84 377 709 964 232 756 144 207 570 314 454 2 214 483 587 115 81 
572 173 997 401 0 176 442 54 781 499 807 307 455 492 585 407 791 617 694 874 993 755 190 576 862 685 134 431 350 587 
219 590 262 526 176 0 433 564 69 19 678 150 546 471 555 326 970 361 984 424 853 920 182 643 889 227 868 233 981 57 
485 438 403 604 442 433 0 809 195 741 942 977 91 881 409 6 949 779 683 450 676 153 5 2 474 717 337 897 569 257 
205 744 984 686 54 564 809 0 78 563 497 657 783 729 989 839 537 183 932 831 160 374 711 920 731 11 51 413 813 726 
609 160 786 279 781 69 195 78 0 917 169 79 743 885 416 639 806 24 69 720 520 725 502 248 713 693 137 248 976 319 
141 923 344 953 499 19 741 563 917 0 759 701 381 678 431 391 80 195 203 806 463 723 884 205 608 651 844 413 674 264 
340 948 422 299 807 678 942 497 169 759 0 484 545 340 986 793 52 678 281 651 5 599 409 705 979 87 135 721 518 329 
449 121 881 681 307 150 977 657 79 701 484 0 276 323 791 998 559 996 605 561 191 369 235 806 853 779 145 190 923 548 
853 415 856 936 455 546 91 783 743 381 545 276 0 867 555 199 871 153 607 575 131 45 61 204 563 389 479 237 531 476 
387 640 696 84 492 471 881 729 885 678 340 323 867 0 147 878 433 708 420 801 294 225 5 424 721 194 347 269 412 253 
863 569 180 377 585 555 409 989 416 431 986 791 555 147 0 819 282 406 425 208 888 822 620 91 736 360 569 324 243 397 
182 620 976 709 407 326 6 839 639 391 793 998 199 878 819 0 471 120 829 530 892 981 823 468 986 246 189 179 944 809 
624 378 462 964 791 970 949 537 806 80 52 559 871 433 282 471 0 591 197 627 224 602 403 784 841 224 755 932 311 115 
436 783 819 232 617 361 779 183 24 195 678 996 153 708 406 120 591 0 852 635 357 248 457 828 76 986 719 57 808 187 
853 153 896 756 694 984 683 932 69 203 281 605 607 420 425 829 197 852 0 394 405 727 572 349 887 514 545 513 90 498 
75 1 81 144 874 424 450 831 720 806 651 561 575 801 208 530 627 635 394 0 267 225 690 843 979 621 153 93 473 139 
454 570 549 207 993 853 676 160 520 463 5 191 131 294 888 892 224 357 405 267 0 449 72 595 629 148 580 347 556 739 
661 5 678 570 755 920 153 374 725 723 599 369 45 225 822 981 602 248 727 225 449 0 885 949 144 963 872 492 849 738 
951 428 585 314 190 182 5 711 502 884 409 235 61 5 620 823 403 457 572 690 72 885 0 388 713 827 237 980 51 926 
702 375 901 454 576 643 2 920 248 205 705 806 204 424 91 468 784 828 349 843 595 949 388 0 822 29 899 974 474 723 
904 665 599 2 862 889 474 731 713 608 979 853 563 721 736 986 841 76 887 979 629 144 713 822 0 113 274 794 59 902 
170 378 590 214 685 227 717 11 693 651 87 779 389 194 360 246 224 986 514 621 148 963 827 29 113 0 941 639 601 848 
506 428 328 483 134 868 337 51 137 844 135 145 479 347 569 189 755 719 545 153 580 872 237 899 274 941 0 377 485 148 
481 921 974 587 431 233 897 413 248 413 721 190 237 269 324 179 932 57 513 93 347 492 980 974 794 639 377 0 520 800 
99 899 606 115 350 981 569 813 976 674 518 923 531 412 243 944 311 808 90 473 556 849 51 474 59 601 485 520 0 20 
329 934 706 81 587 57 257 726 319 264 329 548 476 253 397 809 115 187 498 139 739 738 926 723 902 848 148 800 20 0 
