80
0 551 230 781 544 652 863 531 211 292 186 624 985 676 52 245 564 204 478 342 379 908 581 713 285 7 199 29 745 904 922 859 806 151 639 701 154 853 232 364 145 769 340 129 444 743 725 359 946 202 700 325 462 281 389 98 639 939 126 735 843 399 593 648 901 583 349 55 436 932 770 932 52 109 60 495 851 136 853 149 
551 0 689 552 825 502 184 213 599 175 152 76 261 346 474 854 345 375 788 45 781 223 328 550 154 379 11 565 873 213 52 725 361 741 629 185 242 812 750 841 338 253 916 599 598 742 804 942 468 591 987 600 814 666 149 319 45 511 884 917 724 935 994 436 27 622 973 269 785 74 461 123 326 728 721 923 821 876 216 288 
230 689 0 466 554 887 631 220 388 950 264 898 185 532 973 471 525 761 498 146 85 118 283 158 930 405 483 9 477 757 830 352 972 117 817 878 356 800 449 743 749 712 992 285 595 317 107 472 429 956 617 513 73 251 670 354 655 504 363 483 260 544 834 583 660 3 812 367 802 260 109 902 323 453 538 918 769 644 389 197 
781 552 466 0 600 357 61 24 608 82 730 614 585 444 97 196 987 930 130 998 284 942 365 437 553 825 690 876 277 227 793 397 871 533 945 822 241 357 197 848 438 926 814 22 369 910 569 355 191 51 705 827 992 69 263 896 245 953 771 874 179 915 270 401 799 567 574 40 923 771 239 361 48 52 734 417 313 655 123 504 
544 825 554 600 0 705 179 330 48 247 944 943 844 896 714 717 427 980 338 179 779 904 105 818 179 227 56 539 274 460 624 42 772 278 517 627 982 695 956 29 294 252 972 137 147 37 853 925 16 190 456 794 446 560 963 624 786 371 514 59 830 137 453 601 415 969 228 396 663 535 777 308 786 100 444 285 136 648 561 503 
652 502 887 357 705 0 190 16 649 635 575 611 610 712 981 123 123 810 259 575 763 25 543 342 773 557 876 549 865 14 1000 660 298 135 660 210 989 201 226 637 835 800 248 796 864 580 918 986 742 528 560 856 553 454 197 677 10 424 577 226 437 576 238 86 710 249 296 698 449 521 687 283 672 286 430 535 865 699 520 958 
863 184 631 61 179 190 0 226 431 813 130 884 9 806 246 433 734 471 869 309 60 307 370 308 602 68 756 474 106 390 145 391 819 32 255 869 903 565 95 686 377 576 569 386 734 814 170 467 637 390 776 48 696 145 356 649 564 463 122 669 853 619 411 23 2 18 892 904 582 338 589 958 913 510 695 998 675 864 465 663 
531 213 220 24 330 16 226 0 254 592 711 301 736 418 950 652 880 71 672 84 41 83 107 42 100 350 298 681 687 238 990 951 99 685 949 774 548 765 436 153 356 146 454 443 563 403 446 795 825 118 878 218 552 984 259 651 685 908 683 371 146 672 674 244 356 622 369 256 386 805 408 93 302 861 535 217 615 333 11 440 
211 599 388 608 48 649 431 254 0 450 888 9 1 224 267 3 908 527 37 631 672 708 304 267 416 277 636 671 14 792 78 106 445 291 992 661 905 324 23 696 125 263 704 477 838 323 479 745 849 515 727 872 575 382 490 990 658 125 12 23 268 441 128 65 731 472 725 636 147 100 683 624 362 387 100 199 61 579 295 909 
292 175 950 82 247 635 813 592 450 0 445 22 780 371 755 269 360 413 746 723 435 365 164 915 429 894 738 506 881 236 605 564 859 318 302 959 516 362 889 162 622 685 535 401 56 290 21 767 702 118 490 488 483 653 754 263 898 491 768 779 727 724 694 937 41 347 895 556 708 135 70 329 820 604 81 227 893 453 993 946 
186 152 264 730 944 575 130 711 888 445 0 571 482 434 405 486 187 667 384 30 435 514 108 158 559 44 199 905 291 106 612 777 527 292 596 131 724 174 23 176 167 969 746 1000 754 502 838 292 169 221 673 955 86 780 112 644 176 662 900 466 120 511 242 646 154 190 128 229 363 151 404 881 471 502 881 576 3 718 219 171 
624 76 898 614 943 611 884 301 9 22 571 0 290 892 477 727 671 589 722 846 602 621 663 73 483 257 71 636 798 198 864 160 700 619 393 170 472 625 97 475 342 316 997 983 207 474 709 229 414 782 427 367 402 89 440 884 697 862 871 494 59 86 6 111 704 398 632 176 22 729 2 715 44 998 49 602 823 109 830 588 
985 261 185 585 844 610 9 736 1 780 482 290 0 890 256 955 291 697 746 174 393 607 44 887 17 481 244 127 184 641 759 711 14 487 712 80 882 62 128 483 236 236 664 824 125 920 778 767 968 523 292 360 481 687 598 497 167 841 624 350 833 734 413 846 572 124 925 453 537 404 287 773 639 950 596 115 221 373 233 540 
676 346 532 444 896 712 806 418 224 371 434 892 890 0 247 524 900 727 210 849 575 376 690 550 78 874 283 490 720 854 965 996 658 502 400 944 274 390 246 221 857 818 593 89 358 839 613 609 917 174 457 491 902 498 41 979 372 675 820 443 529 784 438 186 285 189 482 910 931 79 130 139 896 74 227 253 264 191 861 180 
52 474 973 97 714 981 246 950 267 755 405 477 256 247 0 717 318 23 618 167 415 596 538 89 415 980 969 550 770 155 187 310 988 448 592 66 578 730 961 3 309 566 267 851 426 798 567 95 172 184 614 586 131 151 675 897 483 643 799 252 149 985 913 488 432 505 553 361 586 866 716 894 431 334 97 208 131 663 655 655 
245 854 471 196 717 123 433 652 3 269 486 727 955 524 717 0 199 268 240 681 770 266 930 252 261 728 855 761 64 120 249 847 624 153 560 561 18 275 807 800 608 903 360 90 565 14 744 115 633 984 148 754 601 77 6 861 156 212 974 219 331 222 417 306 726 976 219 744 250 25 895 209 927 254 299 843 619 394 310 603 
564 345 525 987 427 123 734 880 908 360 187 671 291 900 318 199 0 729 457 357 330 885 714 542 40 925 515 610 608 88 26 265 166 354 483 261 955 507 155 164 785 761 814 628 379 207 289 982 936 745 338 617 629 51 158 20 327 25 981 286 464 6 551 629 711 385 889 666 244 396 181 28 156 346 7 886 552 295 867 839 
204 375 761 930 980 810 471 71 527 413 667 589 697 727 23 268 729 0 391 556 807 371 958 317 390 285 693 370 570 156 728 472 137 790 857 377 455 452 772 987 479 279 332 838 165 236 484 31 426 875 939 233 245 896 549 987 532 241 356 102 748 435 925 884 225 781 613 31 584 384 18 415 15 349 252 179 936 87 561 362 
478 788 498 130 338 259 869 672 37 746 384 722 746 210 618 240 457 391 0 961 499 594 558 747 142 544 278 734 251 379 481 686 656 717 262 788 329 292 372 712 661 786 78 362 389 256 297 475 817 658 436 667 251 993 413 744 536 691 477 786 421 958 823 76 674 84 864 2 728 235 65 388 372 143 749 760 750 46 234 918 
342 45 146 998 179 575 309 84 631 723 30 846 174 849 167 681 357 556 961 0 55 21 585 306 13 349 49 900 391 526 38 164 835 860 239 860 296 454 861 375 40 277 114 763 771 215 522 521 612 756 438 666 128 374 971 141 75 372 392 465 249 429 980 83 641 571 942 936 24 154 310 416 782 775 178 553 989 52 425 600 
379 781 85 284 779 763 60 41 672 435 435 602 393 575 415 770 330 807 499 55 0 159 862 266 286 588 236 426 662 607 818 478 855 598 458 289 238 28 582 525 403 735 186 170 869 961 700 421 949 751 845 549 909 58 814 194 997 401 620 10 360 789 488 566 738 297 855 976 676 436 500 430 523 686 600 391 646 299 163 594 
908 223 118 942 904 25 307 83 708 365 514 621 607 376 596 266 885 371 594 21 159 0 49 7 494 309 416 307 502 413 708 473 422 419 261 261 984 999 557 838 326 584 626 825 366 148 862 965 890 859 615 52 453 15 410 298 323 825 605 176 589 664 649 11 82 261 623 65 611 180 255 936 115 880 113 480 379 974 796 268 
581 328 283 365 105 543 370 107 304 164 108 663 44 690 538 930 714 958 558 585 862 49 0 833 762 319 637 128 728 934 802 904 890 978 493 905 626 503 986 886 125 403 497 656 9 784 123 888 896 954 266 870 750 533 54 863 203 690 991 930 975 792 833 217 121 325 121 746 179 459 984 656 861 832 663 869 615 785 108 511 
713 550 158 437 818 342 308 42 267 915 158 73 887 550 89 252 542 317 747 306 266 7 833 0 739 725 732 840 609 785 702 811 826 44 92 152 188 924 368 308 601 489 406 131 947 389 786 159 572 801 379 186 585 486 48 675 562 779 866 170 915 568 980 740 963 71 244 150 346 611 458 946 99 863 429 45 603 566 555 174 
285 154 930 553 179 773 602 100 416 429 559 483 17 78 415 261 40 390 142 13 286 494 762 739 0 366 933 359 303 770 759 977 331 537 843 500 452 762 831 543 724 901 786 874 247 397 683 544 847 897 972 244 499 538 798 672 255 83 382 557 852 140 534 535 29 728 386 832 489 217 374 564 117 512 789 715 260 471 611 458 
7 379 405 825 227 557 68 350 277 894 44 257 481 874 980 728 925 285 544 349 588 309 319 725 366 0 719 582 701 217 471 851 240 78 933 974 634 136 113 519 670 493 246 408 324 86 624 50 2 92 561 790 807 172 613 769 629 331 350 682 900 173 532 139 602 816 112 235 951 577 754 973 69 351 380 393 437 3 442 790 
199 11 483 690 56 876 756 298 636 738 199 71 244 283 969 855 515 693 278 49 236 416 637 732 933 719 0 446 354 579 604 877 543 372 505 226 74 538 125 246 69 615 199 884 727 433 187 655 186 159 75 889 890 467 325 244 260 114 689 965 44 293 841 939 664 698 164 737 235 640 334 656 254 532 891 332 965 77 986 502 
29 565 9 876 539 549 474 681 671 506 905 636 127 490 550 761 610 370 734 900 426 307 128 840 359 582 446 0 587 61 390 476 879 66 719 491 531 408 455 927 52 648 865 715 697 380 804 283 19 137 290 272 21 181 956 337 609 941 190 196 353 580 671 584 997 742 74 880 501 880 806 552 879 670 618 927 49 421 210 419 
745 873 477 277 274 865 106 687 14 881 291 798 184 720 770 64 608 570 251 391 662 502 728 609 303 701 354 587 0 910 499 690 282 31 645 618 640 938 807 835 642 738 857 225 87 598 650 966 450 882 771 1 112 792 971 39 192 743 248 610 4 98 651 285 129 648 902 768 585 61 954 578 798 810 155 236 760 804 201 209 
904 213 757 227 460 14 390 238 792 236 106 198 641 854 155 120 88 156 379 526 607 413 934 785 770 217 579 61 910 0 37 323 562 149 466 532 187 657 626 786 618 630 235 269 914 363 268 168 482 852 228 435 781 377 597 935 613 356 91 813 916 127 488 477 627 953 360 813 962 986 950 579 615 185 199 528 547 466 695 381 
922 52 830 793 624 1000 145 990 78 605 612 864 759 965 187 249 26 728 481 38 818 708 802 702 759 471 604 390 499 37 0 669 274 815 450 651 411 384 263 118 474 427 34 953 914 862 579 867 222 744 828 207 693 758 173 877 957 52 776 774 99 508 443 372 322 244 22 85 979 284 554 805 63 587 757 976 801 687 194 22 
859 725 352 397 42 660 391 951 106 564 777 160 711 996 310 847 265 472 686 164 478 473 904 811 977 851 877 476 690 323 669 0 430 21 580 475 131 752 703 87 803 478 860 901 985 654 273 659 249 646 95 228 282 648 384 344 587 492 671 387 178 865 760 960 237 339 434 367 442 136 453 244 966 665 497 302 670 121 312 919 
806 361 972 871 772 298 819 99 445 859 527 700 14 658 988 624 166 137 656 835 855 422 890 826 331 240 543 879 282 562 274 430 0 766 406 498 399 406 233 742 344 724 413 730 253 629 841 212 865 179 645 232 620 781 36 215 98 52 711 399 74 183 711 344 301 468 841 699 873 425 793 216 148 557 297 400 185 137 612 401 
151 741 117 533 278 135 32 685 291 318 292 619 487 502 448 153 354 790 717 860 598 419 978 44 537 78 372 66 31 149 815 21 766 0 667 608 632 286 740 20 853 837 71 563 236 144 98 298 839 398 765 679 96 990 455 240 557 602 796 206 2 980 694 965 733 713 572 364 998 312 735 202 500 158 117 87 653 214 384 492 
639 629 817 945 517 660 255 949 992 302 596 393 712 400 592 560 483 857 262 239 458 261 493 92 843 933 505 719 645 466 450 580 406 667 0 611 501 522 58 842 977 298 750 578 445 307 931 425 1 247 509 713 171 224 62 834 959 264 333 116 380 420 768 945 155 611 555 7 133 964 200 109 613 950 38 58 256 321 834 608 
701 185 878 822 627 210 869 774 661 959 131 170 80 944 66 561 261 377 788 860 289 261 905 152 500 974 226 491 618 532 651 475 498 608 611 0 567 342 320 89 565 734 922 523 349 255 990 80 26 110 24 180 720 930 539 852 245 738 312 858 687 350 915 295 22 748 902 940 89 574 29 653 659 950 528 7 204 517 438 581 
154 242 356 241 982 989 903 548 905 516 724 472 882 274 578 18 955 455 329 296 238 984 626 188 452 634 74 531 640 187 411 131 399 632 501 567 0 978 461 113 698 742 651 901 986 740 213 843 779 914 757 73 935 856 326 874 296 251 902 301 909 204 828 267 759 696 704 340 674 516 452 723 609 454 623 595 193 835 789 971 
853 812 800 357 695 201 565 765 324 362 174 625 62 390 730 275 507 452 292 454 28 999 503 924 762 136 538 408 938 657 384 752 406 286 522 342 978 0 100 898 395 34 753 73 260 49 323 513 349 584 716 528 850 475 223 906 166 248 773 617 970 382 422 593 328 614 779 116 937 879 13 683 264 766 755 523 166 78 388 514 
232 750 449 197 956 226 95 436 23 889 23 97 128 246 961 807 155 772 372 861 582 557 986 368 831 113 125 455 807 626 263 703 233 740 58 320 461 100 0 661 103 41 862 929 615 119 94 863 892 62 184 273 483 776 952 449 555 67 737 433 80 419 48 197 174 571 362 603 310 227 615 412 619 476 693 233 595 786 447 838 
364 841 743 848 29 637 686 153 696 162 176 475 483 221 3 800 164 987 712 375 525 838 886 308 543 519 246 927 835 786 118 87 742 20 842 89 113 898 661 0 848 631 462 682 406 413 130 312 479 218 96 910 637 144 106 162 66 819 764 375 397 730 138 15 205 830 248 151 968 46 988 167 676 449 848 434 861 330 97 692 
145 338 749 438 294 835 377 356 125 622 167 342 236 857 309 608 785 479 661 40 403 326 125 601 724 670 69 52 642 618 474 803 344 853 977 565 698 395 103 848 0 547 193 601 535 336 59 696 401 877 811 127 274 540 264 640 97 94 239 247 61 285 587 227 312 35 426 745 248 755 842 939 654 386 539 188 721 949 236 473 
769 253 712 926 252 800 576 146 263 685 969 316 236 818 566 903 761 279 786 277 735 584 403 489 901 493 615 648 738 630 427 478 724 837 298 734 742 34 41 631 547 0 178 46 599 451 938 862 442 386 307 681 984 367 965 570 945 276 957 371 373 204 477 566 142 130 951 32 670 23 981 905 847 158 302 445 960 239 658 753 
340 916 992 814 972 248 569 454 704 535 746 997 664 593 267 360 814 332 78 114 186 626 497 406 786 246 199 865 857 235 34 860 413 71 750 922 651 753 862 462 193 178 0 976 965 433 960 683 749 881 980 377 837 702 749 392 178 314 885 660 616 269 329 638 601 233 484 758 534 280 69 125 289 821 100 605 606 411 288 354 
129 599 285 22 137 796 386 443 477 401 1000 983 824 89 851 90 628 838 362 763 170 825 656 131 874 408 884 715 225 269 953 901 730 563 578 523 901 73 929 682 601 46 976 0 292 619 730 480 320 478 224 497 143 108 156 110 728 836 99 328 68 934 85 954 565 505 78 854 678 529 458 283 940 97 988 583 715 718 414 34 
444 598 595 369 147 864 734 563 838 56 754 207 125 358 426 565 379 165 389 771 869 366 9 947 247 324 727 697 87 914 914 985 253 236 445 349 986 260 615 406 535 599 965 292 0 547 637 883 42 97 390 151 824 226 250 152 293 535 588 246 100 445 675 953 122 204 410 756 495 507 743 77 573 460 842 607 359 479 489 400 
743 742 317 910 37 580 814 403 323 290 502 474 920 839 798 14 207 236 256 215 961 148 784 389 397 86 433 380 598 363 862 654 629 144 307 255 740 49 119 413 336 451 433 619 547 0 927 878 550 750 455 151 253 100 686 841 697 785 285 372 89 758 927 498 865 421 356 607 849 929 419 690 887 777 520 727 176 446 956 77 
725 804 107 569 853 918 170 446 479 21 838 709 778 613 567 744 289 484 297 522 700 862 123 786 683 624 187 804 650 268 579 273 841 98 931 990 213 323 94 130 59 938 960 730 637 927 0 548 411 228 800 510 265 992 558 401 628 929 489 737 855 338 601 627 694 560 827 974 978 517 212 106 388 938 633 186 245 709 85 655 
359 942 472 355 925 986 467 795 745 767 292 229 767 609 95 115 982 31 475 521 421 965 888 159 544 50 655 283 966 168 867 659 212 298 425 80 843 513 863 312 696 862 683 480 883 878 548 0 288 236 516 904 228 74 304 207 354 792 944 561 130 896 539 175 455 366 500 784 234 63 889 621 352 873 158 596 934 242 603 573 
946 468 429 191 16 742 637 825 849 702 169 414 968 917 172 633 936 426 817 612 949 890 896 572 847 2 186 19 450 482 222 249 865 839 1 26 779 349 892 479 401 442 749 320 42 550 411 288 0 478 118 477 57 543 132 263 249 924 558 809 405 454 347 931 908 712 782 44 297 844 284 918 195 157 427 142 442 669 744 14 
202 591 956 51 190 528 390 118 515 118 221 782 523 174 184 984 745 875 658 756 751 859 954 801 897 92 159 137 882 852 744 646 179 398 247 110 914 584 62 218 877 386 881 478 97 750 228 236 478 0 498 214 842 906 756 974 520 4 249 78 164 653 883 863 935 142 926 68 185 223 911 469 492 457 977 918 598 418 938 694 
700 987 617 705 456 560 776 878 727 490 673 427 292 457 614 148 338 939 436 438 845 615 266 379 972 561 75 290 771 228 828 95 645 765 509 24 757 716 184 96 811 307 980 224 390 455 800 516 118 498 0 783 787 907 625 692 662 598 212 18 846 641 533 850 523 395 136 664 321 203 849 543 465 669 34 273 645 303 870 62 
325 600 513 827 794 856 48 218 872 488 955 367 360 491 586 754 617 233 667 666 549 52 870 186 244 790 889 272 1 435 207 228 232 679 713 180 73 528 273 910 127 681 377 497 151 151 510 904 477 214 783 0 241 915 196 27 821 820 71 835 417 282 852 614 922 736 815 796 131 950 459 451 504 307 345 968 975 730 240 971 
462 814 73 992 446 553 696 552 575 483 86 402 481 902 131 601 629 245 251 128 909 453 750 585 499 807 890 21 112 781 693 282 620 96 171 720 935 850 483 637 274 984 837 143 824 253 265 228 57 842 787 241 0 32 462 384 624 376 580 3 197 399 73 31 168 706 234 133 979 969 948 774 99 897 232 901 401 891 245 720 
281 666 251 69 560 454 145 984 382 653 780 89 687 498 151 77 51 896 993 374 58 15 533 486 538 172 467 181 792 377 758 648 781 990 224 930 856 475 776 144 540 367 702 108 226 100 992 74 543 906 907 915 32 0 865 326 960 188 358 421 571 333 148 150 335 344 901 407 726 68 464 959 200 442 280 147 215 378 396 447 
389 149 670 263 963 197 356 259 490 754 112 440 598 41 675 6 158 549 413 971 814 410 54 48 798 613 325 956 971 597 173 384 36 455 62 539 326 223 952 106 264 965 749 156 250 686 558 304 132 756 625 196 462 865 0 631 148 689 227 867 553 553 178 92 262 598 663 594 746 812 929 441 64 687 167 131 151 477 683 592 
98 319 354 896 624 677 649 651 990 263 644 884 497 979 897 861 20 987 744 141 194 298 863 675 672 769 244 337 39 935 877 344 215 240 834 852 874 906 449 162 640 570 392 110 152 841 401 207 263 974 692 27 384 326 631 0 756 181 807 486 576 605 116 75 293 342 942 197 246 119 289 507 69 303 101 166 466 29 606 530 
639 45 655 245 786 10 564 685 658 898 176 697 167 372 483 156 327 532 536 75 997 323 203 562 255 629 260 609 192 613 957 587 98 557 959 245 296 166 555 66 97 945 178 728 293 697 628 354 249 520 662 821 624 960 148 756 0 67 124 660 217 601 342 809 356 875 967 841 450 923 308 525 215 650 818 763 895 288 403 754 
939 511 504 953 371 424 463 908 125 491 662 862 841 675 643 212 25 241 691 372 401 825 690 779 83 331 114 941 743 356 52 492 52 602 264 738 251 248 67 819 94 276 314 836 535 785 929 792 924 4 598 820 376 188 689 181 67 0 708 705 854 873 171 234 831 700 300 306 711 869 906 405 677 614 279 995 454 728 917 762 
126 884 363 771 514 577 122 683 12 768 900 871 624 820 799 974 981 356 477 392 620 605 991 866 382 350 689 190 248 91 776 671 711 796 333 312 902 773 737 764 239 957 885 99 588 285 489 944 558 249 212 71 580 358 227 807 124 708 0 604 483 763 773 597 9 413 1000 762 120 56 967 345 226 552 527 277 204 832 988 72 
735 917 483 874 59 226 669 371 23 779 466 494 350 443 252 219 286 102 786 465 10 176 930 170 557 682 965 196 610 813 774 387 399 206 116 858 301 617 433 375 247 371 660 328 246 372 737 561 809 78 18 835 3 421 867 486 660 705 604 0 738 392 100 351 670 94 156 749 362 269 705 844 31 829 440 392 241 791 505 713 
843 724 260 179 830 437 853 146 268 727 120 59 833 529 149 331 464 748 421 249 360 589 975 915 852 900 44 353 4 916 99 178 74 2 380 687 909 970 80 397 61 373 616 68 100 89 855 130 405 164 846 417 197 571 553 576 217 854 483 738 0 847 472 57 424 375 935 701 578 766 688 649 855 431 748 557 452 193 713 200 
399 935 544 915 137 576 619 672 441 724 511 86 734 784 985 222 6 435 958 429 789 664 792 568 140 173 293 580 98 127 508 865 183 980 420 350 204 382 419 730 285 204 269 934 445 758 338 896 454 653 641 282 399 333 553 605 601 873 763 392 847 0 554 333 256 749 364 437 541 107 677 331 611 741 529 434 149 953 809 83 
593 994 834 270 453 238 411 674 128 694 242 6 413 438 913 417 551 925 823 980 488 649 833 980 534 532 841 671 651 488 443 760 711 694 768 915 828 422 48 138 587 477 329 85 675 927 601 539 347 883 533 852 73 148 178 116 342 171 773 100 472 554 0 5 386 201 692 387 55 474 486 612 925 31 676 476 584 8 732 685 
648 436 583 401 601 86 23 244 65 937 646 111 846 186 488 306 629 884 76 83 566 11 217 740 535 139 939 584 285 477 372 960 344 965 945 295 267 593 197 15 227 566 638 954 953 498 627 175 931 863 850 614 31 150 92 75 809 234 597 351 57 333 5 0 723 520 225 829 548 907 792 289 788 225 437 740 33 872 744 771 
901 27 660 799 415 710 2 356 731 41 154 704 572 285 432 726 711 225 674 641 738 82 121 963 29 602 664 997 129 627 322 237 301 733 155 22 759 328 174 205 312 142 601 565 122 865 694 455 908 935 523 922 168 335 262 293 356 831 9 670 424 256 386 723 0 72 787 509 478 260 994 441 184 24 116 11 960 476 94 644 
583 622 3 567 969 249 18 622 472 347 190 398 124 189 505 976 385 781 84 571 297 261 325 71 728 816 698 742 648 953 244 339 468 713 611 748 696 614 571 830 35 130 233 505 204 421 560 366 712 142 395 736 706 344 598 342 875 700 413 94 375 749 201 520 72 0 550 613 220 731 161 126 522 449 913 746 237 4 131 108 
349 973 812 574 228 296 892 369 725 895 128 632 925 482 553 219 889 613 864 942 855 623 121 244 386 112 164 74 902 360 22 434 841 572 555 902 704 779 362 248 426 951 484 78 410 356 827 500 782 926 136 815 234 901 663 942 967 300 1000 156 935 364 692 225 787 550 0 99 253 531 237 761 9 496 106 449 31 130 917 42 
55 269 367 40 396 698 904 256 636 556 229 176 453 910 361 744 666 31 2 936 976 65 746 150 832 235 737 880 768 813 85 367 699 364 7 940 340 116 603 151 745 32 758 854 756 607 974 784 44 68 664 796 133 407 594 197 841 306 762 749 701 437 387 829 509 613 99 0 89 392 135 84 941 100 303 671 260 780 544 60 
436 785 802 923 663 449 582 386 147 708 363 22 537 931 586 250 244 584 728 24 676 611 179 346 489 951 235 501 585 962 979 442 873 998 133 89 674 937 310 968 248 670 534 678 495 849 978 234 297 185 321 131 979 726 746 246 450 711 120 362 578 541 55 548 478 220 253 89 0 693 642 296 48 772 756 147 376 286 383 136 
932 74 260 771 535 521 338 805 100 135 151 729 404 79 866 25 396 384 235 154 436 180 459 611 217 577 640 880 61 986 284 136 425 312 964 574 516 879 227 46 755 23 280 529 507 929 517 63 844 223 203 950 969 68 812 119 923 869 56 269 766 107 474 907 260 731 531 392 693 0 646 231 241 95 613 722 11 6 162 754 
770 461 109 239 777 687 589 408 683 70 404 2 287 130 716 895 181 18 65 310 500 255 984 458 374 754 334 806 954 950 554 453 793 735 200 29 452 13 615 988 842 981 69 458 743 419 212 889 284 911 849 459 948 464 929 289 308 906 967 705 688 677 486 792 994 161 237 135 642 646 0 493 245 46 592 899 69 851 679 612 
932 123 902 361 308 283 958 93 624 329 881 715 773 139 894 209 28 415 388 416 430 936 656 946 564 973 656 552 578 579 805 244 216 202 109 653 723 683 412 167 939 905 125 283 77 690 106 621 918 469 543 451 774 959 441 507 525 405 345 844 649 331 612 289 441 126 761 84 296 231 493 0 262 723 253 909 122 376 664 620 
52 326 323 48 786 672 913 302 362 820 471 44 639 896 431 927 156 15 372 782 523 115 861 99 117 69 254 879 798 615 63 966 148 500 613 659 609 264 619 676 654 847 289 940 573 887 388 352 195 492 465 504 99 200 64 69 215 677 226 31 855 611 925 788 184 522 9 941 48 241 245 262 0 751 302 3 238 299 585 831 
109 728 453 52 100 286 510 861 387 604 502 998 950 74 334 254 346 349 143 775 686 880 832 863 512 351 532 670 810 185 587 665 557 158 950 950 454 766 476 449 386 158 821 97 460 777 938 873 157 457 669 307 897 442 687 303 650 614 552 829 431 741 31 225 24 449 496 100 772 95 46 723 751 0 393 197 552 755 203 66 
60 721 538 734 444 430 695 535 100 81 881 49 596 227 97 299 7 252 749 178 600 113 663 429 789 380 891 618 155 199 757 497 297 117 38 528 623 755 693 848 539 302 100 988 842 520 633 158 427 977 34 345 232 280 167 101 818 279 527 440 748 529 676 437 116 913 106 303 756 613 592 253 302 393 0 508 695 662 554 638 
495 923 918 417 285 535 998 217 199 227 576 602 115 253 208 843 886 179 760 553 391 480 869 45 715 393 332 927 236 528 976 302 400 87 58 7 595 523 233 434 188 445 605 583 607 727 186 596 142 918 273 968 901 147 131 166 763 995 277 392 557 434 476 740 11 746 449 671 147 722 899 909 3 197 508 0 561 622 840 591 
851 821 769 313 136 865 675 615 61 893 3 823 221 264 131 619 552 936 750 989 646 379 615 603 260 437 965 49 760 547 801 670 185 653 256 204 193 166 595 861 721 960 606 715 359 176 245 934 442 598 645 975 401 215 151 466 895 454 204 241 452 149 584 33 960 237 31 260 376 11 69 122 238 552 695 561 0 585 101 665 
136 876 644 655 648 699 864 333 579 453 718 109 373 191 663 394 295 87 46 52 299 974 785 566 471 3 77 421 804 466 687 121 137 214 321 517 835 78 786 330 949 239 411 718 479 446 709 242 669 418 303 730 891 378 477 29 288 728 832 791 193 953 8 872 476 4 130 780 286 6 851 376 299 755 662 622 585 0 190 9 
853 216 389 123 561 520 465 11 295 993 219 830 233 861 655 310 867 561 234 425 163 796 108 555 611 442 986 210 201 695 194 312 612 384 834 438 789 388 447 97 236 658 288 414 489 956 85 603 744 938 870 240 245 396 683 606 403 917 988 505 713 809 732 744 94 131 917 544 383 162 679 664 585 203 554 840 101 190 0 786 
149 288 197 504 503 958 663 440 909 946 171 588 540 180 655 603 839 362 918 600 594 268 511 174 458 790 502 419 209 381 22 919 401 492 608 581 971 514 838 692 473 753 354 34 400 77 655 573 14 694 62 971 720 447 592 530 754 762 72 713 200 83 685 771 644 108 42 60 136 754 612 620 831 66 638 591 665 9 786 0 
