60
0 532 342 243 313 395 321 283 412 943 293 951 607 831 851 244 908 813 17 712 181 364 527 154 228 825 917 697 945 383 530 442 266 223 37 579 970 357 861 733 652 505 35 610 687 885 853 947 49 221 658 581 584 184 734 164 360 651 212 304 
532 0 33 94 98 299 316 134 229 637 842 441 721 493 297 755 454 984 640 307 930 688 879 939 621 463 123 354 978 482 356 189 138 389 634 587 39 950 720 619 938 913 59 659 406 707 413 859 42 404 517 323 444 748 262 64 562 384 769 539 
342 33 0 217 125 79 706 865 713 292 903 14 363 873 951 276 283 961 33 989 726 243 31 129 112 353 924 859 614 987 420 349 108 958 918 232 388 623 96 452 267 350 465 629 574 768 256 856 728 640 844 805 883 226 286 994 931 209 204 896 
243 94 217 0 548 623 597 655 932 514 886 319 488 333 123 754 34 587 735 607 706 990 462 434 982 657 590 864 235 875 209 165 84 412 412 631 34 8 637 317 521 874 987 9 206 109 762 591 696 848 197 401 190 10 186 171 666 776 34 900 
313 98 125 548 0 2 594 416 85 5 828 67 390 835 703 706 356 576 44 716 133 153 829 723 200 677 271 952 218 280 490 388 946 617 773 197 618 366 613 703 722 792 769 463 626 824 520 333 751 563 48 884 715 229 958 266 257 229 218 474 
395 299 79 623 2 0 508 707 213 805 675 985 354 292 702 966 346 775 757 467 237 734 290 756 67 40 318 466 275 385 46 233 650 302 813 219 127 320 277 339 477 951 323 830 595 376 147 940 150 255 406 386 340 47 493 406 439 811 224 713 
321 316 706 597 594 508 0 547 621 297 548 923 109 767 401 429 43 740 257 346 414 438 940 790 584 231 291 190 637 29 529 35 521 287 473 683 862 186 229 482 482 777 404 591 543 805 371 937 896 979 634 309 416 573 450 351 804 741 540 792 
283 134 865 655 416 707 547 0 769 420 826 289 706 299 324 567 836 552 401 669 328 156 259 222 960 981 511 207 311 144 516 726 717 317 428 872 57 319 663 177 739 840 818 796 490 141 715 325 44 115 994 372 270 604 945 582 937 455 788 247 
412 229 713 932 85 213 621 769 0 599 655 973 667 972 752 890 380 71 904 909 809 743 726 956 233 218 670 909 261 784 902 984 406 858 929 987 794 735 126 40 685 781 364 703 104 116 592 835 538 495 743 346 590 820 301 822 389 323 730 650 
943 637 292 514 5 805 297 420 599 0 106 984 985 511 841 265 849 986 1000 975 377 36 107 93 739 210 560 682 396 97 529 139 442 118 310 94 939 699 416 20 348 874 3 332 736 195 597 585 180 948 911 557 335 369 649 73 578 560 107 325 
293 842 903 886 828 675 548 826 655 106 0 656 635 463 449 752 125 542 690 823 310 709 522 183 64 205 270 258 153 206 438 100 116 346 435 484 346 859 413 905 965 738 560 599 552 8 702 28 901 391 850 562 452 371 96 867 576 366 124 728 
951 441 14 319 67 985 923 289 973 984 656 0 571 913 180 39 258 966 874 955 176 639 859 493 728 770 443 279 129 145 659 382 887 508 943 690 231 39 556 806 756 680 885 326 944 416 716 554 733 590 508 909 228 719 401 955 840 843 585 321 
607 721 363 488 390 354 109 706 667 985 635 571 0 339 243 702 226 103 644 915 333 34 471 490 789 502 726 467 445 142 182 998 226 123 858 134 350 928 886 656 767 81 241 87 419 835 788 644 937 784 911 269 169 381 758 958 234 484 776 678 
831 493 873 333 835 292 767 299 972 511 463 913 339 0 977 957 28 202 80 885 688 781 812 925 437 930 357 29 17 776 863 156 771 800 939 33 420 460 413 530 417 646 13 544 676 341 500 703 894 931 939 933 64 102 858 500 31 214 880 399 
851 297 951 123 703 702 401 324 752 841 449 180 243 977 0 341 742 555 464 893 845 496 665 304 261 194 72 258 558 615 933 898 467 987 791 749 277 76 812 378 933 663 761 498 542 159 191 636 65 6 880 910 501 544 565 113 89 989 371 646 
244 755 276 754 706 966 429 567 890 265 752 39 702 957 341 0 603 655 543 421 994 686 170 270 761 333 1000 45 996 112 894 889 270 436 876 335 441 756 596 942 651 160 54 740 148 776 385 103 431 280 875 776 317 44 45 429 729 396 825 76 
908 454 283 34 356 346 43 836 380 849 125 258 226 28 742 603 0 507 718 964 129 154 840 463 946 947 410 887 949 921 293 688 421 420 425 523 202 56 749 977 372 793 374 800 873 769 624 948 628 693 263 756 198 454 570 144 400 979 382 349 
813 984 961 587 576 775 740 552 71 986 542 966 103 202 555 655 507 0 899 26 388 671 446 164 545 999 219 294 976 590 438 701 741 310 469 364 257 448 409 871 203 606 325 772 101 724 102 483 424 353 508 164 23 305 327 568 304 546 861 631 
17 640 33 735 44 757 257 401 904 1000 690 874 644 80 464 543 718 899 0 487 650 331 228 959 151 943 567 599 351 437 801 309 761 925 409 837 26 891 612 378 751 775 753 55 454 320 710 351 532 340 837 533 670 64 491 173 7 409 771 357 
712 307 989 607 716 467 346 669 909 975 823 955 915 885 893 421 964 26 487 0 197 923 17 958 847 426 146 873 316 757 602 418 884 354 473 689 25 182 39 908 874 875 440 895 939 282 67 297 690 837 5 887 760 22 196 606 447 693 830 114 
181 930 726 706 133 237 414 328 809 377 310 176 333 688 845 994 129 388 650 197 0 801 784 532 684 489 356 724 514 889 762 773 762 637 213 657 927 846 75 223 888 912 579 126 23 600 321 980 46 13 162 512 813 945 43 849 433 398 572 298 
364 688 243 990 153 734 438 156 743 36 709 639 34 781 496 686 154 671 331 923 801 0 286 686 71 400 674 635 408 600 480 482 174 719 393 752 844 767 352 516 747 749 880 908 612 693 852 654 893 636 403 816 934 41 853 4 440 526 990 847 
527 879 31 462 829 290 940 259 726 107 522 859 471 812 665 170 840 446 228 17 784 286 0 125 821 328 650 540 73 402 383 839 105 899 585 205 778 844 817 822 47 822 66 683 225 882 616 617 734 971 56 612 960 254 736 780 933 738 319 5 
154 939 129 434 723 756 790 222 956 93 183 493 490 925 304 270 463 164 959 958 532 686 125 0 139 54 196 595 952 132 799 81 976 967 903 22 789 968 56 365 201 671 981 287 641 388 898 952 641 985 732 925 722 402 282 212 455 477 158 758 
228 621 112 982 200 67 584 960 233 739 64 728 789 437 261 761 946 545 151 847 684 71 821 139 0 960 957 839 287 923 741 661 63 60 716 427 261 387 407 899 379 794 148 683 786 484 766 711 206 167 992 769 974 468 927 731 779 235 569 66 
825 463 353 657 677 40 231 981 218 210 205 770 502 930 194 333 947 999 943 426 489 400 328 54 960 0 509 309 726 572 369 441 998 981 179 405 231 910 198 378 592 336 213 357 46 770 875 37 539 848 856 817 579 634 51 147 51 559 808 776 
917 123 924 590 271 318 291 511 670 560 270 443 726 357 72 1000 410 219 567 146 356 674 650 196 957 509 0 130 176 569 128 508 99 884 90 8 433 819 951 768 31 659 813 801 534 201 691 381 408 507 311 394 557 458 444 467 265 220 949 792 
697 354 859 864 952 466 190 207 909 682 258 279 467 29 258 45 887 294 599 873 724 635 540 595 839 309 130 0 140 76 651 238 311 740 598 743 910 548 511 940 207 675 92 740 876 782 472 283 288 783 676 196 592 472 663 208 43 611 999 182 
945 978 614 235 218 275 637 311 261 396 153 129 445 17 558 996 949 976 351 316 514 408 73 952 287 726 176 140 0 38 1 419 700 92 16 442 1 916 304 292 122 979 384 213 206 165 684 840 805 818 516 1000 409 339 14 616 381 976 966 562 
383 482 987 875 280 385 29 144 784 97 206 145 142 776 615 112 921 590 437 757 889 600 402 132 923 572 569 76 38 0 365 318 332 64 409 700 506 761 615 161 53 736 139 788 300 344 952 983 184 108 153 51 460 913 389 825 881 121 801 198 
530 356 420 209 490 46 529 516 902 529 438 659 182 863 933 894 293 438 801 602 762 480 383 799 741 369 128 651 1 365 0 682 517 516 365 581 924 64 438 37 678 598 89 765 89 876 64 432 179 399 967 639 551 369 98 815 109 922 695 229 
442 189 349 165 388 233 35 726 984 139 100 382 998 156 898 889 688 701 309 418 773 482 839 81 661 441 508 238 419 318 682 0 74 893 910 591 408 275 171 683 338 960 719 368 557 159 132 645 386 196 429 917 594 395 555 496 116 652 310 224 
266 138 108 84 946 650 521 717 406 442 116 887 226 771 467 270 421 741 761 884 762 174 105 976 63 998 99 311 700 332 517 74 0 573 357 453 647 249 714 589 8 988 759 42 678 70 113 397 626 623 528 623 9 75 403 925 20 149 479 515 
223 389 958 412 617 302 287 317 858 118 346 508 123 800 987 436 420 310 925 354 637 719 899 967 60 981 884 740 92 64 516 893 573 0 264 482 177 488 406 533 940 404 133 653 992 492 993 102 885 22 171 997 418 149 972 297 771 332 372 173 
37 634 918 412 773 813 473 428 929 310 435 943 858 939 791 876 425 469 409 473 213 393 585 903 716 179 90 598 16 409 365 910 357 264 0 608 391 673 438 258 937 919 434 424 324 966 715 80 450 719 71 941 711 173 825 84 343 174 853 491 
579 587 232 631 197 219 683 872 987 94 484 690 134 33 749 335 523 364 837 689 657 752 205 22 427 405 8 743 442 700 581 591 453 482 608 0 497 150 613 828 521 137 435 263 810 872 520 98 142 953 521 465 270 587 896 719 305 967 11 368 
970 39 388 34 618 127 862 57 794 939 346 231 350 420 277 441 202 257 26 25 927 844 778 789 261 231 433 910 1 506 924 408 647 177 391 497 0 491 188 451 833 713 304 676 209 453 640 388 325 777 822 939 938 45 459 35 186 763 907 2 
357 950 623 8 366 320 186 319 735 699 859 39 928 460 76 756 56 448 891 182 846 767 844 968 387 910 819 548 916 761 64 275 249 488 673 150 491 0 33 493 898 103 797 216 466 164 706 653 967 890 717 270 565 277 74 205 664 750 333 837 
861 720 96 637 613 277 229 663 126 416 413 556 886 413 812 596 749 409 612 39 75 352 817 56 407 198 951 511 304 615 438 171 714 406 438 613 188 33 0 688 622 881 146 656 418 909 562 419 293 406 668 747 202 883 212 718 940 216 684 830 
733 619 452 317 703 339 482 177 40 20 905 806 656 530 378 942 977 871 378 908 223 516 822 365 899 378 768 940 292 161 37 683 589 533 258 828 451 493 688 0 284 953 746 560 378 302 223 127 634 59 814 607 291 312 262 708 220 175 479 864 
652 938 267 521 722 477 482 739 685 348 965 756 767 417 933 651 372 203 751 874 888 747 47 201 379 592 31 207 122 53 678 338 8 940 937 521 833 898 622 284 0 932 498 962 134 733 174 203 672 741 886 501 25 190 599 584 919 900 159 45 
505 913 350 874 792 951 777 840 781 874 738 680 81 646 663 160 793 606 775 875 912 749 822 671 794 336 659 675 979 736 598 960 988 404 919 137 713 103 881 953 932 0 886 217 210 492 860 521 106 567 92 280 397 955 212 895 917 697 979 442 
35 59 465 987 769 323 404 818 364 3 560 885 241 13 761 54 374 325 753 440 579 880 66 981 148 213 813 92 384 139 89 719 759 133 434 435 304 797 146 746 498 886 0 899 650 534 136 503 558 677 101 494 595 352 652 639 237 220 200 729 
610 659 629 9 463 830 591 796 703 332 599 326 87 544 498 740 800 772 55 895 126 908 683 287 683 357 801 740 213 788 765 368 42 653 424 263 676 216 656 560 962 217 899 0 79 721 834 998 812 465 394 119 28 640 35 76 618 828 326 620 
687 406 574 206 626 595 543 490 104 736 552 944 419 676 542 148 873 101 454 939 23 612 225 641 786 46 534 876 206 300 89 557 678 992 324 810 209 466 418 378 134 210 650 79 0 361 461 474 919 489 926 412 83 277 415 73 514 634 273 594 
885 707 768 109 824 376 805 141 116 195 8 416 835 341 159 776 769 724 320 282 600 693 882 388 484 770 201 782 165 344 876 159 70 492 966 872 453 164 909 302 733 492 534 721 361 0 713 993 779 710 156 243 103 274 623 95 308 698 64 487 
853 413 256 762 520 147 371 715 592 597 702 716 788 500 191 385 624 102 710 67 321 852 616 898 766 875 691 472 684 952 64 132 113 993 715 520 640 706 562 223 174 860 136 834 461 713 0 24 683 848 836 508 118 325 433 881 759 62 295 832 
947 859 856 591 333 940 937 325 835 585 28 554 644 703 636 103 948 483 351 297 980 654 617 952 711 37 381 283 840 983 432 645 397 102 80 98 388 653 419 127 203 521 503 998 474 993 24 0 927 928 456 872 640 800 650 701 955 244 156 581 
49 42 728 696 751 150 896 44 538 180 901 733 937 894 65 431 628 424 532 690 46 893 734 641 206 539 408 288 805 184 179 386 626 885 450 142 325 967 293 634 672 106 558 812 919 779 683 927 0 866 250 240 564 313 727 939 348 574 774 207 
221 404 640 848 563 255 979 115 495 948 391 590 784 931 6 280 693 353 340 837 13 636 971 985 167 848 507 783 818 108 399 196 623 22 719 953 777 890 406 59 741 567 677 465 489 710 848 928 866 0 691 98 640 923 857 53 217 40 979 144 
658 517 844 197 48 406 634 994 743 911 850 508 911 939 880 875 263 508 837 5 162 403 56 732 992 856 311 676 516 153 967 429 528 171 71 521 822 717 668 814 886 92 101 394 926 156 836 456 250 691 0 847 850 136 998 851 836 304 94 991 
581 323 805 401 884 386 309 372 346 557 562 909 269 933 910 776 756 164 533 887 512 816 612 925 769 817 394 196 1000 51 639 917 623 997 941 465 939 270 747 607 501 280 494 119 412 243 508 872 240 98 847 0 884 960 592 124 875 257 850 813 
584 444 883 190 715 340 416 270 590 335 452 228 169 64 501 317 198 23 670 760 813 934 960 722 974 579 557 592 409 460 551 594 9 418 711 270 938 565 202 291 25 397 595 28 83 103 118 640 564 640 850 884 0 956 775 586 162 817 36 153 
184 748 226 10 229 47 573 604 820 369 371 719 381 102 544 44 454 305 64 22 945 41 254 402 468 634 458 472 339 913 369 395 75 149 173 587 45 277 883 312 190 955 352 640 277 274 325 800 313 923 136 960 956 0 739 244 557 955 635 535 
734 262 286 186 958 493 450 945 301 649 96 401 758 858 565 45 570 327 491 196 43 853 736 282 927 51 444 663 14 389 98 555 403 972 825 896 459 74 212 262 599 212 652 35 415 623 433 650 727 857 998 592 775 739 0 450 481 736 937 830 
164 64 994 171 266 406 351 582 822 73 867 955 958 500 113 429 144 568 173 606 849 4 780 212 731 147 467 208 616 825 815 496 925 297 84 719 35 205 718 708 584 895 639 76 73 95 881 701 939 53 851 124 586 244 450 0 938 125 133 32 
360 562 931 666 257 439 804 937 389 578 576 840 234 31 89 729 400 304 7 447 433 440 933 455 779 51 265 43 381 881 109 116 20 771 343 305 186 664 940 220 919 917 237 618 514 308 759 955 348 217 836 875 162 557 481 938 0 467 17 343 
651 384 209 776 229 811 741 455 323 560 366 843 484 214 989 396 979 546 409 693 398 526 738 477 235 559 220 611 976 121 922 652 149 332 174 967 763 750 216 175 900 697 220 828 634 698 62 244 574 40 304 257 817 955 736 125 467 0 59 492 
212 769 204 34 218 224 540 788 730 107 124 585 776 880 371 825 382 861 771 830 572 990 319 158 569 808 949 999 966 801 695 310 479 372 853 11 907 333 684 479 159 979 200 326 273 64 295 156 774 979 94 850 36 635 937 133 17 59 0 217 
304 539 896 900 474 713 792 247 650 325 728 321 678 399 646 76 349 631 357 114 298 847 5 758 66 776 792 182 562 198 229 224 515 173 491 368 2 837 830 864 45 442 729 620 594 487 832 581 207 144 991 813 153 535 830 32 343 492 217 0 
