10
0 58 28 13 87 15 56 13 91 13 
58 0 80 11 70 90 75 56 42 21 
28 80 0 34 88 89 39 67 71 85 
13 11 34 0 57 18 7 61 50 38 
87 70 88 57 0 6 60 18 19 46 
15 90 89 18 6 0 84 74 59 74 
56 75 39 7 60 84 0 38 90 84 
13 56 67 61 18 74 38 0 8 79 
91 42 71 50 19 59 90 8 0 58 
13 21 85 38 46 74 84 79 58 0 
