40
0 707 420 476 148 916 455 911 575 440 933 206 946 110 561 768 293 707 170 696 905 109 863 641 915 126 421 289 197 222 145 867 281 917 343 428 832 149 338 758 
707 0 588 622 315 885 732 227 653 376 933 174 424 838 282 286 478 548 411 899 188 959 120 333 826 752 601 520 179 784 668 516 541 256 490 207 492 221 433 496 
420 588 0 948 365 21 371 202 654 656 32 202 419 282 741 377 401 425 554 153 25 73 683 808 741 551 700 348 40 906 191 260 338 687 559 55 707 930 608 361 
476 622 948 0 585 639 914 355 920 654 84 673 431 637 177 455 710 859 263 802 761 314 149 800 220 339 411 909 377 970 315 84 899 923 796 835 913 709 542 185 
148 315 365 585 0 714 625 209 144 261 385 951 322 595 213 123 356 526 623 507 97 314 918 358 690 887 672 773 137 594 920 971 859 980 512 43 694 488 251 189 
916 885 21 639 714 0 749 987 139 422 933 703 897 640 581 519 147 677 832 64 34 522 302 58 646 438 3 566 760 861 545 624 255 590 111 857 131 211 843 269 
455 732 371 914 625 749 0 633 128 972 881 767 904 399 265 580 583 680 966 456 333 375 101 122 377 18 882 238 915 505 844 856 967 701 986 178 895 255 162 374 
911 227 202 355 209 987 633 0 578 42 141 481 792 757 412 374 437 729 829 121 103 282 243 832 299 124 421 565 980 264 421 946 316 406 475 211 12 636 584 941 
575 653 654 920 144 139 128 578 0 29 76 773 821 185 185 194 621 265 375 741 720 656 983 551 306 458 323 223 789 586 643 735 902 48 561 464 412 197 47 352 
440 376 656 654 261 422 972 42 29 0 225 475 125 45 659 661 591 631 277 317 723 996 972 58 898 629 515 220 851 304 158 493 390 59 893 950 874 656 498 920 
933 933 32 84 385 933 881 141 76 225 0 7 75 746 131 119 404 143 61 386 420 377 109 415 700 166 665 681 32 236 531 335 393 376 76 803 620 26 676 275 
206 174 202 673 951 703 767 481 773 475 7 0 875 948 633 949 693 116 420 449 258 480 834 677 209 942 444 260 459 108 940 491 343 471 177 88 198 253 890 817 
946 424 419 431 322 897 904 792 821 125 75 875 0 630 566 443 504 513 75 453 205 190 872 5 448 703 839 476 911 132 919 523 591 378 462 433 73 932 609 160 
110 838 282 637 595 640 399 757 185 45 746 948 630 0 129 861 49 297 842 966 739 346 478 166 150 35 355 373 391 154 75 229 982 338 713 252 860 655 982 321 
561 282 741 177 213 581 265 412 185 659 131 633 566 129 0 87 54 605 695 565 85 908 965 382 101 931 472 446 760 637 947 146 344 319 537 849 746 765 182 83 
768 286 377 455 123 519 580 374 194 661 119 949 443 861 87 0 829 434 294 483 415 966 569 820 570 616 384 7 875 348 740 975 630 211 773 390 200 719 887 895 
293 478 401 710 356 147 583 437 621 591 404 693 504 49 54 829 0 390 423 95 135 540 277 569 368 710 862 203 124 179 771 943 101 738 678 107 612 25 846 939 
707 548 425 859 526 677 680 729 265 631 143 116 513 297 605 434 390 0 7 408 711 396 607 781 634 853 170 57 948 304 596 224 224 315 933 85 517 408 616 288 
170 411 554 263 623 832 966 829 375 277 61 420 75 842 695 294 423 7 0 350 716 377 27 822 341 403 667 279 409 74 989 156 33 769 790 885 291 198 832 946 
696 899 153 802 507 64 456 121 741 317 386 449 453 966 565 483 95 408 350 0 793 55 170 107 339 606 624 746 221 263 447 936 991 473 757 331 228 775 609 988 
905 188 25 761 97 34 333 103 720 723 420 258 205 739 85 415 135 711 716 793 0 201 949 496 233 70 637 469 360 834 301 305 626 707 826 84 46 432 59 791 
109 959 73 314 314 522 375 282 656 996 377 480 190 346 908 966 540 396 377 55 201 0 652 673 238 940 664 62 48 346 641 823 955 629 375 255 476 607 324 112 
863 120 683 149 918 302 101 243 983 972 109 834 872 478 965 569 277 607 27 170 949 652 0 427 35 945 727 692 922 786 517 357 831 948 416 973 952 440 210 891 
641 333 808 800 358 58 122 832 551 58 415 677 5 166 382 820 569 781 822 107 496 673 427 0 455 624 938 801 264 112 107 244 486 361 719 444 37 182 871 71 
915 826 741 220 690 646 377 299 306 898 700 209 448 150 101 570 368 634 341 339 233 238 35 455 0 126 949 114 399 86 631 756 916 930 523 889 233 314 450 123 
126 752 551 339 887 438 18 124 458 629 166 942 703 35 931 616 710 853 403 606 70 940 945 624 126 0 769 73 413 569 689 876 27 284 714 387 3 509 775 184 
421 601 700 411 672 3 882 421 323 515 665 444 839 355 472 384 862 170 667 624 637 664 727 938 949 769 0 731 198 662 680 311 412 765 293 519 33 575 41 273 
289 520 348 909 773 566 238 565 223 220 681 260 476 373 446 7 203 57 279 746 469 62 692 801 114 73 731 0 807 707 722 282 475 147 46 395 187 921 421 470 
197 179 40 377 137 760 915 980 789 851 32 459 911 391 760 875 124 948 409 221 360 48 922 264 399 413 198 807 0 634 159 824 143 934 360 873 131 373 904 441 
222 784 906 970 594 861 505 264 586 304 236 108 132 154 637 348 179 304 74 263 834 346 786 112 86 569 662 707 634 0 784 21 86 303 405 660 695 677 466 401 
145 668 191 315 920 545 844 421 643 158 531 940 919 75 947 740 771 596 989 447 301 641 517 107 631 689 680 722 159 784 0 750 99 875 896 144 621 434 65 41 
867 516 260 84 971 624 856 946 735 493 335 491 523 229 146 975 943 224 156 936 305 823 357 244 756 876 311 282 824 21 750 0 904 50 200 79 544 485 438 769 
281 541 338 899 859 255 967 316 902 390 393 343 591 982 344 630 101 224 33 991 626 955 831 486 916 27 412 475 143 86 99 904 0 615 810 24 407 594 396 492 
917 256 687 923 980 590 701 406 48 59 376 471 378 338 319 211 738 315 769 473 707 629 948 361 930 284 765 147 934 303 875 50 615 0 248 800 503 942 476 321 
343 490 559 796 512 111 986 475 561 893 76 177 462 713 537 773 678 933 790 757 826 375 416 719 523 714 293 46 360 405 896 200 810 248 0 695 578 419 569 473 
428 207 55 835 43 857 178 211 464 950 803 88 433 252 849 390 107 85 885 331 84 255 973 444 889 387 519 395 873 660 144 79 24 800 695 0 563 542 259 979 
832 492 707 913 694 131 895 12 412 874 620 198 73 860 746 200 612 517 291 228 46 476 952 37 233 3 33 187 131 695 621 544 407 503 578 563 0 582 162 380 
149 221 930 709 488 211 255 636 197 656 26 253 932 655 765 719 25 408 198 775 432 607 440 182 314 509 575 921 373 677 434 485 594 942 419 542 582 0 133 240 
338 433 608 542 251 843 162 584 47 498 676 890 609 982 182 887 846 616 832 609 59 324 210 871 450 775 41 421 904 466 65 438 396 476 569 259 162 133 0 276 
758 496 361 185 189 269 374 941 352 920 275 817 160 321 83 895 939 288 946 988 791 112 891 71 123 184 273 470 441 401 41 769 492 321 473 979 380 240 276 0 
