40
0 245 811 169 593 181 803 900 146 411 62 685 767 179 630 759 996 765 353 359 500 294 172 174 330 138 561 410 558 499 132 508 743 942 676 335 474 478 235 971 
245 0 888 648 656 6 178 637 764 173 402 468 531 253 762 702 778 443 192 339 852 749 837 335 608 579 629 283 913 102 113 499 73 352 498 80 358 676 716 473 
811 888 0 848 117 941 731 369 702 784 499 144 327 837 347 428 673 682 35 603 310 670 867 763 782 366 187 485 863 266 842 890 334 315 90 802 255 820 523 308 
169 648 848 0 955 21 803 282 857 149 61 881 182 447 483 843 116 349 958 249 66 144 734 281 762 575 170 95 241 259 896 495 430 418 802 385 790 604 18 646 
593 656 117 955 0 105 430 878 638 876 360 481 344 61 790 592 126 933 677 406 694 604 576 140 844 186 388 339 616 157 492 352 947 448 369 592 904 150 470 541 
181 6 941 21 105 0 25 181 373 368 241 162 312 719 447 988 124 492 591 51 632 787 589 371 125 204 527 968 907 473 767 627 417 670 776 238 563 800 418 287 
803 178 731 803 430 25 0 520 11 801 183 81 247 170 556 90 113 607 721 899 547 443 375 750 970 694 656 442 461 282 210 482 409 447 396 208 217 35 79 579 
900 637 369 282 878 181 520 0 835 261 659 81 783 214 170 895 172 243 145 718 685 519 819 6 564 474 448 376 107 9 210 515 456 605 75 672 991 505 602 825 
146 764 702 857 638 373 11 835 0 766 260 257 900 473 779 794 645 373 290 362 409 160 181 415 723 6 214 99 465 222 660 331 29 616 757 700 607 262 653 431 
411 173 784 149 876 368 801 261 766 0 27 912 688 926 385 466 71 381 190 712 94 598 871 626 12 593 984 225 43 448 447 702 130 475 318 887 527 924 148 179 
62 402 499 61 360 241 183 659 260 27 0 706 526 443 745 803 179 210 225 559 751 936 4 349 806 630 360 750 613 585 145 412 383 198 893 209 867 779 87 142 
685 468 144 881 481 162 81 81 257 912 706 0 278 618 848 155 60 592 309 238 154 533 148 904 820 151 252 977 132 612 79 96 548 223 859 282 772 752 490 639 
767 531 327 182 344 312 247 783 900 688 526 278 0 882 929 780 512 546 979 666 605 571 975 194 76 859 341 331 31 843 583 7 975 546 437 70 445 659 929 78 
179 253 837 447 61 719 170 214 473 926 443 618 882 0 783 680 567 421 913 847 552 424 392 531 90 348 453 416 541 528 626 233 210 656 76 144 15 50 41 451 
630 762 347 483 790 447 556 170 779 385 745 848 929 783 0 471 485 462 399 562 244 430 481 16 343 327 567 766 71 97 207 418 901 974 311 780 600 543 990 607 
759 702 428 843 592 988 90 895 794 466 803 155 780 680 471 0 618 133 973 19 174 776 490 10 237 240 924 832 670 404 847 12 82 765 777 152 214 984 570 114 
996 778 673 116 126 124 113 172 645 71 179 60 512 567 485 618 0 957 880 894 908 774 235 867 744 367 839 114 892 966 603 902 202 195 825 385 864 580 583 875 
765 443 682 349 933 492 607 243 373 381 210 592 546 421 462 133 957 0 13 348 3 165 561 986 86 674 295 317 919 554 90 153 772 185 872 611 299 763 928 253 
353 192 35 958 677 591 721 145 290 190 225 309 979 913 399 973 880 13 0 16 482 447 192 866 310 123 449 536 136 796 539 652 708 876 737 733 522 405 652 76 
359 339 603 249 406 51 899 718 362 712 559 238 666 847 562 19 894 348 16 0 846 804 847 31 27 809 681 790 737 933 157 218 732 349 435 41 471 235 929 606 
500 852 310 66 694 632 547 685 409 94 751 154 605 552 244 174 908 3 482 846 0 382 467 609 89 694 345 822 216 749 473 643 947 628 841 977 7 2 657 796 
294 749 670 144 604 787 443 519 160 598 936 533 571 424 430 776 774 165 447 804 382 0 90 941 952 307 672 652 93 65 123 328 993 80 709 459 689 798 152 385 
172 837 867 734 576 589 375 819 181 871 4 148 975 392 481 490 235 561 192 847 467 90 0 971 719 486 795 361 432 774 202 760 780 203 768 575 292 708 879 950 
174 335 763 281 140 371 750 6 415 626 349 904 194 531 16 10 867 986 866 31 609 941 971 0 380 530 394 444 4 721 788 436 782 246 476 931 749 212 901 468 
330 608 782 762 844 125 970 564 723 12 806 820 76 90 343 237 744 86 310 27 89 952 719 380 0 697 695 180 480 468 381 239 600 935 6 526 578 66 404 879 
138 579 366 575 186 204 694 474 6 593 630 151 859 348 327 240 367 674 123 809 694 307 486 530 697 0 797 286 273 240 641 993 27 428 126 624 255 56 724 467 
561 629 187 170 388 527 656 448 214 984 360 252 341 453 567 924 839 295 449 681 345 672 795 394 695 797 0 956 543 515 2 723 995 822 455 585 421 390 943 946 
410 283 485 95 339 968 442 376 99 225 750 977 331 416 766 832 114 317 536 790 822 652 361 444 180 286 956 0 319 8 702 198 156 339 470 395 979 814 773 759 
558 913 863 241 616 907 461 107 465 43 613 132 31 541 71 670 892 919 136 737 216 93 432 4 480 273 543 319 0 940 748 13 995 823 479 303 366 994 656 88 
499 102 266 259 157 473 282 9 222 448 585 612 843 528 97 404 966 554 796 933 749 65 774 721 468 240 515 8 940 0 340 477 894 276 249 635 218 547 954 577 
132 113 842 896 492 767 210 210 660 447 145 79 583 626 207 847 603 90 539 157 473 123 202 788 381 641 2 702 748 340 0 600 151 732 938 972 478 268 785 602 
508 499 890 495 352 627 482 515 331 702 412 96 7 233 418 12 902 153 652 218 643 328 760 436 239 993 723 198 13 477 600 0 26 76 701 39 423 524 869 77 
743 73 334 430 947 417 409 456 29 130 383 548 975 210 901 82 202 772 708 732 947 993 780 782 600 27 995 156 995 894 151 26 0 889 214 732 328 553 561 221 
942 352 315 418 448 670 447 605 616 475 198 223 546 656 974 765 195 185 876 349 628 80 203 246 935 428 822 339 823 276 732 76 889 0 829 161 856 398 707 161 
676 498 90 802 369 776 396 75 757 318 893 859 437 76 311 777 825 872 737 435 841 709 768 476 6 126 455 470 479 249 938 701 214 829 0 975 306 311 58 595 
335 80 802 385 592 238 208 672 700 887 209 282 70 144 780 152 385 611 733 41 977 459 575 931 526 624 585 395 303 635 972 39 732 161 975 0 634 536 863 770 
474 358 255 790 904 563 217 991 607 527 867 772 445 15 600 214 864 299 522 471 7 689 292 749 578 255 421 979 366 218 478 423 328 856 306 634 0 489 240 846 
478 676 820 604 150 800 35 505 262 924 779 752 659 50 543 984 580 763 405 235 2 798 708 212 66 56 390 814 994 547 268 524 553 398 311 536 489 0 190 630 
235 716 523 18 470 418 79 602 653 148 87 490 929 41 990 570 583 928 652 929 657 152 879 901 404 724 943 773 656 954 785 869 561 707 58 863 240 190 0 620 
971 473 308 646 541 287 579 825 431 179 142 639 78 451 607 114 875 253 76 606 796 385 950 468 879 467 946 759 88 577 602 77 221 161 595 770 846 630 620 0 
