30
0 89 90 17 64 76 82 37 5 68 51 4 55 54 27 79 53 97 11 36 73 39 85 85 96 79 36 29 7 5 
89 0 27 75 93 17 43 8 44 76 45 100 43 47 3 98 1 81 28 53 29 39 88 2 29 24 86 24 2 74 
90 27 0 4 60 30 31 87 23 99 29 30 94 5 26 93 99 73 47 96 25 27 24 29 55 14 68 8 42 91 
17 75 4 0 46 17 93 71 20 4 100 2 90 22 100 71 4 45 27 29 37 25 53 83 73 77 61 48 5 16 
64 93 60 46 0 61 72 75 2 63 20 70 7 90 89 10 42 91 52 63 42 74 18 87 100 99 23 76 51 58 
76 17 30 17 61 0 48 28 18 47 32 85 7 4 12 60 18 31 29 24 73 70 85 14 60 88 28 1 61 98 
82 43 31 93 72 48 0 39 12 96 14 88 46 71 87 73 40 34 57 77 92 12 88 52 29 70 32 52 42 1 
37 8 87 71 75 28 39 0 88 7 12 76 87 65 88 84 3 100 79 16 39 24 38 77 49 78 10 5 54 54 
5 44 23 20 2 18 12 88 0 16 41 57 96 10 88 99 4 41 86 62 4 61 48 68 1 31 71 100 9 38 
68 76 99 4 63 47 96 7 16 0 38 85 76 14 33 53 76 89 58 81 56 50 37 51 11 76 49 66 68 86 
51 45 29 100 20 32 14 12 41 38 0 28 72 99 75 39 99 6 61 50 66 99 39 50 74 4 34 78 79 22 
4 100 30 2 70 85 88 76 57 85 28 0 87 59 29 36 47 31 98 23 31 64 90 17 91 13 15 65 52 65 
55 43 94 90 7 7 46 87 96 76 72 87 0 22 64 14 88 62 52 89 87 55 23 16 86 96 2 96 77 89 
54 47 5 22 90 4 71 65 10 14 99 59 22 0 43 7 87 17 38 50 58 54 40 71 20 56 74 36 30 37 
27 3 26 100 89 12 87 88 88 33 75 29 64 43 0 49 69 51 52 57 89 6 31 57 43 79 10 39 55 99 
79 98 93 71 10 60 73 84 99 53 39 36 14 7 49 0 33 61 85 1 98 86 58 3 77 80 74 84 53 9 
53 1 99 4 42 18 40 3 4 76 99 47 88 87 69 33 0 13 42 57 81 92 60 90 32 18 20 88 60 98 
97 81 73 45 91 31 34 100 41 89 6 31 62 17 51 61 13 0 98 50 4 96 34 65 32 34 14 69 44 17 
11 28 47 27 52 29 57 79 86 58 61 98 52 38 52 85 42 98 0 97 75 90 80 80 51 45 21 59 25 64 
36 53 96 29 63 24 77 16 62 81 50 23 89 50 57 1 57 50 97 0 19 66 95 36 86 35 47 35 32 97 
73 29 25 37 42 73 92 39 4 56 66 31 87 58 89 98 81 4 75 19 0 39 79 82 55 62 68 68 82 63 
39 39 27 25 74 70 12 24 61 50 99 64 55 54 6 86 92 96 90 66 39 0 36 78 37 78 57 16 28 1 
85 88 24 53 18 85 88 38 48 37 39 90 23 40 31 58 60 34 80 95 79 36 0 36 38 78 99 56 43 46 
85 2 29 83 87 14 52 77 68 51 50 17 16 71 57 3 90 65 80 36 82 78 36 0 43 80 80 90 67 63 
96 29 55 73 100 60 29 49 1 11 74 91 86 20 43 77 32 32 51 86 55 37 38 43 0 38 57 41 19 11 
79 24 14 77 99 88 70 78 31 76 4 13 96 56 79 80 18 34 45 35 62 78 78 80 38 0 54 86 30 35 
36 86 68 61 23 28 32 10 71 49 34 15 2 74 10 74 20 14 21 47 68 57 99 80 57 54 0 48 18 12 
29 24 8 48 76 1 52 5 100 66 78 65 96 36 39 84 88 69 59 35 68 16 56 90 41 86 48 0 37 95 
7 2 42 5 51 61 42 54 9 68 79 52 77 30 55 53 60 44 25 32 82 28 43 67 19 30 18 37 0 20 
5 74 91 16 58 98 1 54 38 86 22 65 89 37 99 9 98 17 64 97 63 1 46 63 11 35 12 95 20 0 
