60
0 980 756 185 959 260 650 121 442 182 864 459 515 186 354 573 35 766 511 586 336 994 98 15 473 366 386 881 73 639 766 308 618 521 845 928 133 494 400 926 675 264 384 542 449 90 114 483 855 977 420 542 322 517 556 795 234 294 675 658 
980 0 932 440 317 902 313 161 181 797 7 581 722 681 844 457 574 644 546 40 478 753 16 249 646 337 117 202 483 350 495 157 359 778 949 675 31 613 188 212 409 194 792 130 226 987 586 800 982 484 839 811 236 206 59 233 894 175 434 377 
756 932 0 876 280 885 234 410 185 260 440 797 447 3 205 640 146 686 218 484 272 17 465 107 207 275 694 764 685 926 9 211 360 737 86 991 622 671 400 806 931 192 603 729 194 159 369 340 845 938 823 468 306 640 574 512 266 267 627 951 
185 440 876 0 192 635 161 903 372 599 894 345 269 645 150 551 836 104 280 382 263 1000 73 459 937 247 926 242 886 499 105 152 765 731 454 308 717 966 211 88 564 456 432 185 452 934 87 640 37 366 21 651 717 445 461 5 691 386 246 577 
959 317 280 192 0 884 702 80 1000 784 885 660 501 850 222 940 766 677 372 302 480 657 388 119 45 106 491 48 822 935 508 827 626 894 424 554 129 126 985 481 261 869 140 761 718 361 701 835 389 424 136 868 80 524 339 124 981 829 171 154 
260 902 885 635 884 0 116 31 980 93 924 756 646 52 233 630 884 493 498 375 606 567 735 306 402 475 729 537 695 160 412 385 635 392 213 158 546 680 188 877 772 111 984 417 514 216 398 750 61 247 124 666 166 211 323 567 685 51 455 731 
650 313 234 161 702 116 0 210 867 115 844 610 680 353 507 359 540 384 483 2 719 251 516 287 649 265 347 247 388 364 412 598 686 330 635 88 785 717 649 3 832 844 612 863 197 471 573 736 854 55 738 924 306 605 210 306 869 908 904 608 
121 161 410 903 80 31 210 0 271 316 558 956 645 544 395 781 260 43 783 443 887 747 305 83 217 230 818 422 636 555 345 293 511 555 950 731 462 854 339 85 521 248 392 517 791 787 298 50 829 80 845 715 178 149 797 394 730 967 167 366 
442 181 185 372 1000 980 867 271 0 873 512 658 384 418 960 114 879 813 804 963 333 51 707 849 193 493 498 595 321 930 439 388 107 939 536 853 669 502 19 386 727 530 395 462 947 354 575 178 166 731 492 850 781 198 699 326 690 196 920 363 
182 797 260 599 784 93 115 316 873 0 477 358 102 584 296 637 436 964 491 454 349 569 336 744 30 282 97 604 811 615 686 303 464 467 500 514 144 542 62 63 256 538 420 709 121 715 345 908 31 187 362 731 755 49 474 784 330 923 740 493 
864 7 440 894 885 924 844 558 512 477 0 889 425 795 352 243 646 866 386 539 279 448 146 816 219 854 289 286 199 196 316 737 909 46 492 957 872 627 639 146 366 131 34 143 277 737 385 922 954 123 813 232 922 958 400 141 812 688 426 362 
459 581 797 345 660 756 610 956 658 358 889 0 235 93 98 496 138 941 804 361 568 442 506 285 924 891 427 200 628 164 474 581 286 286 813 207 595 564 347 406 251 124 767 837 216 217 332 706 157 136 66 76 929 924 361 205 166 139 756 793 
515 722 447 269 501 646 680 645 384 102 425 235 0 302 581 726 587 218 890 146 813 453 844 218 703 968 337 891 183 905 223 240 413 710 306 489 990 581 201 194 746 339 302 891 641 882 616 579 100 505 724 912 957 568 481 11 535 169 901 69 
186 681 3 645 850 52 353 544 418 584 795 93 302 0 425 123 309 838 184 966 326 174 546 878 719 643 216 372 533 856 254 148 787 705 652 510 968 608 77 800 618 963 321 871 384 745 345 692 582 529 9 259 54 906 136 124 548 704 496 81 
354 844 205 150 222 233 507 395 960 296 352 98 581 425 0 911 101 228 697 805 232 207 124 191 635 923 161 950 243 31 333 988 375 376 921 903 736 532 956 641 19 432 188 722 927 268 633 27 848 329 183 79 887 306 269 522 580 429 823 823 
573 457 640 551 940 630 359 781 114 637 243 496 726 123 911 0 459 507 162 834 882 434 88 617 965 396 257 984 827 796 705 105 64 689 483 911 18 665 341 256 322 609 129 253 390 951 75 848 457 588 33 690 22 121 658 338 868 914 673 694 
35 574 146 836 766 884 540 260 879 436 646 138 587 309 101 459 0 62 730 798 125 418 280 387 787 296 727 43 969 687 171 221 76 122 648 276 930 235 308 620 608 780 277 298 999 543 970 692 604 699 841 80 117 472 818 255 119 544 297 87 
766 644 686 104 677 493 384 43 813 964 866 941 218 838 228 507 62 0 582 820 308 658 293 955 285 222 541 944 193 501 724 470 798 722 364 767 766 319 818 958 750 286 782 567 540 900 462 189 339 43 8 646 52 300 952 688 873 844 632 66 
511 546 218 280 372 498 483 783 804 491 386 804 890 184 697 162 730 582 0 344 707 887 493 780 250 260 545 920 429 855 669 714 636 587 253 887 48 441 225 442 800 222 846 99 173 533 972 369 164 389 712 870 275 205 650 876 816 546 795 244 
586 40 484 382 302 375 2 443 963 454 539 361 146 966 805 834 798 820 344 0 752 815 957 739 753 561 626 152 354 850 593 153 424 790 604 948 675 927 316 190 315 28 60 589 584 61 464 751 958 610 994 62 776 302 800 528 862 425 679 567 
336 478 272 263 480 606 719 887 333 349 279 568 813 326 232 882 125 308 707 752 0 627 623 720 50 765 675 997 439 601 313 628 267 692 39 855 627 451 670 377 409 631 722 470 406 23 621 285 236 46 963 803 24 937 874 425 701 900 421 139 
994 753 17 1000 657 567 251 747 51 569 448 442 453 174 207 434 418 658 887 815 627 0 500 85 119 118 128 157 972 754 608 993 482 368 623 203 189 380 577 809 664 813 206 978 967 229 914 192 653 967 91 426 457 942 862 575 59 990 732 382 
98 16 465 73 388 735 516 305 707 336 146 506 844 546 124 88 280 293 493 957 623 500 0 95 339 374 577 706 348 131 894 727 708 54 390 872 260 367 838 488 632 29 493 950 119 270 407 60 131 981 470 472 712 851 567 402 576 495 107 923 
15 249 107 459 119 306 287 83 849 744 816 285 218 878 191 617 387 955 780 739 720 85 95 0 977 352 1 684 758 390 555 17 108 744 856 91 772 700 41 242 969 447 301 100 427 770 571 491 972 489 892 547 335 351 821 312 54 821 347 811 
473 646 207 937 45 402 649 217 193 30 219 924 703 719 635 965 787 285 250 753 50 119 339 977 0 562 254 179 669 997 35 112 121 734 152 362 703 950 15 154 728 136 76 218 108 917 462 6 251 812 827 914 865 647 613 28 209 866 206 229 
366 337 275 247 106 475 265 230 493 282 854 891 968 643 923 396 296 222 260 561 765 118 374 352 562 0 214 240 340 686 326 843 48 380 144 62 533 872 197 608 441 656 524 902 662 127 713 488 392 930 134 4 957 694 221 514 923 435 754 614 
386 117 694 926 491 729 347 818 498 97 289 427 337 216 161 257 727 541 545 626 675 128 577 1 254 214 0 472 431 457 519 810 600 932 342 823 481 301 264 136 177 165 797 303 230 636 694 159 122 50 467 815 270 980 89 56 85 703 528 515 
881 202 764 242 48 537 247 422 595 604 286 200 891 372 950 984 43 944 920 152 997 157 706 684 179 240 472 0 511 398 676 110 330 17 933 810 670 548 945 846 712 94 500 293 81 545 803 554 594 269 721 216 601 809 271 37 511 150 904 21 
73 483 685 886 822 695 388 636 321 811 199 628 183 533 243 827 969 193 429 354 439 972 348 758 669 340 431 511 0 548 579 483 877 948 767 38 969 314 334 814 377 427 665 670 860 209 472 413 155 93 133 370 45 942 992 81 804 494 336 177 
639 350 926 499 935 160 364 555 930 615 196 164 905 856 31 796 687 501 855 850 601 754 131 390 997 686 457 398 548 0 41 267 11 269 566 777 306 534 442 639 347 170 418 363 839 629 571 311 41 725 755 174 446 799 467 438 231 622 931 919 
766 495 9 105 508 412 412 345 439 686 316 474 223 254 333 705 171 724 669 593 313 608 894 555 35 326 519 676 579 41 0 150 323 185 160 943 102 288 600 635 81 238 333 251 7 695 89 635 617 751 28 342 857 553 139 655 19 928 238 992 
308 157 211 152 827 385 598 293 388 303 737 581 240 148 988 105 221 470 714 153 628 993 727 17 112 843 810 110 483 267 150 0 210 156 142 532 692 653 474 793 941 73 779 21 663 111 623 21 157 712 8 773 814 387 466 671 939 605 677 309 
618 359 360 765 626 635 686 511 107 464 909 286 413 787 375 64 76 798 636 424 267 482 708 108 121 48 600 330 877 11 323 210 0 532 914 300 742 421 793 625 112 446 451 256 738 875 34 758 889 496 733 910 652 796 269 425 609 655 242 631 
521 778 737 731 894 392 330 555 939 467 46 286 710 705 376 689 122 722 587 790 692 368 54 744 734 380 932 17 948 269 185 156 532 0 593 846 308 253 730 573 552 471 994 697 447 457 142 897 713 879 772 98 988 660 594 720 921 597 515 189 
845 949 86 454 424 213 635 950 536 500 492 813 306 652 921 483 648 364 253 604 39 623 390 856 152 144 342 933 767 566 160 142 914 593 0 373 476 195 615 106 139 460 765 391 541 338 295 363 683 991 810 139 484 706 203 714 829 653 701 841 
928 675 991 308 554 158 88 731 853 514 957 207 489 510 903 911 276 767 887 948 855 203 872 91 362 62 823 810 38 777 943 532 300 846 373 0 246 773 761 194 639 302 567 114 848 181 572 987 992 688 729 533 25 375 895 59 365 704 550 200 
133 31 622 717 129 546 785 462 669 144 872 595 990 968 736 18 930 766 48 675 627 189 260 772 703 533 481 670 969 306 102 692 742 308 476 246 0 762 752 913 942 404 966 782 1 738 895 195 376 548 761 842 395 293 765 733 284 452 814 816 
494 613 671 966 126 680 717 854 502 542 627 564 581 608 532 665 235 319 441 927 451 380 367 700 950 872 301 548 314 534 288 653 421 253 195 773 762 0 477 188 711 887 905 766 436 104 527 540 369 821 295 334 602 296 71 848 842 798 747 954 
400 188 400 211 985 188 649 339 19 62 639 347 201 77 956 341 308 818 225 316 670 577 838 41 15 197 264 945 334 442 600 474 793 730 615 761 752 477 0 991 494 246 755 226 529 207 391 697 35 579 407 921 483 172 357 938 51 248 306 871 
926 212 806 88 481 877 3 85 386 63 146 406 194 800 641 256 620 958 442 190 377 809 488 242 154 608 136 846 814 639 635 793 625 573 106 194 913 188 991 0 542 991 824 189 413 24 382 211 770 335 201 615 932 956 193 813 514 583 509 548 
675 409 931 564 261 772 832 521 727 256 366 251 746 618 19 322 608 750 800 315 409 664 632 969 728 441 177 712 377 347 81 941 112 552 139 639 942 711 494 542 0 161 267 468 995 438 176 285 840 423 942 62 317 933 238 505 345 613 887 555 
264 194 192 456 869 111 844 248 530 538 131 124 339 963 432 609 780 286 222 28 631 813 29 447 136 656 165 94 427 170 238 73 446 471 460 302 404 887 246 991 161 0 734 573 108 349 505 415 541 669 928 123 177 475 636 443 294 630 232 470 
384 792 603 432 140 984 612 392 395 420 34 767 302 321 188 129 277 782 846 60 722 206 493 301 76 524 797 500 665 418 333 779 451 994 765 567 966 905 755 824 267 734 0 266 424 244 208 485 560 140 74 417 484 686 303 391 420 227 850 768 
542 130 729 185 761 417 863 517 462 709 143 837 891 871 722 253 298 567 99 589 470 978 950 100 218 902 303 293 670 363 251 21 256 697 391 114 782 766 226 189 468 573 266 0 83 616 308 751 543 782 927 369 417 721 14 399 953 835 664 376 
449 226 194 452 718 514 197 791 947 121 277 216 641 384 927 390 999 540 173 584 406 967 119 427 108 662 230 81 860 839 7 663 738 447 541 848 1 436 529 413 995 108 424 83 0 79 871 212 990 362 286 406 198 323 708 588 742 287 789 861 
90 987 159 934 361 216 471 787 354 715 737 217 882 745 268 951 543 900 533 61 23 229 270 770 917 127 636 545 209 629 695 111 875 457 338 181 738 104 207 24 438 349 244 616 79 0 369 404 168 120 298 950 398 18 718 119 31 116 423 866 
114 586 369 87 701 398 573 298 575 345 385 332 616 345 633 75 970 462 972 464 621 914 407 571 462 713 694 803 472 571 89 623 34 142 295 572 895 527 391 382 176 505 208 308 871 369 0 132 150 296 2 361 285 716 998 691 913 321 750 852 
483 800 340 640 835 750 736 50 178 908 922 706 579 692 27 848 692 189 369 751 285 192 60 491 6 488 159 554 413 311 635 21 758 897 363 987 195 540 697 211 285 415 485 751 212 404 132 0 414 36 640 275 405 395 794 876 44 95 273 61 
855 982 845 37 389 61 854 829 166 31 954 157 100 582 848 457 604 339 164 958 236 653 131 972 251 392 122 594 155 41 617 157 889 713 683 992 376 369 35 770 840 541 560 543 990 168 150 414 0 813 743 91 280 165 308 411 314 603 765 27 
977 484 938 366 424 247 55 80 731 187 123 136 505 529 329 588 699 43 389 610 46 967 981 489 812 930 50 269 93 725 751 712 496 879 991 688 548 821 579 335 423 669 140 782 362 120 296 36 813 0 888 480 376 578 392 48 679 595 462 715 
420 839 823 21 136 124 738 845 492 362 813 66 724 9 183 33 841 8 712 994 963 91 470 892 827 134 467 721 133 755 28 8 733 772 810 729 761 295 407 201 942 928 74 927 286 298 2 640 743 888 0 586 736 471 980 881 346 23 976 970 
542 811 468 651 868 666 924 715 850 731 232 76 912 259 79 690 80 646 870 62 803 426 472 547 914 4 815 216 370 174 342 773 910 98 139 533 842 334 921 615 62 123 417 369 406 950 361 275 91 480 586 0 435 788 713 525 67 877 185 478 
322 236 306 717 80 166 306 178 781 755 922 929 957 54 887 22 117 52 275 776 24 457 712 335 865 957 270 601 45 446 857 814 652 988 484 25 395 602 483 932 317 177 484 417 198 398 285 405 280 376 736 435 0 543 787 242 921 26 73 296 
517 206 640 445 524 211 605 149 198 49 958 924 568 906 306 121 472 300 205 302 937 942 851 351 647 694 980 809 942 799 553 387 796 660 706 375 293 296 172 956 933 475 686 721 323 18 716 395 165 578 471 788 543 0 603 816 344 634 410 805 
556 59 574 461 339 323 210 797 699 474 400 361 481 136 269 658 818 952 650 800 874 862 567 821 613 221 89 271 992 467 139 466 269 594 203 895 765 71 357 193 238 636 303 14 708 718 998 794 308 392 980 713 787 603 0 348 995 892 170 326 
795 233 512 5 124 567 306 394 326 784 141 205 11 124 522 338 255 688 876 528 425 575 402 312 28 514 56 37 81 438 655 671 425 720 714 59 733 848 938 813 505 443 391 399 588 119 691 876 411 48 881 525 242 816 348 0 772 867 348 99 
234 894 266 691 981 685 869 730 690 330 812 166 535 548 580 868 119 873 816 862 701 59 576 54 209 923 85 511 804 231 19 939 609 921 829 365 284 842 51 514 345 294 420 953 742 31 913 44 314 679 346 67 921 344 995 772 0 836 134 238 
294 175 267 386 829 51 908 967 196 923 688 139 169 704 429 914 544 844 546 425 900 990 495 821 866 435 703 150 494 622 928 605 655 597 653 704 452 798 248 583 613 630 227 835 287 116 321 95 603 595 23 877 26 634 892 867 836 0 548 10 
675 434 627 246 171 455 904 167 920 740 426 756 901 496 823 673 297 632 795 679 421 732 107 347 206 754 528 904 336 931 238 677 242 515 701 550 814 747 306 509 887 232 850 664 789 423 750 273 765 462 976 185 73 410 170 348 134 548 0 305 
658 377 951 577 154 731 608 366 363 493 362 793 69 81 823 694 87 66 244 567 139 382 923 811 229 614 515 21 177 919 992 309 631 189 841 200 816 954 871 548 555 470 768 376 861 866 852 61 27 715 970 478 296 805 326 99 238 10 305 0 
