40
0 86 724 394 504 628 997 70 150 55 519 306 21 616 360 857 588 619 963 292 26 240 557 849 360 175 478 172 961 588 980 733 673 703 478 177 330 474 598 479 
86 0 881 469 785 901 84 496 109 672 466 71 315 491 663 871 691 374 45 169 545 358 756 876 90 428 578 568 956 259 393 906 90 273 374 226 525 457 721 634 
724 881 0 480 186 56 146 677 718 368 367 91 765 535 988 122 642 863 211 422 793 778 729 51 523 634 492 795 7 717 672 816 437 305 295 975 360 793 651 430 
394 469 480 0 160 369 872 924 256 859 45 897 74 256 670 218 385 399 268 259 32 112 54 391 828 77 558 265 381 852 239 92 644 241 521 156 961 745 79 216 
504 785 186 160 0 955 124 465 380 731 134 597 467 532 217 726 916 328 131 658 155 207 215 771 939 418 361 30 62 953 903 569 914 999 647 129 953 122 593 333 
628 901 56 369 955 0 852 727 929 671 610 145 748 525 472 878 182 979 436 396 749 374 814 462 755 227 414 9 795 327 7 793 456 960 915 400 292 118 478 572 
997 84 146 872 124 852 0 788 88 717 887 964 540 764 146 870 551 893 619 924 58 80 31 636 493 39 782 172 46 575 627 357 841 378 1000 310 856 571 98 295 
70 496 677 924 465 727 788 0 639 336 258 179 100 755 48 650 1000 18 926 57 449 956 45 294 346 826 465 743 752 443 99 944 820 450 254 27 21 703 321 659 
150 109 718 256 380 929 88 639 0 38 931 189 489 685 589 491 684 958 416 93 407 723 137 700 420 314 516 163 66 958 613 361 129 63 614 508 435 316 828 445 
55 672 368 859 731 671 717 336 38 0 354 110 986 194 795 574 684 830 531 99 922 289 173 410 340 593 724 207 755 141 164 719 501 645 781 115 152 567 782 331 
519 466 367 45 134 610 887 258 931 354 0 12 487 441 997 681 587 922 364 416 804 815 690 93 339 99 784 931 822 991 37 962 506 756 815 502 888 929 653 455 
306 71 91 897 597 145 964 179 189 110 12 0 62 336 818 549 128 166 581 714 87 296 481 890 110 170 334 449 621 470 731 442 460 768 756 317 875 570 819 762 
21 315 765 74 467 748 540 100 489 986 487 62 0 850 823 568 911 158 737 811 637 902 743 702 988 39 183 230 148 704 563 948 324 384 679 118 843 798 873 512 
616 491 535 256 532 525 764 755 685 194 441 336 850 0 672 794 330 785 643 504 705 905 14 441 68 650 343 810 352 682 848 886 911 348 589 826 295 265 209 325 
360 663 988 670 217 472 146 48 589 795 997 818 823 672 0 382 404 474 606 915 145 399 596 282 393 451 986 297 464 426 364 114 120 174 817 802 373 702 712 720 
857 871 122 218 726 878 870 650 491 574 681 549 568 794 382 0 642 889 367 258 450 43 991 853 517 596 119 13 346 66 294 738 516 279 387 980 57 750 445 176 
588 691 642 385 916 182 551 1000 684 684 587 128 911 330 404 642 0 275 261 977 648 314 41 367 307 281 85 917 730 128 907 582 644 855 52 656 200 117 302 290 
619 374 863 399 328 979 893 18 958 830 922 166 158 785 474 889 275 0 633 932 676 964 988 777 408 516 52 20 844 51 685 884 769 991 517 854 907 246 333 166 
963 45 211 268 131 436 619 926 416 531 364 581 737 643 606 367 261 633 0 180 976 20 583 983 571 700 636 860 684 568 887 647 555 664 406 422 67 425 266 469 
292 169 422 259 658 396 924 57 93 99 416 714 811 504 915 258 977 932 180 0 109 501 237 451 17 442 710 615 774 875 794 101 894 728 84 816 427 71 676 462 
26 545 793 32 155 749 58 449 407 922 804 87 637 705 145 450 648 676 976 109 0 638 562 108 545 577 865 966 995 641 231 463 101 732 52 552 100 493 613 714 
240 358 778 112 207 374 80 956 723 289 815 296 902 905 399 43 314 964 20 501 638 0 619 487 859 719 732 587 154 547 13 225 574 827 214 488 934 758 64 151 
557 756 729 54 215 814 31 45 137 173 690 481 743 14 596 991 41 988 583 237 562 619 0 76 411 791 658 873 892 389 276 795 489 121 407 554 739 245 413 809 
849 876 51 391 771 462 636 294 700 410 93 890 702 441 282 853 367 777 983 451 108 487 76 0 976 999 963 874 363 539 448 189 752 935 475 862 998 625 937 760 
360 90 523 828 939 755 493 346 420 340 339 110 988 68 393 517 307 408 571 17 545 859 411 976 0 767 594 633 658 335 260 452 175 380 210 728 118 454 492 927 
175 428 634 77 418 227 39 826 314 593 99 170 39 650 451 596 281 516 700 442 577 719 791 999 767 0 429 490 241 655 205 779 102 393 530 36 219 743 385 195 
478 578 492 558 361 414 782 465 516 724 784 334 183 343 986 119 85 52 636 710 865 732 658 963 594 429 0 679 145 962 625 129 971 311 388 775 485 768 984 564 
172 568 795 265 30 9 172 743 163 207 931 449 230 810 297 13 917 20 860 615 966 587 873 874 633 490 679 0 237 438 56 515 218 897 755 872 453 533 325 198 
961 956 7 381 62 795 46 752 66 755 822 621 148 352 464 346 730 844 684 774 995 154 892 363 658 241 145 237 0 415 360 416 509 745 963 188 241 924 164 369 
588 259 717 852 953 327 575 443 958 141 991 470 704 682 426 66 128 51 568 875 641 547 389 539 335 655 962 438 415 0 894 474 108 20 310 875 4 225 464 793 
980 393 672 239 903 7 627 99 613 164 37 731 563 848 364 294 907 685 887 794 231 13 276 448 260 205 625 56 360 894 0 632 978 362 881 733 586 333 617 910 
733 906 816 92 569 793 357 944 361 719 962 442 948 886 114 738 582 884 647 101 463 225 795 189 452 779 129 515 416 474 632 0 530 383 622 298 892 718 260 431 
673 90 437 644 914 456 841 820 129 501 506 460 324 911 120 516 644 769 555 894 101 574 489 752 175 102 971 218 509 108 978 530 0 958 183 594 678 428 419 785 
703 273 305 241 999 960 378 450 63 645 756 768 384 348 174 279 855 991 664 728 732 827 121 935 380 393 311 897 745 20 362 383 958 0 448 80 12 803 304 475 
478 374 295 521 647 915 1000 254 614 781 815 756 679 589 817 387 52 517 406 84 52 214 407 475 210 530 388 755 963 310 881 622 183 448 0 947 936 452 660 168 
177 226 975 156 129 400 310 27 508 115 502 317 118 826 802 980 656 854 422 816 552 488 554 862 728 36 775 872 188 875 733 298 594 80 947 0 536 245 500 153 
330 525 360 961 953 292 856 21 435 152 888 875 843 295 373 57 200 907 67 427 100 934 739 998 118 219 485 453 241 4 586 892 678 12 936 536 0 507 30 535 
474 457 793 745 122 118 571 703 316 567 929 570 798 265 702 750 117 246 425 71 493 758 245 625 454 743 768 533 924 225 333 718 428 803 452 245 507 0 480 327 
598 721 651 79 593 478 98 321 828 782 653 819 873 209 712 445 302 333 266 676 613 64 413 937 492 385 984 325 164 464 617 260 419 304 660 500 30 480 0 426 
479 634 430 216 333 572 295 659 445 331 455 762 512 325 720 176 290 166 469 462 714 151 809 760 927 195 564 198 369 793 910 431 785 475 168 153 535 327 426 0 
