70
0 911 637 747 149 428 17 468 238 922 133 710 287 698 256 912 646 124 745 152 111 630 492 89 258 860 817 35 119 791 693 514 701 681 261 202 108 277 669 697 198 802 759 836 851 14 99 496 489 844 999 599 825 843 688 82 702 504 468 172 295 512 686 347 193 946 900 300 222 569 
911 0 997 771 722 107 606 924 120 57 772 608 900 122 207 724 964 246 157 665 101 625 837 747 136 522 94 328 819 345 980 40 913 328 162 986 434 119 910 553 175 681 512 74 154 70 149 118 315 658 782 416 282 970 162 769 843 607 449 661 952 428 52 216 755 213 554 540 332 463 
637 997 0 444 858 495 955 284 648 25 432 117 691 441 251 106 722 220 620 843 415 578 291 75 529 718 479 97 824 43 650 363 726 464 806 584 310 112 867 309 136 650 426 827 91 676 284 164 247 255 6 13 833 296 440 713 13 918 809 188 960 810 902 686 273 59 621 934 171 487 
747 771 444 0 243 658 488 20 836 578 47 120 742 645 726 747 658 558 43 97 271 407 366 431 947 677 241 848 714 513 907 334 799 429 172 41 86 660 412 922 589 458 393 330 454 118 429 111 28 823 559 650 581 924 80 527 953 320 727 666 185 633 352 983 61 523 375 498 534 786 
149 722 858 243 0 419 123 595 163 452 48 633 232 511 660 54 69 309 635 345 388 513 297 60 239 314 244 223 665 578 283 540 952 781 73 89 551 195 35 714 999 82 346 230 592 357 284 13 665 270 709 404 134 5 463 373 670 706 595 687 635 230 226 586 362 298 26 912 845 60 
428 107 495 658 419 0 977 843 494 674 72 437 382 707 449 46 328 157 450 462 513 264 834 183 322 780 869 956 9 446 894 370 743 919 634 587 331 962 781 824 988 853 260 369 911 709 767 239 217 568 700 730 831 885 264 152 664 484 108 673 929 1 394 23 271 379 962 601 693 742 
17 606 955 488 123 977 0 424 680 946 684 400 857 744 166 95 960 733 794 41 916 678 304 67 341 139 526 365 67 878 111 90 149 841 403 101 533 144 525 564 90 560 964 946 655 129 392 966 214 185 7 129 214 662 547 906 801 73 623 219 950 733 660 450 573 62 551 458 558 427 
468 924 284 20 595 843 424 0 21 999 338 984 944 992 465 335 957 678 871 315 806 84 329 352 341 481 776 963 699 726 47 711 527 620 124 77 429 681 503 449 679 840 785 974 183 249 660 492 926 530 806 83 965 486 786 306 966 562 620 17 639 667 727 517 638 850 594 66 883 448 
238 120 648 836 163 494 680 21 0 514 561 640 298 535 822 546 546 313 823 76 471 257 392 956 43 49 922 956 669 290 946 335 16 462 972 217 407 37 99 207 902 660 846 552 546 19 449 91 332 272 518 154 528 910 109 922 310 382 229 978 671 526 664 686 340 635 255 746 23 353 
922 57 25 578 452 674 946 999 514 0 952 925 364 149 476 909 168 276 352 499 547 869 4 427 130 112 700 440 494 281 769 516 158 433 554 497 67 808 595 442 160 898 718 876 47 545 784 214 820 135 64 367 356 419 145 485 530 196 276 375 476 45 891 634 477 444 482 895 603 76 
133 772 432 47 48 72 684 338 561 952 0 336 762 326 53 989 372 597 773 937 417 259 352 135 966 770 631 803 651 826 78 26 654 122 268 639 598 711 120 845 313 548 180 426 873 585 415 244 533 539 532 301 149 235 787 115 4 417 917 6 595 346 383 248 468 650 886 417 712 5 
710 608 117 120 633 437 400 984 640 925 336 0 261 376 552 793 802 776 729 568 19 261 458 902 562 958 136 700 72 491 117 340 497 711 686 879 310 505 881 547 273 592 551 534 968 455 678 121 230 406 40 601 18 497 854 931 454 990 631 878 832 99 569 680 161 606 911 470 110 791 
287 900 691 742 232 382 857 944 298 364 762 261 0 16 383 734 918 268 701 724 297 173 306 702 212 258 71 60 111 354 514 452 984 743 636 434 311 315 594 917 577 415 378 719 782 760 453 699 27 153 775 675 678 432 376 889 689 799 949 151 152 814 603 487 556 590 920 218 904 865 
698 122 441 645 511 707 744 992 535 149 326 376 16 0 134 833 279 512 551 412 623 3 462 2 508 236 676 185 667 404 73 707 202 373 858 705 186 812 543 93 753 814 311 656 678 796 840 308 659 391 719 282 393 180 283 900 768 310 436 434 713 509 493 266 233 702 322 419 865 864 
256 207 251 726 660 449 166 465 822 476 53 552 383 134 0 511 617 677 173 624 706 969 464 13 627 854 83 908 598 263 542 850 30 204 285 815 268 145 659 534 378 360 207 796 224 71 658 840 99 831 816 805 151 279 169 777 484 252 37 81 866 930 930 247 133 567 61 401 711 72 
912 724 106 747 54 46 95 335 546 909 989 793 734 833 511 0 286 88 431 492 235 7 914 245 198 365 427 13 521 577 291 689 705 126 292 93 207 157 23 488 403 507 54 816 259 117 887 896 556 669 388 143 27 653 387 225 17 165 237 537 93 880 578 149 357 869 242 563 378 616 
646 964 722 658 69 328 960 957 546 168 372 802 918 279 617 286 0 403 132 122 456 299 733 924 537 628 480 206 367 622 232 372 360 808 740 876 397 277 968 276 206 116 632 74 709 547 803 324 949 935 798 756 233 882 680 122 509 511 327 228 484 910 599 195 718 338 70 466 966 389 
124 246 220 558 309 157 733 678 313 276 597 776 268 512 677 88 403 0 741 171 856 724 597 565 622 751 888 570 685 37 678 270 918 709 391 779 219 69 6 54 330 956 248 399 645 317 864 963 705 956 485 560 680 433 476 653 184 364 575 868 752 252 489 670 312 879 448 882 299 805 
745 157 620 43 635 450 794 871 823 352 773 729 701 551 173 431 132 741 0 935 629 760 182 379 756 850 243 718 906 198 555 817 229 987 293 882 170 8 456 390 759 59 878 780 370 109 227 603 407 31 537 387 142 70 766 250 919 8 319 176 557 873 992 138 860 636 19 381 643 826 
152 665 843 97 345 462 41 315 76 499 937 568 724 412 624 492 122 171 935 0 770 754 236 648 533 957 756 760 559 514 142 95 901 636 516 18 885 786 377 203 961 933 76 952 422 287 588 792 667 582 617 437 335 204 84 220 160 191 979 718 704 472 164 956 107 679 973 991 464 349 
111 101 415 271 388 513 916 806 471 547 417 19 297 623 706 235 456 856 629 770 0 546 424 634 621 728 55 259 667 847 925 600 815 713 287 19 796 506 178 338 836 248 394 307 411 349 766 90 674 756 905 22 653 681 7 625 760 62 883 426 260 160 377 74 872 663 92 20 168 622 
630 625 578 407 513 264 678 84 257 869 259 261 173 3 969 7 299 724 760 754 546 0 357 3 869 750 310 631 451 75 72 124 182 977 497 187 9 504 811 768 565 694 545 824 853 921 249 724 584 693 743 103 314 452 106 534 553 767 164 3 193 236 126 726 564 623 912 572 126 723 
492 837 291 366 297 834 304 329 392 4 352 458 306 462 464 914 733 597 182 236 424 357 0 691 42 768 235 217 972 155 465 47 90 157 142 193 822 593 650 707 145 416 871 500 960 458 625 685 21 599 949 944 76 23 634 469 790 868 685 113 374 502 159 816 10 652 360 184 596 9 
89 747 75 431 60 183 67 352 956 427 135 902 702 2 13 245 924 565 379 648 634 3 691 0 890 93 776 760 592 735 569 568 771 941 519 719 884 594 741 869 63 882 88 99 994 462 600 505 629 962 156 988 145 752 348 34 844 123 146 435 209 714 354 979 655 872 50 538 466 790 
258 136 529 947 239 322 341 341 43 130 966 562 212 508 627 198 537 622 756 533 621 869 42 890 0 759 880 24 846 978 17 659 930 521 287 891 29 626 35 780 973 420 623 447 565 409 655 279 762 986 285 986 35 174 451 176 932 682 199 778 659 216 436 940 88 723 830 116 700 216 
860 522 718 677 314 780 139 481 49 112 770 958 258 236 854 365 628 751 850 957 728 750 768 93 759 0 895 673 636 869 119 552 629 774 830 743 759 466 728 145 640 530 320 571 563 519 700 573 734 136 513 173 210 694 289 909 910 535 581 897 756 52 448 736 177 630 478 935 95 557 
817 94 479 241 244 869 526 776 922 700 631 136 71 676 83 427 480 888 243 756 55 310 235 776 880 895 0 431 734 438 750 657 1000 268 356 573 353 843 85 526 52 130 166 313 39 52 245 287 159 296 735 895 472 716 724 758 810 633 188 896 70 290 904 70 557 259 994 262 454 430 
35 328 97 848 223 956 365 963 956 440 803 700 60 185 908 13 206 570 718 760 259 631 217 760 24 673 431 0 139 505 559 304 169 950 707 414 236 866 709 322 760 533 37 483 642 199 115 182 94 537 471 349 958 379 607 951 640 60 380 778 917 290 433 85 239 140 498 475 357 559 
119 819 824 714 665 9 67 699 669 494 651 72 111 667 598 521 367 685 906 559 667 451 972 592 846 636 734 139 0 796 116 443 833 950 84 31 417 265 476 953 87 824 262 466 782 212 105 194 943 235 462 584 19 898 823 510 748 297 866 306 444 981 100 628 283 535 10 699 800 837 
791 345 43 513 578 446 878 726 290 281 826 491 354 404 263 577 622 37 198 514 847 75 155 735 978 869 438 505 796 0 3 238 12 264 703 794 827 160 339 121 746 800 704 764 49 526 274 796 174 491 453 970 472 552 597 106 87 959 804 238 795 158 475 807 773 178 952 599 689 290 
693 980 650 907 283 894 111 47 946 769 78 117 514 73 542 291 232 678 555 142 925 72 465 569 17 119 750 559 116 3 0 71 434 441 774 197 489 652 822 637 177 313 89 498 136 641 447 241 727 405 396 964 551 905 790 357 677 967 660 627 655 301 697 440 93 822 989 934 473 810 
514 40 363 334 540 370 90 711 335 516 26 340 452 707 850 689 372 270 817 95 600 124 47 568 659 552 657 304 443 238 71 0 570 2 474 658 499 609 298 945 201 376 701 948 691 252 852 481 960 880 799 620 506 806 920 202 245 365 24 233 298 848 43 867 849 868 524 700 829 174 
701 913 726 799 952 743 149 527 16 158 654 497 984 202 30 705 360 918 229 901 815 182 90 771 930 629 1000 169 833 12 434 570 0 996 381 549 697 329 240 948 532 720 259 412 518 878 917 675 150 471 920 866 494 152 163 693 546 381 894 414 904 593 594 429 588 974 978 636 302 569 
681 328 464 429 781 919 841 620 462 433 122 711 743 373 204 126 808 709 987 636 713 977 157 941 521 774 268 950 950 264 441 2 996 0 935 186 640 194 597 509 423 865 184 924 335 103 789 180 606 951 225 152 331 118 917 587 710 510 15 649 835 344 285 137 264 219 674 903 764 270 
261 162 806 172 73 634 403 124 972 554 268 686 636 858 285 292 740 391 293 516 287 497 142 519 287 830 356 707 84 703 774 474 381 935 0 412 187 486 595 110 173 49 899 352 654 201 576 157 884 45 73 470 754 934 836 755 769 532 391 257 795 961 930 698 725 551 461 911 388 407 
202 986 584 41 89 587 101 77 217 497 639 879 434 705 815 93 876 779 882 18 19 187 193 719 891 743 573 414 31 794 197 658 549 186 412 0 372 560 455 270 264 460 471 191 617 354 236 41 175 341 327 362 95 447 893 485 703 40 798 984 89 522 886 549 432 273 955 803 185 761 
108 434 310 86 551 331 533 429 407 67 598 310 311 186 268 207 397 219 170 885 796 9 822 884 29 759 353 236 417 827 489 499 697 640 187 372 0 425 448 220 247 638 188 952 873 229 126 566 555 839 660 353 84 497 55 123 294 390 211 167 627 111 598 251 417 752 435 177 528 882 
277 119 112 660 195 962 144 681 37 808 711 505 315 812 145 157 277 69 8 786 506 504 593 594 626 466 843 866 265 160 652 609 329 194 486 560 425 0 748 774 872 936 725 96 516 202 661 422 41 673 774 476 169 828 598 814 569 160 980 195 622 929 445 38 32 232 566 560 113 313 
669 910 867 412 35 781 525 503 99 595 120 881 594 543 659 23 968 6 456 377 178 811 650 741 35 728 85 709 476 339 822 298 240 597 595 455 448 748 0 333 984 600 410 80 115 963 740 536 355 764 309 830 932 488 779 97 56 938 428 602 911 356 399 948 740 630 513 299 94 178 
697 553 309 922 714 824 564 449 207 442 845 547 917 93 534 488 276 54 390 203 338 768 707 869 780 145 526 322 953 121 637 945 948 509 110 270 220 774 333 0 983 430 777 744 509 892 707 600 427 61 364 736 891 647 575 21 96 631 311 523 584 221 231 982 169 970 963 33 620 57 
198 175 136 589 999 988 90 679 902 160 313 273 577 753 378 403 206 330 759 961 836 565 145 63 973 640 52 760 87 746 177 201 532 423 173 264 247 872 984 983 0 562 954 486 339 698 346 582 756 297 360 816 12 447 58 11 22 79 106 652 389 980 587 961 210 569 129 531 531 514 
802 681 650 458 82 853 560 840 660 898 548 592 415 814 360 507 116 956 59 933 248 694 416 882 420 530 130 533 824 800 313 376 720 865 49 460 638 936 600 430 562 0 502 939 75 456 776 765 505 121 346 260 770 706 427 133 152 485 143 173 915 600 176 655 580 763 615 141 683 96 
759 512 426 393 346 260 964 785 846 718 180 551 378 311 207 54 632 248 878 76 394 545 871 88 623 320 166 37 262 704 89 701 259 184 899 471 188 725 410 777 954 502 0 24 565 961 525 504 387 332 631 152 836 104 849 95 873 554 522 5 58 358 500 582 624 99 110 630 30 872 
836 74 827 330 230 369 946 974 552 876 426 534 719 656 796 816 74 399 780 952 307 824 500 99 447 571 313 483 466 764 498 948 412 924 352 191 952 96 80 744 486 939 24 0 244 523 554 691 546 470 651 422 325 38 754 956 541 589 59 389 36 931 295 909 287 704 618 138 285 241 
851 154 91 454 592 911 655 183 546 47 873 968 782 678 224 259 709 645 370 422 411 853 960 994 565 563 39 642 782 49 136 691 518 335 654 617 873 516 115 509 339 75 565 244 0 589 394 870 970 617 465 492 522 156 389 992 158 811 316 195 916 271 87 504 329 476 891 611 770 151 
14 70 676 118 357 709 129 249 19 545 585 455 760 796 71 117 547 317 109 287 349 921 458 462 409 519 52 199 212 526 641 252 878 103 201 354 229 202 963 892 698 456 961 523 589 0 250 825 768 739 109 360 327 855 229 297 471 46 788 993 201 529 336 710 339 651 257 254 274 343 
99 149 284 429 284 767 392 660 449 784 415 678 453 840 658 887 803 864 227 588 766 249 625 600 655 700 245 115 105 274 447 852 917 789 576 236 126 661 740 707 346 776 525 554 394 250 0 109 954 818 352 917 939 502 166 763 270 256 224 629 583 78 210 231 900 255 370 244 807 898 
496 118 164 111 13 239 966 492 91 214 244 121 699 308 840 896 324 963 603 792 90 724 685 505 279 573 287 182 194 796 241 481 675 180 157 41 566 422 536 600 582 765 504 691 870 825 109 0 579 516 236 582 772 841 207 115 950 160 284 301 76 575 154 593 689 423 849 912 404 783 
489 315 247 28 665 217 214 926 332 820 533 230 27 659 99 556 949 705 407 667 674 584 21 629 762 734 159 94 943 174 727 960 150 606 884 175 555 41 355 427 756 505 387 546 970 768 954 579 0 341 965 13 593 219 382 836 377 280 767 892 867 700 16 708 906 482 9 65 117 661 
844 658 255 823 270 568 185 530 272 135 539 406 153 391 831 669 935 956 31 582 756 693 599 962 986 136 296 537 235 491 405 880 471 951 45 341 839 673 764 61 297 121 332 470 617 739 818 516 341 0 493 691 814 85 732 589 285 995 344 67 336 308 79 280 878 813 115 606 444 233 
999 782 6 559 709 700 7 806 518 64 532 40 775 719 816 388 798 485 537 617 905 743 949 156 285 513 735 471 462 453 396 799 920 225 73 327 660 774 309 364 360 346 631 651 465 109 352 236 965 493 0 849 310 932 864 369 837 697 729 902 814 389 394 856 555 830 587 495 115 582 
599 416 13 650 404 730 129 83 154 367 301 601 675 282 805 143 756 560 387 437 22 103 944 988 986 173 895 349 584 970 964 620 866 152 470 362 353 476 830 736 816 260 152 422 492 360 917 582 13 691 849 0 190 181 269 849 612 900 726 776 14 331 219 599 531 528 530 395 249 367 
825 282 833 581 134 831 214 965 528 356 149 18 678 393 151 27 233 680 142 335 653 314 76 145 35 210 472 958 19 472 551 506 494 331 754 95 84 169 932 891 12 770 836 325 522 327 939 772 593 814 310 190 0 443 977 620 256 718 365 464 624 194 402 118 660 335 659 193 955 507 
843 970 296 924 5 885 662 486 910 419 235 497 432 180 279 653 882 433 70 204 681 452 23 752 174 694 716 379 898 552 905 806 152 118 934 447 497 828 488 647 447 706 104 38 156 855 502 841 219 85 932 181 443 0 156 854 584 931 220 266 149 818 796 28 347 542 276 65 985 605 
688 162 440 80 463 264 547 786 109 145 787 854 376 283 169 387 680 476 766 84 7 106 634 348 451 289 724 607 823 597 790 920 163 917 836 893 55 598 779 575 58 427 849 754 389 229 166 207 382 732 864 269 977 156 0 36 592 322 400 55 945 946 809 414 605 143 424 797 98 930 
82 769 713 527 373 152 906 306 922 485 115 931 889 900 777 225 122 653 250 220 625 534 469 34 176 909 758 951 510 106 357 202 693 587 755 485 123 814 97 21 11 133 95 956 992 297 763 115 836 589 369 849 620 854 36 0 952 303 513 234 522 130 382 339 925 410 38 467 37 102 
702 843 13 953 670 664 801 966 310 530 4 454 689 768 484 17 509 184 919 160 760 553 790 844 932 910 810 640 748 87 677 245 546 710 769 703 294 569 56 96 22 152 873 541 158 471 270 950 377 285 837 612 256 584 592 952 0 803 641 138 394 314 889 801 610 834 961 23 439 103 
504 607 918 320 706 484 73 562 382 196 417 990 799 310 252 165 511 364 8 191 62 767 868 123 682 535 633 60 297 959 967 365 381 510 532 40 390 160 938 631 79 485 554 589 811 46 256 160 280 995 697 900 718 931 322 303 803 0 446 587 552 727 891 855 591 124 376 720 506 67 
468 449 809 727 595 108 623 620 229 276 917 631 949 436 37 237 327 575 319 979 883 164 685 146 199 581 188 380 866 804 660 24 894 15 391 798 211 980 428 311 106 143 522 59 316 788 224 284 767 344 729 726 365 220 400 513 641 446 0 645 267 104 463 655 557 617 648 46 10 961 
172 661 188 666 687 673 219 17 978 375 6 878 151 434 81 537 228 868 176 718 426 3 113 435 778 897 896 778 306 238 627 233 414 649 257 984 167 195 602 523 652 173 5 389 195 993 629 301 892 67 902 776 464 266 55 234 138 587 645 0 935 162 571 120 122 945 558 577 743 497 
295 952 960 185 635 929 950 639 671 476 595 832 152 713 866 93 484 752 557 704 260 193 374 209 659 756 70 917 444 795 655 298 904 835 795 89 627 622 911 584 389 915 58 36 916 201 583 76 867 336 814 14 624 149 945 522 394 552 267 935 0 480 469 387 334 412 862 62 131 367 
512 428 810 633 230 1 733 667 526 45 346 99 814 509 930 880 910 252 873 472 160 236 502 714 216 52 290 290 981 158 301 848 593 344 961 522 111 929 356 221 980 600 358 931 271 529 78 575 700 308 389 331 194 818 946 130 314 727 104 162 480 0 480 127 985 935 589 992 843 557 
686 52 902 352 226 394 660 727 664 891 383 569 603 493 930 578 599 489 992 164 377 126 159 354 436 448 904 433 100 475 697 43 594 285 930 886 598 445 399 231 587 176 500 295 87 336 210 154 16 79 394 219 402 796 809 382 889 891 463 571 469 480 0 639 889 567 599 175 80 521 
347 216 686 983 586 23 450 517 686 634 248 680 487 266 247 149 195 670 138 956 74 726 816 979 940 736 70 85 628 807 440 867 429 137 698 549 251 38 948 982 961 655 582 909 504 710 231 593 708 280 856 599 118 28 414 339 801 855 655 120 387 127 639 0 294 554 466 204 482 560 
193 755 273 61 362 271 573 638 340 477 468 161 556 233 133 357 718 312 860 107 872 564 10 655 88 177 557 239 283 773 93 849 588 264 725 432 417 32 740 169 210 580 624 287 329 339 900 689 906 878 555 531 660 347 605 925 610 591 557 122 334 985 889 294 0 52 961 380 790 647 
946 213 59 523 298 379 62 850 635 444 650 606 590 702 567 869 338 879 636 679 663 623 652 872 723 630 259 140 535 178 822 868 974 219 551 273 752 232 630 970 569 763 99 704 476 651 255 423 482 813 830 528 335 542 143 410 834 124 617 945 412 935 567 554 52 0 791 651 60 922 
900 554 621 375 26 962 551 594 255 482 886 911 920 322 61 242 70 448 19 973 92 912 360 50 830 478 994 498 10 952 989 524 978 674 461 955 435 566 513 963 129 615 110 618 891 257 370 849 9 115 587 530 659 276 424 38 961 376 648 558 862 589 599 466 961 791 0 370 539 48 
300 540 934 498 912 601 458 66 746 895 417 470 218 419 401 563 466 882 381 991 20 572 184 538 116 935 262 475 699 599 934 700 636 903 911 803 177 560 299 33 531 141 630 138 611 254 244 912 65 606 495 395 193 65 797 467 23 720 46 577 62 992 175 204 380 651 370 0 354 825 
222 332 171 534 845 693 558 883 23 603 712 110 904 865 711 378 966 299 643 464 168 126 596 466 700 95 454 357 800 689 473 829 302 764 388 185 528 113 94 620 531 683 30 285 770 274 807 404 117 444 115 249 955 985 98 37 439 506 10 743 131 843 80 482 790 60 539 354 0 989 
569 463 487 786 60 742 427 448 353 76 5 791 865 864 72 616 389 805 826 349 622 723 9 790 216 557 430 559 837 290 810 174 569 270 407 761 882 313 178 57 514 96 872 241 151 343 898 783 661 233 582 367 507 605 930 102 103 67 961 497 367 557 521 560 647 922 48 825 989 0 
