70
0 697 667 545 335 907 463 934 433 895 806 79 448 271 282 281 182 685 241 562 474 887 352 124 946 273 493 836 673 199 660 13 895 679 909 230 585 372 515 18 618 672 96 417 943 729 697 476 413 937 37 238 176 389 361 473 13 206 309 685 404 320 49 650 998 958 231 583 681 97 
697 0 952 298 769 399 714 63 127 762 538 891 698 575 128 225 315 488 698 327 45 6 364 800 677 412 450 675 721 32 609 401 129 560 50 249 310 763 311 436 876 848 678 926 774 805 150 88 644 847 767 689 204 482 840 881 893 289 555 614 673 515 366 153 426 416 401 735 530 711 
667 952 0 522 406 910 199 331 684 3 480 123 998 327 241 38 882 722 878 762 967 518 316 932 190 182 297 342 607 712 742 341 242 804 862 999 714 60 329 749 414 808 223 764 486 464 801 368 537 678 129 503 548 797 434 89 978 731 783 937 794 876 277 387 680 491 385 745 550 713 
545 298 522 0 493 316 873 67 79 710 530 231 429 67 261 910 921 808 58 355 896 387 437 30 323 582 906 952 969 585 442 705 329 343 770 173 658 994 239 88 703 121 319 484 539 931 393 459 738 802 165 985 188 953 15 511 535 920 814 855 856 255 559 184 597 680 708 607 673 946 
335 769 406 493 0 694 728 66 364 211 604 294 955 415 383 756 579 720 295 532 86 157 418 357 970 272 212 224 182 747 821 862 454 427 886 751 472 613 169 188 175 772 833 129 538 568 236 117 287 531 1000 724 687 417 80 657 40 643 232 573 389 52 786 194 830 672 296 654 636 464 
907 399 910 316 694 0 193 163 588 25 643 125 592 879 241 230 761 592 953 799 360 384 455 751 26 39 324 766 90 461 959 272 484 607 277 120 70 469 282 657 493 276 782 437 154 374 18 266 318 971 65 677 354 871 428 732 909 103 497 351 563 808 974 47 414 250 518 483 718 151 
463 714 199 873 728 193 0 492 562 426 273 998 932 998 16 197 315 338 613 992 43 836 771 774 744 873 623 446 435 782 419 833 195 668 350 29 737 500 520 299 278 144 648 209 142 15 757 808 352 370 799 747 557 921 872 300 793 494 98 580 627 516 764 173 536 114 202 272 965 73 
934 63 331 67 66 163 492 0 570 594 217 570 802 710 584 911 517 936 632 668 34 188 588 905 839 733 751 936 664 377 804 427 550 691 892 103 962 209 175 884 802 743 453 956 452 36 218 321 323 849 340 356 388 279 613 226 363 363 514 26 739 669 805 640 359 48 742 320 608 917 
433 127 684 79 364 588 562 570 0 555 762 11 7 717 815 395 286 135 69 134 826 425 873 104 37 98 467 751 963 844 841 631 1000 481 989 48 222 661 655 490 567 416 853 926 484 667 320 769 153 388 254 978 164 126 81 552 576 899 302 538 95 495 521 94 975 861 141 548 521 796 
895 762 3 710 211 25 426 594 555 0 390 88 563 242 13 47 908 684 167 60 423 773 37 939 898 469 842 825 720 144 363 814 990 235 907 964 95 48 511 968 195 900 55 109 493 419 155 400 454 674 459 228 446 847 166 695 668 8 520 387 503 882 200 492 468 106 455 562 505 317 
806 538 480 530 604 643 273 217 762 390 0 529 51 569 935 160 61 705 666 813 158 339 271 386 136 470 903 831 137 910 350 523 412 583 74 255 50 179 61 611 36 730 492 86 298 426 245 710 131 911 522 640 601 145 377 737 614 280 567 102 541 268 624 305 850 49 559 251 227 620 
79 891 123 231 294 125 998 570 11 88 529 0 213 614 701 704 700 998 482 944 59 964 206 933 955 807 77 332 543 42 963 109 495 855 728 470 159 577 518 70 179 96 41 743 710 741 447 409 738 280 704 148 595 910 80 549 716 508 232 258 901 546 718 395 401 445 216 559 373 733 
448 698 998 429 955 592 932 802 7 563 51 213 0 628 903 829 668 645 890 408 443 298 497 722 353 997 316 262 76 217 977 936 448 586 188 994 303 583 394 99 150 304 471 883 284 373 63 303 370 952 711 812 601 559 534 953 555 201 215 983 769 543 918 217 129 105 562 783 39 955 
271 575 327 67 415 879 998 710 717 242 569 614 628 0 882 541 610 704 423 893 429 837 196 798 788 258 609 740 168 494 692 75 47 258 57 815 801 326 383 281 782 944 63 173 250 296 713 860 1000 135 104 428 323 651 577 462 908 537 201 428 31 892 502 429 502 558 243 302 235 978 
282 128 241 261 383 241 16 584 815 13 935 701 903 882 0 582 16 921 996 188 171 292 900 382 291 386 485 70 708 136 646 169 395 534 369 174 564 613 675 344 114 584 939 767 818 916 348 834 836 695 21 358 986 273 739 628 658 576 697 718 63 694 886 809 228 607 983 143 571 657 
281 225 38 910 756 230 197 911 395 47 160 704 829 541 582 0 487 684 241 425 450 410 692 149 243 879 843 616 237 181 888 327 808 897 902 857 614 316 550 852 125 129 810 107 272 380 115 110 63 707 886 864 117 929 364 359 807 558 326 43 90 213 370 898 462 623 754 75 939 655 
182 315 882 921 579 761 315 517 286 908 61 700 668 610 16 487 0 278 63 136 87 521 759 466 987 868 880 694 105 95 162 33 810 872 839 368 198 234 457 762 955 706 223 929 811 650 867 818 927 281 953 366 153 711 831 140 930 63 185 386 157 346 418 967 217 608 686 414 193 494 
685 488 722 808 720 592 338 936 135 684 705 998 645 704 921 684 278 0 528 147 552 750 428 362 751 294 179 30 927 483 395 431 193 577 570 122 991 106 507 500 451 276 818 668 236 503 433 428 348 312 927 899 414 706 613 164 999 143 545 277 626 291 708 170 868 629 292 210 735 150 
241 698 878 58 295 953 613 632 69 167 666 482 890 423 996 241 63 528 0 709 185 778 526 204 365 380 989 144 80 300 422 330 713 127 942 229 478 437 773 754 62 64 813 583 283 442 874 844 176 376 553 712 505 430 268 869 810 256 12 241 907 434 570 972 560 864 200 37 300 324 
562 327 762 355 532 799 992 668 134 60 813 944 408 893 188 425 136 147 709 0 143 713 739 955 295 21 396 521 865 923 248 769 635 104 198 254 972 359 861 335 599 767 120 169 90 32 384 641 420 683 965 562 747 703 869 393 76 616 265 292 539 512 412 525 615 961 778 938 320 638 
474 45 967 896 86 360 43 34 826 423 158 59 443 429 171 450 87 552 185 143 0 625 918 756 744 438 846 775 821 486 195 855 450 108 953 505 976 346 932 592 610 575 482 474 986 6 440 946 135 378 617 772 2 887 527 97 324 724 872 497 210 418 703 11 877 656 867 205 353 798 
887 6 518 387 157 384 836 188 425 773 339 964 298 837 292 410 521 750 778 713 625 0 148 314 724 629 787 709 986 227 7 120 956 623 243 309 509 121 405 185 845 628 33 54 45 87 416 274 94 283 478 446 432 625 112 156 605 898 216 590 476 574 61 783 549 303 91 57 423 496 
352 364 316 437 418 455 771 588 873 37 271 206 497 196 900 692 759 428 526 739 918 148 0 593 267 475 977 672 872 64 88 145 509 722 974 955 505 598 66 660 554 315 228 143 143 801 203 925 701 505 16 110 279 863 702 546 337 31 569 560 446 8 704 954 729 677 260 234 626 677 
124 800 932 30 357 751 774 905 104 939 386 933 722 798 382 149 466 362 204 955 756 314 593 0 245 179 992 824 673 486 977 875 410 677 731 777 786 362 991 840 259 680 870 827 239 315 835 943 620 915 971 880 500 597 556 97 775 899 272 800 384 248 674 146 925 757 922 62 118 913 
946 677 190 323 970 26 744 839 37 898 136 955 353 788 291 243 987 751 365 295 744 724 267 245 0 901 728 592 122 554 830 788 740 124 408 655 95 639 506 691 546 954 817 445 226 616 180 473 642 325 749 750 599 811 219 511 63 946 454 185 499 635 972 591 759 731 245 853 369 102 
273 412 182 582 272 39 873 733 98 469 470 807 997 258 386 879 868 294 380 21 438 629 475 179 901 0 895 267 56 711 711 281 679 242 753 320 919 854 421 517 664 639 379 78 936 184 262 434 818 586 376 576 668 972 780 389 74 674 655 481 737 717 761 767 958 865 438 228 718 858 
493 450 297 906 212 324 623 751 467 842 903 77 316 609 485 843 880 179 989 396 846 787 977 992 728 895 0 744 733 848 474 163 783 657 424 568 475 361 944 402 29 915 182 769 988 855 423 468 943 139 580 709 448 445 146 676 514 355 419 599 202 245 761 984 901 536 552 375 249 495 
836 675 342 952 224 766 446 936 751 825 831 332 262 740 70 616 694 30 144 521 775 709 672 824 592 267 744 0 777 629 409 310 397 749 516 819 568 459 309 500 519 756 296 665 783 809 371 202 759 573 798 871 556 698 407 459 425 655 953 201 283 714 510 31 814 25 849 733 835 157 
673 721 607 969 182 90 435 664 963 720 137 543 76 168 708 237 105 927 80 865 821 986 872 673 122 56 733 777 0 232 354 264 527 370 47 688 740 600 446 664 397 317 220 446 75 678 870 81 983 422 715 48 931 745 213 308 945 945 494 453 177 847 716 55 568 114 742 660 713 540 
199 32 712 585 747 461 782 377 844 144 910 42 217 494 136 181 95 483 300 923 486 227 64 486 554 711 848 629 232 0 323 461 208 894 907 282 572 776 714 906 550 428 953 480 524 517 139 468 461 633 920 989 831 987 44 751 101 785 410 165 324 732 626 531 978 884 164 549 11 877 
660 609 742 442 821 959 419 804 841 363 350 963 977 692 646 888 162 395 422 248 195 7 88 977 830 711 474 409 354 323 0 806 560 656 110 392 531 626 882 998 86 514 269 75 697 256 470 447 356 254 208 872 930 291 849 812 268 732 976 168 95 204 973 654 212 82 45 742 59 927 
13 401 341 705 862 272 833 427 631 814 523 109 936 75 169 327 33 431 330 769 855 120 145 875 788 281 163 310 264 461 806 0 92 145 792 360 571 840 615 40 638 322 645 845 194 574 488 394 386 107 126 713 275 220 268 599 225 479 33 622 573 91 900 664 587 691 23 509 883 990 
895 129 242 329 454 484 195 550 1000 990 412 495 448 47 395 808 810 193 713 635 450 956 509 410 740 679 783 397 527 208 560 92 0 900 520 663 545 717 208 470 556 602 207 662 79 271 936 298 539 887 874 369 919 495 941 9 394 604 948 437 979 456 319 320 356 190 334 252 906 542 
679 560 804 343 427 607 668 691 481 235 583 855 586 258 534 897 872 577 127 104 108 623 722 677 124 242 657 749 370 894 656 145 900 0 73 461 495 632 475 573 254 762 222 792 648 95 513 566 590 453 927 983 409 874 419 739 681 89 58 36 279 743 639 184 284 64 997 130 47 823 
909 50 862 770 886 277 350 892 989 907 74 728 188 57 369 902 839 570 942 198 953 243 974 731 408 753 424 516 47 907 110 792 520 73 0 702 300 584 923 444 232 370 956 797 959 408 75 293 168 948 64 906 629 152 315 16 782 58 7 318 693 70 314 823 116 136 876 767 71 151 
230 249 999 173 751 120 29 103 48 964 255 470 994 815 174 857 368 122 229 254 505 309 955 777 655 320 568 819 688 282 392 360 663 461 702 0 210 302 520 165 451 830 925 525 474 444 473 537 350 453 41 16 820 822 425 826 139 470 247 804 644 714 291 519 481 362 21 690 663 540 
585 310 714 658 472 70 737 962 222 95 50 159 303 801 564 614 198 991 478 972 976 509 505 786 95 919 475 568 740 572 531 571 545 495 300 210 0 207 465 721 483 990 195 926 814 731 627 266 123 643 85 945 419 263 435 240 509 239 883 223 529 754 55 242 774 96 257 666 302 721 
372 763 60 994 613 469 500 209 661 48 179 577 583 326 613 316 234 106 437 359 346 121 598 362 639 854 361 459 600 776 626 840 717 632 584 302 207 0 386 136 710 580 62 523 663 688 140 785 682 577 81 101 839 516 340 699 106 575 921 986 328 327 228 453 423 484 118 76 204 856 
515 311 329 239 169 282 520 175 655 511 61 518 394 383 675 550 457 507 773 861 932 405 66 991 506 421 944 309 446 714 882 615 208 475 923 520 465 386 0 212 266 787 625 140 449 312 280 586 994 856 18 446 46 533 137 744 990 711 17 976 390 343 555 843 117 38 312 545 593 167 
18 436 749 88 188 657 299 884 490 968 611 70 99 281 344 852 762 500 754 335 592 185 660 840 691 517 402 500 664 906 998 40 470 573 444 165 721 136 212 0 756 210 954 380 350 754 43 629 339 388 836 709 833 233 241 322 976 583 384 344 558 774 39 112 968 155 501 279 699 445 
618 876 414 703 175 493 278 802 567 195 36 179 150 782 114 125 955 451 62 599 610 845 554 259 546 664 29 519 397 550 86 638 556 254 232 451 483 710 266 756 0 798 806 655 751 537 356 504 580 336 195 967 171 903 152 755 495 473 82 77 208 426 986 981 464 449 300 970 949 579 
672 848 808 121 772 276 144 743 416 900 730 96 304 944 584 129 706 276 64 767 575 628 315 680 954 639 915 756 317 428 514 322 602 762 370 830 990 580 787 210 798 0 21 746 376 178 752 478 715 107 333 646 442 527 612 612 429 115 718 276 939 799 352 147 224 690 479 39 138 779 
96 678 223 319 833 782 648 453 853 55 492 41 471 63 939 810 223 818 813 120 482 33 228 870 817 379 182 296 220 953 269 645 207 222 956 925 195 62 625 954 806 21 0 361 439 709 733 184 436 910 287 913 976 393 245 621 834 124 585 797 552 699 514 179 990 312 883 136 536 572 
417 926 764 484 129 437 209 956 926 109 86 743 883 173 767 107 929 668 583 169 474 54 143 827 445 78 769 665 446 480 75 845 662 792 797 525 926 523 140 380 655 746 361 0 614 926 61 392 286 851 100 18 386 535 280 672 799 255 64 44 228 897 167 164 693 70 862 206 601 203 
943 774 486 539 538 154 142 452 484 493 298 710 284 250 818 272 811 236 283 90 986 45 143 239 226 936 988 783 75 524 697 194 79 648 959 474 814 663 449 350 751 376 439 614 0 518 483 338 405 406 952 682 466 695 968 317 147 337 702 681 968 374 832 575 437 875 802 334 393 965 
729 805 464 931 568 374 15 36 667 419 426 741 373 296 916 380 650 503 442 32 6 87 801 315 616 184 855 809 678 517 256 574 271 95 408 444 731 688 312 754 537 178 709 926 518 0 378 814 178 584 414 381 453 896 70 209 301 373 890 119 68 209 435 214 898 488 246 865 861 77 
697 150 801 393 236 18 757 218 320 155 245 447 63 713 348 115 867 433 874 384 440 416 203 835 180 262 423 371 870 139 470 488 936 513 75 473 627 140 280 43 356 752 733 61 483 378 0 439 650 303 592 335 47 908 712 861 438 647 274 170 99 522 239 307 822 612 549 940 31 757 
476 88 368 459 117 266 808 321 769 400 710 409 303 860 834 110 818 428 844 641 946 274 925 943 473 434 468 202 81 468 447 394 298 566 293 537 266 785 586 629 504 478 184 392 338 814 439 0 726 596 654 214 193 871 74 622 661 723 276 605 409 323 512 121 183 949 119 808 470 570 
413 644 537 738 287 318 352 323 153 454 131 738 370 1000 836 63 927 348 176 420 135 94 701 620 642 818 943 759 983 461 356 386 539 590 168 350 123 682 994 339 580 715 436 286 405 178 650 726 0 329 709 228 151 672 776 442 54 533 168 649 538 381 193 408 806 814 421 881 90 25 
937 847 678 802 531 971 370 849 388 674 911 280 952 135 695 707 281 312 376 683 378 283 505 915 325 586 139 573 422 633 254 107 887 453 948 453 643 577 856 388 336 107 910 851 406 584 303 596 329 0 289 764 888 761 946 189 880 105 658 449 434 718 676 936 389 804 729 442 336 896 
37 767 129 165 1000 65 799 340 254 459 522 704 711 104 21 886 953 927 553 965 617 478 16 971 749 376 580 798 715 920 208 126 874 927 64 41 85 81 18 836 195 333 287 100 952 414 592 654 709 289 0 442 225 628 635 985 786 800 405 18 241 429 658 4 668 419 301 856 650 406 
238 689 503 985 724 677 747 356 978 228 640 148 812 428 358 864 366 899 712 562 772 446 110 880 750 576 709 871 48 989 872 713 369 983 906 16 945 101 446 709 967 646 913 18 682 381 335 214 228 764 442 0 514 450 191 231 477 126 620 280 854 413 967 102 207 544 81 193 528 218 
176 204 548 188 687 354 557 388 164 446 601 595 601 323 986 117 153 414 505 747 2 432 279 500 599 668 448 556 931 831 930 275 919 409 629 820 419 839 46 833 171 442 976 386 466 453 47 193 151 888 225 514 0 992 284 235 585 64 893 588 731 663 241 587 312 646 100 113 836 330 
389 482 797 953 417 871 921 279 126 847 145 910 559 651 273 929 711 706 430 703 887 625 863 597 811 972 445 698 745 987 291 220 495 874 152 822 263 516 533 233 903 527 393 535 695 896 908 871 672 761 628 450 992 0 941 313 301 221 518 66 539 619 272 82 52 816 961 269 159 244 
361 840 434 15 80 428 872 613 81 166 377 80 534 577 739 364 831 613 268 869 527 112 702 556 219 780 146 407 213 44 849 268 941 419 315 425 435 340 137 241 152 612 245 280 968 70 712 74 776 946 635 191 284 941 0 504 743 307 396 683 38 410 923 624 73 920 75 185 755 404 
473 881 89 511 657 732 300 226 552 695 737 549 953 462 628 359 140 164 869 393 97 156 546 97 511 389 676 459 308 751 812 599 9 739 16 826 240 699 744 322 755 612 621 672 317 209 861 622 442 189 985 231 235 313 504 0 125 419 57 697 936 474 588 907 745 21 958 912 982 578 
13 893 978 535 40 909 793 363 576 668 614 716 555 908 658 807 930 999 810 76 324 605 337 775 63 74 514 425 945 101 268 225 394 681 782 139 509 106 990 976 495 429 834 799 147 301 438 661 54 880 786 477 585 301 743 125 0 70 225 81 813 884 828 495 921 237 417 896 309 336 
206 289 731 920 643 103 494 363 899 8 280 508 201 537 576 558 63 143 256 616 724 898 31 899 946 674 355 655 945 785 732 479 604 89 58 470 239 575 711 583 473 115 124 255 337 373 647 723 533 105 800 126 64 221 307 419 70 0 970 845 442 725 322 212 133 370 147 606 957 405 
309 555 783 814 232 497 98 514 302 520 567 232 215 201 697 326 185 545 12 265 872 216 569 272 454 655 419 953 494 410 976 33 948 58 7 247 883 921 17 384 82 718 585 64 702 890 274 276 168 658 405 620 893 518 396 57 225 970 0 702 330 362 613 311 940 683 887 372 847 770 
685 614 937 855 573 351 580 26 538 387 102 258 983 428 718 43 386 277 241 292 497 590 560 800 185 481 599 201 453 165 168 622 437 36 318 804 223 986 976 344 77 276 797 44 681 119 170 605 649 449 18 280 588 66 683 697 81 845 702 0 552 341 42 140 109 289 449 796 610 645 
404 673 794 856 389 563 627 739 95 503 541 901 769 31 63 90 157 626 907 539 210 476 446 384 499 737 202 283 177 324 95 573 979 279 693 644 529 328 390 558 208 939 552 228 968 68 99 409 538 434 241 854 731 539 38 936 813 442 330 552 0 237 335 318 800 819 688 946 425 996 
320 515 876 255 52 808 516 669 495 882 268 546 543 892 694 213 346 291 434 512 418 574 8 248 635 717 245 714 847 732 204 91 456 743 70 714 754 327 343 774 426 799 699 897 374 209 522 323 381 718 429 413 663 619 410 474 884 725 362 341 237 0 351 126 325 64 91 987 355 773 
49 366 277 559 786 974 764 805 521 200 624 718 918 502 886 370 418 708 570 412 703 61 704 674 972 761 761 510 716 626 973 900 319 639 314 291 55 228 555 39 986 352 514 167 832 435 239 512 193 676 658 967 241 272 923 588 828 322 613 42 335 351 0 874 727 619 995 630 311 389 
650 153 387 184 194 47 173 640 94 492 305 395 217 429 809 898 967 170 972 525 11 783 954 146 591 767 984 31 55 531 654 664 320 184 823 519 242 453 843 112 981 147 179 164 575 214 307 121 408 936 4 102 587 82 624 907 495 212 311 140 318 126 874 0 769 419 677 569 214 287 
998 426 680 597 830 414 536 359 975 468 850 401 129 502 228 462 217 868 560 615 877 549 729 925 759 958 901 814 568 978 212 587 356 284 116 481 774 423 117 968 464 224 990 693 437 898 822 183 806 389 668 207 312 52 73 745 921 133 940 109 800 325 727 769 0 214 802 973 883 601 
958 416 491 680 672 250 114 48 861 106 49 445 105 558 607 623 608 629 864 961 656 303 677 757 731 865 536 25 114 884 82 691 190 64 136 362 96 484 38 155 449 690 312 70 875 488 612 949 814 804 419 544 646 816 920 21 237 370 683 289 819 64 619 419 214 0 791 570 898 215 
231 401 385 708 296 518 202 742 141 455 559 216 562 243 983 754 686 292 200 778 867 91 260 922 245 438 552 849 742 164 45 23 334 997 876 21 257 118 312 501 300 479 883 862 802 246 549 119 421 729 301 81 100 961 75 958 417 147 887 449 688 91 995 677 802 791 0 918 600 693 
583 735 745 607 654 483 272 320 548 562 251 559 783 302 143 75 414 210 37 938 205 57 234 62 853 228 375 733 660 549 742 509 252 130 767 690 666 76 545 279 970 39 136 206 334 865 940 808 881 442 856 193 113 269 185 912 896 606 372 796 946 987 630 569 973 570 918 0 242 16 
681 530 550 673 636 718 965 608 521 505 227 373 39 235 571 939 193 735 300 320 353 423 626 118 369 718 249 835 713 11 59 883 906 47 71 663 302 204 593 699 949 138 536 601 393 861 31 470 90 336 650 528 836 159 755 982 309 957 847 610 425 355 311 214 883 898 600 242 0 783 
97 711 713 946 464 151 73 917 796 317 620 733 955 978 657 655 494 150 324 638 798 496 677 913 102 858 495 157 540 877 927 990 542 823 151 540 721 856 167 445 579 779 572 203 965 77 757 570 25 896 406 218 330 244 404 578 336 405 770 645 996 773 389 287 601 215 693 16 783 0 
