80
0 591 903 174 509 725 80 70 607 99 983 439 689 726 126 530 374 674 516 911 320 604 436 235 567 582 662 487 98 846 593 459 788 495 984 297 571 415 366 529 514 348 967 554 426 444 84 799 118 951 709 437 554 145 671 473 78 684 311 527 530 903 986 317 749 969 965 672 384 330 200 249 30 519 802 807 962 885 605 79 
591 0 836 314 515 741 810 537 213 239 573 876 765 102 778 750 770 527 71 87 198 806 768 749 54 797 267 855 603 229 92 560 659 927 225 526 19 34 414 584 624 986 459 388 439 236 490 209 114 560 647 311 717 414 60 770 563 678 976 165 258 67 76 917 345 300 794 364 685 207 947 308 193 757 696 631 344 537 191 458 
903 836 0 96 837 120 164 251 531 933 813 209 908 329 466 327 757 734 671 56 527 34 93 734 332 400 278 88 447 260 784 983 451 241 430 639 360 593 241 891 877 405 99 137 86 916 463 842 650 133 249 528 519 341 261 850 93 890 290 891 150 73 874 952 665 655 590 24 600 183 266 828 587 716 964 24 632 426 865 633 
174 314 96 0 559 466 160 429 806 773 278 250 14 919 141 163 343 366 114 7 372 56 383 971 590 648 799 528 364 762 552 347 540 768 331 450 233 842 878 391 966 507 640 980 426 132 142 120 497 608 127 869 15 861 839 604 508 989 131 223 103 34 921 994 802 603 443 386 445 320 128 410 826 768 389 603 899 883 723 748 
509 515 837 559 0 490 201 616 856 61 806 459 920 147 941 495 249 975 767 242 128 370 36 513 814 355 641 575 532 760 316 135 10 198 209 757 39 409 724 894 821 530 352 740 676 292 586 276 618 353 869 745 722 904 610 887 610 250 461 141 361 776 627 370 325 835 479 363 595 202 256 415 83 959 155 758 603 92 385 572 
725 741 120 466 490 0 444 253 317 165 508 926 403 117 527 864 610 887 991 588 608 316 775 438 678 369 640 286 784 722 596 290 832 550 381 216 122 177 821 438 693 328 715 96 797 593 959 758 479 949 345 438 264 471 876 294 840 867 931 975 588 526 264 771 428 996 987 549 172 807 338 865 486 404 312 634 996 270 391 474 
80 810 164 160 201 444 0 570 88 263 186 558 490 831 749 356 761 723 296 638 338 66 65 686 52 613 857 210 302 73 48 705 384 681 700 5 72 525 575 511 788 112 420 277 942 169 985 702 243 280 339 581 345 756 618 397 368 826 958 670 899 5 726 634 686 426 639 109 950 565 971 89 28 390 718 969 910 702 22 153 
70 537 251 429 616 253 570 0 981 712 85 325 467 702 73 187 527 31 208 777 387 933 763 424 358 753 532 660 669 502 748 696 244 465 16 153 166 37 657 498 100 93 823 919 794 247 105 673 629 312 801 16 244 563 439 954 315 323 613 983 176 360 678 419 177 693 924 694 81 580 192 533 673 366 451 818 612 907 490 241 
607 213 531 806 856 317 88 981 0 218 643 608 813 205 398 118 520 720 730 502 248 442 532 666 970 576 589 663 9 521 206 541 193 571 343 362 183 249 204 775 818 846 734 630 50 131 100 921 203 181 423 450 622 306 467 943 881 56 606 889 928 811 429 472 734 123 833 916 371 388 42 188 233 775 170 635 905 269 555 459 
99 239 933 773 61 165 263 712 218 0 449 329 908 423 634 375 365 515 782 322 403 709 485 184 532 218 306 364 485 29 752 526 216 336 652 737 970 908 5 525 367 806 853 274 580 487 1000 296 353 781 618 755 841 454 290 372 671 596 88 155 624 191 32 191 878 683 928 848 590 284 724 308 89 928 934 668 766 933 316 118 
983 573 813 278 806 508 186 85 643 449 0 66 933 873 906 386 514 630 408 109 69 914 84 611 945 627 488 979 554 335 920 837 410 580 278 338 513 297 103 445 612 221 510 896 445 768 633 958 749 40 419 817 953 854 427 249 480 266 579 385 953 851 574 362 430 203 699 942 499 154 738 463 726 600 710 170 367 343 479 467 
439 876 209 250 459 926 558 325 608 329 66 0 382 897 283 687 103 61 287 582 326 218 319 278 68 892 992 849 446 42 142 944 195 879 758 272 478 468 441 196 162 272 662 543 168 296 581 622 356 220 556 34 789 874 663 208 117 654 56 562 48 197 857 242 427 967 514 905 434 306 452 595 577 114 489 97 761 422 718 469 
689 765 908 14 920 403 490 467 813 908 933 382 0 993 625 502 781 498 516 988 966 522 395 527 569 591 736 162 17 702 27 273 487 333 77 433 261 190 273 709 302 46 779 770 38 403 623 170 253 139 509 218 12 903 97 580 493 832 741 862 885 768 486 723 452 562 507 64 103 779 773 405 177 551 526 566 953 149 736 205 
726 102 329 919 147 117 831 702 205 423 873 897 993 0 639 244 775 650 147 871 581 991 54 673 204 938 792 690 12 243 603 518 659 706 296 431 462 824 981 987 390 285 135 477 842 125 72 616 774 218 838 706 561 891 379 116 180 170 805 191 413 760 708 71 465 355 853 278 179 185 264 920 821 751 396 662 875 467 629 1 
126 778 466 141 941 527 749 73 398 634 906 283 625 639 0 37 466 706 949 356 84 64 535 606 221 77 370 980 784 440 796 491 644 73 669 828 688 940 648 438 335 662 665 801 290 17 189 108 74 137 463 510 201 350 115 421 426 484 752 562 275 547 52 918 619 72 97 658 11 96 96 697 757 112 849 399 128 38 506 201 
530 750 327 163 495 864 356 187 118 375 386 687 502 244 37 0 174 320 710 726 21 176 498 799 659 249 360 933 795 763 202 765 186 298 775 548 394 222 244 502 333 92 900 812 129 405 364 655 77 426 732 97 601 230 895 260 830 606 544 977 720 746 93 905 43 867 452 788 88 47 290 420 139 189 583 619 946 947 625 374 
374 770 757 343 249 610 761 527 520 365 514 103 781 775 466 174 0 372 357 470 972 938 717 583 767 674 127 743 746 872 188 2 266 54 806 406 142 852 695 913 342 235 496 961 532 794 937 905 165 293 727 488 582 795 423 349 468 549 443 565 772 630 567 389 36 372 794 177 575 488 441 917 75 288 229 606 81 165 511 597 
674 527 734 366 975 887 723 31 720 515 630 61 498 650 706 320 372 0 810 589 437 391 383 859 91 202 759 886 767 530 867 333 270 902 56 64 430 982 903 871 898 977 510 478 935 591 643 797 539 452 385 975 194 767 185 285 968 943 522 86 472 388 770 94 290 177 157 719 159 411 941 56 740 451 534 674 393 528 822 283 
516 71 671 114 767 991 296 208 730 782 408 287 516 147 949 710 357 810 0 331 206 258 524 324 442 160 643 385 681 729 208 69 498 653 710 675 809 780 833 572 721 240 311 523 125 336 267 652 157 549 334 714 158 858 37 600 17 679 336 698 407 895 118 257 548 827 931 708 606 115 631 678 354 941 552 831 628 818 834 784 
911 87 56 7 242 588 638 777 502 322 109 582 988 871 356 726 470 589 331 0 719 168 849 876 25 885 827 393 916 514 442 674 409 559 930 308 737 212 367 695 326 998 724 32 290 276 862 918 93 695 53 811 214 902 39 238 138 865 983 53 379 424 727 139 335 8 798 423 220 516 117 897 513 841 928 803 116 141 72 560 
320 198 527 372 128 608 338 387 248 403 69 326 966 581 84 21 972 437 206 719 0 188 124 723 401 377 761 991 515 977 325 567 355 748 645 845 434 5 642 857 576 158 325 472 22 517 752 176 984 244 599 544 783 723 618 536 99 730 878 965 58 202 884 413 301 880 609 735 884 603 943 459 112 267 283 133 136 386 661 119 
604 806 34 56 370 316 66 933 442 709 914 218 522 991 64 176 938 391 258 168 188 0 981 259 14 764 333 631 299 432 712 176 748 770 377 631 534 29 511 142 763 394 96 57 205 207 676 839 340 811 576 352 929 556 610 943 319 943 925 969 726 989 496 473 110 224 104 643 253 966 136 367 359 232 424 915 438 451 753 129 
436 768 93 383 36 775 65 763 532 485 84 319 395 54 535 498 717 383 524 849 124 981 0 261 680 832 541 236 442 835 906 736 112 227 813 100 722 637 209 946 92 203 550 57 338 916 768 569 691 682 359 141 787 839 753 466 671 294 53 464 480 959 551 591 185 363 690 906 351 250 203 443 452 752 851 790 20 618 710 710 
235 749 734 971 513 438 686 424 666 184 611 278 527 673 606 799 583 859 324 876 723 259 261 0 652 420 203 790 259 307 255 929 600 660 744 432 618 294 22 154 8 712 59 358 313 614 152 765 717 3 554 736 972 615 798 975 35 352 764 645 658 371 925 610 30 668 41 999 961 62 152 968 125 562 677 438 175 829 202 892 
567 54 332 590 814 678 52 358 970 532 945 68 569 204 221 659 767 91 442 25 401 14 680 652 0 183 107 979 506 73 776 833 107 479 596 103 137 318 27 746 699 694 138 697 6 199 848 325 676 410 2 113 936 182 666 179 716 124 158 573 196 285 405 655 764 353 757 252 670 784 997 369 829 134 417 187 684 617 511 711 
582 797 400 648 355 369 613 753 576 218 627 892 591 938 77 249 674 202 160 885 377 764 832 420 183 0 26 864 175 313 397 840 492 112 315 649 37 511 285 441 517 48 793 273 299 815 408 647 535 589 132 951 775 168 567 637 878 944 501 53 257 897 244 748 361 559 748 749 421 384 189 937 784 982 209 434 148 969 81 682 
662 267 278 799 641 640 857 532 589 306 488 992 736 792 370 360 127 759 643 827 761 333 541 203 107 26 0 557 564 984 683 731 551 319 961 846 171 13 102 420 256 201 780 166 300 528 586 684 68 522 467 401 83 252 548 403 332 581 311 248 565 993 978 115 311 290 312 482 302 766 253 910 318 32 427 618 911 13 653 330 
487 855 88 528 575 286 210 660 663 364 979 849 162 690 980 933 743 886 385 393 991 631 236 790 979 864 557 0 886 471 731 320 722 630 74 406 211 384 653 775 376 982 241 39 272 552 872 925 317 124 186 635 507 613 604 769 977 608 98 214 78 180 534 151 810 607 556 20 343 560 146 718 894 386 108 165 937 331 441 606 
98 603 447 364 532 784 302 669 9 485 554 446 17 12 784 795 746 767 681 916 515 299 442 259 506 175 564 886 0 806 627 240 312 591 195 432 567 802 882 780 231 61 665 381 222 624 289 593 966 200 738 35 93 475 143 609 412 473 50 17 279 676 608 942 618 802 726 184 955 607 315 185 19 332 565 593 955 205 185 920 
846 229 260 762 760 722 73 502 521 29 335 42 702 243 440 763 872 530 729 514 977 432 835 307 73 313 984 471 806 0 405 275 954 497 749 448 106 512 273 155 880 903 182 839 196 151 640 921 334 946 527 1000 130 898 331 695 490 285 899 26 556 303 652 862 152 753 309 257 264 581 763 496 835 296 334 31 446 326 951 131 
593 92 784 552 316 596 48 748 206 752 920 142 27 603 796 202 188 867 208 442 325 712 906 255 776 397 683 731 627 405 0 271 830 130 401 727 813 95 568 97 345 945 5 1000 597 866 151 349 174 759 964 107 873 459 941 520 793 971 317 118 274 447 388 103 928 788 181 740 234 748 189 931 692 193 282 640 58 432 988 583 
459 560 983 347 135 290 705 696 541 526 837 944 273 518 491 765 2 333 69 674 567 176 736 929 833 840 731 320 240 275 271 0 542 304 689 766 762 982 285 554 952 601 23 577 399 411 679 678 550 859 418 136 958 958 418 2 502 699 641 559 482 981 493 23 284 534 140 397 515 424 951 818 376 973 395 126 735 425 803 285 
788 659 451 540 10 832 384 244 193 216 410 195 487 659 644 186 266 270 498 409 355 748 112 600 107 492 551 722 312 954 830 542 0 284 220 772 593 529 189 594 30 887 587 940 720 919 433 742 554 966 233 950 832 656 900 649 383 225 43 508 959 820 310 595 103 882 718 47 410 258 993 440 144 931 731 215 849 163 956 402 
495 927 241 768 198 550 681 465 571 336 580 879 333 706 73 298 54 902 653 559 748 770 227 660 479 112 319 630 591 497 130 304 284 0 480 188 351 311 195 603 312 929 179 706 436 489 525 98 436 979 979 153 26 740 411 18 531 906 948 262 121 148 776 428 549 256 968 251 918 514 205 229 443 735 935 878 224 459 327 659 
984 225 430 331 209 381 700 16 343 652 278 758 77 296 669 775 806 56 710 930 645 377 813 744 596 315 961 74 195 749 401 689 220 480 0 438 305 811 815 45 573 832 575 479 131 188 951 630 964 378 178 571 345 780 488 211 337 69 653 71 3 882 646 813 209 304 602 513 467 416 909 39 599 836 869 729 23 171 358 986 
297 526 639 450 757 216 5 153 362 737 338 272 433 431 828 548 406 64 675 308 845 631 100 432 103 649 846 406 432 448 727 766 772 188 438 0 549 887 556 245 19 396 455 707 464 459 129 466 341 775 630 549 430 232 413 248 647 674 639 246 509 859 326 531 30 36 869 578 274 424 174 644 819 981 350 634 439 831 451 131 
571 19 360 233 39 122 72 166 183 970 513 478 261 462 688 394 142 430 809 737 434 534 722 618 137 37 171 211 567 106 813 762 593 351 305 549 0 957 81 679 386 312 444 986 310 117 624 555 977 482 233 507 511 268 727 440 893 151 966 537 321 946 238 955 736 420 757 867 376 837 897 114 148 340 99 458 808 722 364 784 
415 34 593 842 409 177 525 37 249 908 297 468 190 824 940 222 852 982 780 212 5 29 637 294 318 511 13 384 802 512 95 982 529 311 811 887 957 0 555 596 643 66 215 369 857 108 871 822 996 544 119 233 850 855 653 606 73 380 443 969 493 942 661 591 751 820 664 467 604 219 62 598 636 629 966 492 736 189 314 83 
366 414 241 878 724 821 575 657 204 5 103 441 273 981 648 244 695 903 833 367 642 511 209 22 27 285 102 653 882 273 568 285 189 195 815 556 81 555 0 732 432 315 581 286 319 538 710 699 980 679 191 274 691 134 24 510 149 490 465 367 904 62 2 532 28 494 619 568 807 701 299 590 367 231 228 38 768 937 736 100 
529 584 891 391 894 438 511 498 775 525 445 196 709 987 438 502 913 871 572 695 857 142 946 154 746 441 420 775 780 155 97 554 594 603 45 245 679 596 732 0 615 278 373 657 763 748 167 912 590 631 278 845 693 632 376 72 477 346 639 635 46 289 224 764 519 451 801 638 388 888 737 354 166 461 11 280 561 529 191 150 
514 624 877 966 821 693 788 100 818 367 612 162 302 390 335 333 342 898 721 326 576 763 92 8 699 517 256 376 231 880 345 952 30 312 573 19 386 643 432 615 0 159 821 994 203 452 721 274 280 66 264 914 463 552 137 578 70 940 379 708 679 266 796 32 783 257 394 63 817 274 253 318 433 425 311 635 228 383 261 507 
348 986 405 507 530 328 112 93 846 806 221 272 46 285 662 92 235 977 240 998 158 394 203 712 694 48 201 982 61 903 945 601 887 929 832 396 312 66 315 278 159 0 448 524 420 262 76 909 839 497 848 217 204 526 835 352 909 617 608 655 31 776 928 636 93 712 60 755 699 288 137 959 794 936 834 214 197 909 122 387 
967 459 99 640 352 715 420 823 734 853 510 662 779 135 665 900 496 510 311 724 325 96 550 59 138 793 780 241 665 182 5 23 587 179 575 455 444 215 581 373 821 448 0 406 321 604 961 198 790 312 106 758 271 112 789 398 392 424 490 103 483 596 801 122 84 111 916 19 945 481 567 853 954 954 610 274 909 923 471 698 
554 388 137 980 740 96 277 919 630 274 896 543 770 477 801 812 961 478 523 32 472 57 57 358 697 273 166 39 381 839 1000 577 940 706 479 707 986 369 286 657 994 524 406 0 234 928 807 857 392 595 254 783 370 96 885 853 691 38 326 775 148 241 145 92 721 712 297 674 17 906 299 925 828 769 974 414 49 132 622 440 
426 439 86 426 676 797 942 794 50 580 445 168 38 842 290 129 532 935 125 290 22 205 338 313 6 299 300 272 222 196 597 399 720 436 131 464 310 857 319 763 203 420 321 234 0 727 875 574 96 322 458 300 13 847 626 139 995 218 635 438 291 698 734 964 714 992 263 990 171 383 315 584 783 447 557 574 525 784 147 620 
444 236 916 132 292 593 169 247 131 487 768 296 403 125 17 405 794 591 336 276 517 207 916 614 199 815 528 552 624 151 866 411 919 489 188 459 117 108 538 748 452 262 604 928 727 0 105 605 272 469 803 249 607 797 818 594 587 108 291 320 72 5 311 686 346 482 420 661 417 555 459 974 128 983 757 275 954 213 231 577 
84 490 463 142 586 959 985 105 100 1000 633 581 623 72 189 364 937 643 267 862 752 676 768 152 848 408 586 872 289 640 151 679 433 525 951 129 624 871 710 167 721 76 961 807 875 105 0 682 33 825 640 182 643 233 768 102 524 87 525 880 750 562 225 231 982 237 999 888 695 324 15 29 432 289 983 645 519 559 326 904 
799 209 842 120 276 758 702 673 921 296 958 622 170 616 108 655 905 797 652 918 176 839 569 765 325 647 684 925 593 921 349 678 742 98 630 466 555 822 699 912 274 909 198 857 574 605 682 0 736 965 85 730 550 852 831 73 290 356 952 39 269 528 621 250 765 972 137 811 295 504 840 79 792 174 75 663 84 752 566 819 
118 114 650 497 618 479 243 629 203 353 749 356 253 774 74 77 165 539 157 93 984 340 691 717 676 535 68 317 966 334 174 550 554 436 964 341 977 996 980 590 280 839 790 392 96 272 33 736 0 68 650 900 617 501 731 689 142 438 992 181 706 520 153 308 636 124 796 798 419 299 989 849 443 162 923 105 246 674 670 416 
951 560 133 608 353 949 280 312 181 781 40 220 139 218 137 426 293 452 549 695 244 811 682 3 410 589 522 124 200 946 759 859 966 979 378 775 482 544 679 631 66 497 312 595 322 469 825 965 68 0 741 319 316 358 171 398 398 664 835 390 844 892 261 997 551 896 120 347 45 890 997 34 90 791 195 12 895 792 37 916 
709 647 249 127 869 345 339 801 423 618 419 556 509 838 463 732 727 385 334 53 599 576 359 554 2 132 467 186 738 527 964 418 233 979 178 630 233 119 191 278 264 848 106 254 458 803 640 85 650 741 0 208 778 234 523 487 756 920 884 420 106 625 615 349 885 963 900 780 435 598 177 676 594 210 766 385 404 129 631 548 
437 311 528 869 745 438 581 16 450 755 817 34 218 706 510 97 488 975 714 811 544 352 141 736 113 951 401 635 35 1000 107 136 950 153 571 549 507 233 274 845 914 217 758 783 300 249 182 730 900 319 208 0 166 547 755 295 132 277 781 240 548 16 11 5 641 625 353 525 940 252 657 374 201 833 49 795 42 814 531 797 
554 717 519 15 722 264 345 244 622 841 953 789 12 561 201 601 582 194 158 214 783 929 787 972 936 775 83 507 93 130 873 958 832 26 345 430 511 850 691 693 463 204 271 370 13 607 643 550 617 316 778 166 0 295 513 344 460 59 98 754 543 726 886 782 625 901 792 629 541 768 334 418 707 937 74 432 138 258 481 284 
145 414 341 861 904 471 756 563 306 454 854 874 903 891 350 230 795 767 858 902 723 556 839 615 182 168 252 613 475 898 459 958 656 740 780 232 268 855 134 632 552 526 112 96 847 797 233 852 501 358 234 547 295 0 651 646 814 447 940 678 143 751 89 592 504 631 670 389 412 294 642 555 275 182 674 960 951 733 896 376 
671 60 261 839 610 876 618 439 467 290 427 663 97 379 115 895 423 185 37 39 618 610 753 798 666 567 548 604 143 331 941 418 900 411 488 413 727 653 24 376 137 835 789 885 626 818 768 831 731 171 523 755 513 651 0 164 33 633 996 316 283 642 481 82 933 159 224 684 247 167 539 877 836 928 640 482 921 546 108 102 
473 770 850 604 887 294 397 954 943 372 249 208 580 116 421 260 349 285 600 238 536 943 466 975 179 637 403 769 609 695 520 2 649 18 211 248 440 606 510 72 578 352 398 853 139 594 102 73 689 398 487 295 344 646 164 0 219 67 53 951 962 780 467 995 413 462 662 47 455 143 128 740 301 703 423 899 870 313 775 57 
78 563 93 508 610 840 368 315 881 671 480 117 493 180 426 830 468 968 17 138 99 319 671 35 716 878 332 977 412 490 793 502 383 531 337 647 893 73 149 477 70 909 392 691 995 587 524 290 142 398 756 132 460 814 33 219 0 592 766 538 512 311 645 614 881 63 18 832 25 797 650 371 561 111 384 608 566 526 87 305 
684 678 890 989 250 867 826 323 56 596 266 654 832 170 484 606 549 943 679 865 730 943 294 352 124 944 581 608 473 285 971 699 225 906 69 674 151 380 490 346 940 617 424 38 218 108 87 356 438 664 920 277 59 447 633 67 592 0 178 790 79 76 11 391 202 67 983 319 957 494 629 953 459 510 16 828 693 392 977 342 
311 976 290 131 461 931 958 613 606 88 579 56 741 805 752 544 443 522 336 983 878 925 53 764 158 501 311 98 50 899 317 641 43 948 653 639 966 443 465 639 379 608 490 326 635 291 525 952 992 835 884 781 98 940 996 53 766 178 0 114 537 804 497 496 369 23 583 25 552 724 455 628 734 846 181 152 180 500 108 673 
527 165 891 223 141 975 670 983 889 155 385 562 862 191 562 977 565 86 698 53 965 969 464 645 573 53 248 214 17 26 118 559 508 262 71 246 537 969 367 635 708 655 103 775 438 320 880 39 181 390 420 240 754 678 316 951 538 790 114 0 480 413 484 341 428 311 33 819 639 726 284 176 530 780 23 250 154 957 627 706 
530 258 150 103 361 588 899 176 928 624 953 48 885 413 275 720 772 472 407 379 58 726 480 658 196 257 565 78 279 556 274 482 959 121 3 509 321 493 904 46 679 31 483 148 291 72 750 269 706 844 106 548 543 143 283 962 512 79 537 480 0 680 81 685 765 278 865 917 457 716 376 482 196 788 965 888 567 627 273 737 
903 67 73 34 776 526 5 360 811 191 851 197 768 760 547 746 630 388 895 424 202 989 959 371 285 897 993 180 676 303 447 981 820 148 882 859 946 942 62 289 266 776 596 241 698 5 562 528 520 892 625 16 726 751 642 780 311 76 804 413 680 0 266 998 20 793 879 152 815 129 305 772 107 362 803 187 46 568 465 263 
986 76 874 921 627 264 726 678 429 32 574 857 486 708 52 93 567 770 118 727 884 496 551 925 405 244 978 534 608 652 388 493 310 776 646 326 238 661 2 224 796 928 801 145 734 311 225 621 153 261 615 11 886 89 481 467 645 11 497 484 81 266 0 836 273 330 563 754 877 703 718 765 621 697 37 358 962 34 729 106 
317 917 952 994 370 771 634 419 472 191 362 242 723 71 918 905 389 94 257 139 413 473 591 610 655 748 115 151 942 862 103 23 595 428 813 531 955 591 532 764 32 636 122 92 964 686 231 250 308 997 349 5 782 592 82 995 614 391 496 341 685 998 836 0 265 880 272 745 537 395 851 898 198 37 296 117 853 558 304 126 
749 345 665 802 325 428 686 177 734 878 430 427 452 465 619 43 36 290 548 335 301 110 185 30 764 361 311 810 618 152 928 284 103 549 209 30 736 751 28 519 783 93 84 721 714 346 982 765 636 551 885 641 625 504 933 413 881 202 369 428 765 20 273 265 0 887 866 879 764 920 949 880 541 645 916 250 958 301 978 63 
969 300 655 603 835 996 426 693 123 683 203 967 562 355 72 867 372 177 827 8 880 224 363 668 353 559 290 607 802 753 788 534 882 256 304 36 420 820 494 451 257 712 111 712 992 482 237 972 124 896 963 625 901 631 159 462 63 67 23 311 278 793 330 880 887 0 565 210 686 309 746 81 159 643 630 548 938 98 400 847 
965 794 590 443 479 987 639 924 833 928 699 514 507 853 97 452 794 157 931 798 609 104 690 41 757 748 312 556 726 309 181 140 718 968 602 869 757 664 619 801 394 60 916 297 263 420 999 137 796 120 900 353 792 670 224 662 18 983 583 33 865 879 563 272 866 565 0 401 877 734 618 108 849 890 56 80 430 52 995 31 
672 364 24 386 363 549 109 694 916 848 942 905 64 278 658 788 177 719 708 423 735 643 906 999 252 749 482 20 184 257 740 397 47 251 513 578 867 467 568 638 63 755 19 674 990 661 888 811 798 347 780 525 629 389 684 47 832 319 25 819 917 152 754 745 879 210 401 0 9 295 8 423 860 217 108 520 962 540 679 957 
384 685 600 445 595 172 950 81 371 590 499 434 103 179 11 88 575 159 606 220 884 253 351 961 670 421 302 343 955 264 234 515 410 918 467 274 376 604 807 388 817 699 945 17 171 417 695 295 419 45 435 940 541 412 247 455 25 957 552 639 457 815 877 537 764 686 877 9 0 521 578 894 618 329 741 18 206 826 988 313 
330 207 183 320 202 807 565 580 388 284 154 306 779 185 96 47 488 411 115 516 603 966 250 62 784 384 766 560 607 581 748 424 258 514 416 424 837 219 701 888 274 288 481 906 383 555 324 504 299 890 598 252 768 294 167 143 797 494 724 726 716 129 703 395 920 309 734 295 521 0 26 877 368 105 658 771 451 688 779 745 
200 947 266 128 256 338 971 192 42 724 738 452 773 264 96 290 441 941 631 117 943 136 203 152 997 189 253 146 315 763 189 951 993 205 909 174 897 62 299 737 253 137 567 299 315 459 15 840 989 997 177 657 334 642 539 128 650 629 455 284 376 305 718 851 949 746 618 8 578 26 0 695 553 956 264 660 828 577 552 858 
249 308 828 410 415 865 89 533 188 308 463 595 405 920 697 420 917 56 678 897 459 367 443 968 369 937 910 718 185 496 931 818 440 229 39 644 114 598 590 354 318 959 853 925 584 974 29 79 849 34 676 374 418 555 877 740 371 953 628 176 482 772 765 898 880 81 108 423 894 877 695 0 533 72 435 779 690 763 871 59 
30 193 587 826 83 486 28 673 233 89 726 577 177 821 757 139 75 740 354 513 112 359 452 125 829 784 318 894 19 835 692 376 144 443 599 819 148 636 367 166 433 794 954 828 783 128 432 792 443 90 594 201 707 275 836 301 561 459 734 530 196 107 621 198 541 159 849 860 618 368 553 533 0 968 696 398 632 73 274 999 
519 757 716 768 959 404 390 366 775 928 600 114 551 751 112 189 288 451 941 841 267 232 752 562 134 982 32 386 332 296 193 973 931 735 836 981 340 629 231 461 425 936 954 769 447 983 289 174 162 791 210 833 937 182 928 703 111 510 846 780 788 362 697 37 645 643 890 217 329 105 956 72 968 0 529 931 121 979 618 899 
802 696 964 389 155 312 718 451 170 934 710 489 526 396 849 583 229 534 552 928 283 424 851 677 417 209 427 108 565 334 282 395 731 935 869 350 99 966 228 11 311 834 610 974 557 757 983 75 923 195 766 49 74 674 640 423 384 16 181 23 965 803 37 296 916 630 56 108 741 658 264 435 696 529 0 75 665 451 383 280 
807 631 24 603 758 634 969 818 635 668 170 97 566 662 399 619 606 674 831 803 133 915 790 438 187 434 618 165 593 31 640 126 215 878 729 634 458 492 38 280 635 214 274 414 574 275 645 663 105 12 385 795 432 960 482 899 608 828 152 250 888 187 358 117 250 548 80 520 18 771 660 779 398 931 75 0 463 210 856 366 
962 344 632 899 603 996 910 612 905 766 367 761 953 875 128 946 81 393 628 116 136 438 20 175 684 148 911 937 955 446 58 735 849 224 23 439 808 736 768 561 228 197 909 49 525 954 519 84 246 895 404 42 138 951 921 870 566 693 180 154 567 46 962 853 958 938 430 962 206 451 828 690 632 121 665 463 0 67 389 437 
885 537 426 883 92 270 702 907 269 933 343 422 149 467 38 947 165 528 818 141 386 451 618 829 617 969 13 331 205 326 432 425 163 459 171 831 722 189 937 529 383 909 923 132 784 213 559 752 674 792 129 814 258 733 546 313 526 392 500 957 627 568 34 558 301 98 52 540 826 688 577 763 73 979 451 210 67 0 853 167 
605 191 865 723 385 391 22 490 555 316 479 718 736 629 506 625 511 822 834 72 661 753 710 202 511 81 653 441 185 951 988 803 956 327 358 451 364 314 736 191 261 122 471 622 147 231 326 566 670 37 631 531 481 896 108 775 87 977 108 627 273 465 729 304 978 400 995 679 988 779 552 871 274 618 383 856 389 853 0 478 
79 458 633 748 572 474 153 241 459 118 467 469 205 1 201 374 597 283 784 560 119 129 710 892 711 682 330 606 920 131 583 285 402 659 986 131 784 83 100 150 507 387 698 440 620 577 904 819 416 916 548 797 284 376 102 57 305 342 673 706 737 263 106 126 63 847 31 957 313 745 858 59 999 899 280 366 437 167 478 0 
