20
0 575 496 24 767 394 523 398 61 158 225 909 382 219 467 693 450 703 327 614 
575 0 173 628 271 45 261 796 529 361 551 128 941 82 54 788 105 820 181 628 
496 173 0 569 594 137 145 854 870 364 672 915 165 374 593 130 546 221 752 942 
24 628 569 0 481 899 822 193 449 949 485 530 2 272 987 173 804 966 742 397 
767 271 594 481 0 454 886 250 675 601 273 589 765 646 182 894 543 754 997 484 
394 45 137 899 454 0 586 896 658 778 344 606 262 226 960 885 564 132 688 529 
523 261 145 822 886 586 0 225 437 334 111 38 8 711 311 597 828 308 130 73 
398 796 854 193 250 896 225 0 203 235 70 38 820 965 695 949 308 653 562 533 
61 529 870 449 675 658 437 203 0 612 446 96 95 485 976 320 921 309 430 959 
158 361 364 949 601 778 334 235 612 0 669 492 621 265 319 928 746 392 130 980 
225 551 672 485 273 344 111 70 446 669 0 813 168 151 777 862 99 84 866 660 
909 128 915 530 589 606 38 38 96 492 813 0 969 477 105 416 924 941 744 243 
382 941 165 2 765 262 8 820 95 621 168 969 0 862 404 24 820 72 867 440 
219 82 374 272 646 226 711 965 485 265 151 477 862 0 688 186 719 433 929 849 
467 54 593 987 182 960 311 695 976 319 777 105 404 688 0 764 741 368 914 869 
693 788 130 173 894 885 597 949 320 928 862 416 24 186 764 0 581 364 304 447 
450 105 546 804 543 564 828 308 921 746 99 924 820 719 741 581 0 23 272 275 
703 820 221 966 754 132 308 653 309 392 84 941 72 433 368 364 23 0 479 40 
327 181 752 742 997 688 130 562 430 130 866 744 867 929 914 304 272 479 0 198 
614 628 942 397 484 529 73 533 959 980 660 243 440 849 869 447 275 40 198 0 
