30
0 203 549 341 476 310 638 121 297 421 482 670 878 585 913 333 335 914 966 97 675 497 433 552 883 63 651 659 791 226 
203 0 145 886 429 693 226 256 355 863 376 3 635 210 24 513 146 937 197 832 202 514 928 228 10 712 779 244 774 781 
549 145 0 902 565 7 399 450 787 91 27 42 797 890 770 152 876 979 175 740 124 463 936 955 16 802 234 243 811 945 
341 886 902 0 22 55 719 802 308 635 808 706 436 946 149 462 988 297 703 757 448 579 87 623 670 210 437 958 516 453 
476 429 565 22 0 759 749 695 569 45 716 975 115 870 283 749 29 340 184 975 488 998 314 785 700 422 584 630 508 558 
310 693 7 55 759 0 300 717 995 609 584 447 367 684 493 287 728 561 262 843 430 896 591 810 235 127 784 75 124 449 
638 226 399 719 749 300 0 211 175 870 794 805 377 352 104 445 698 64 28 496 430 63 988 716 791 548 329 633 329 576 
121 256 450 802 695 717 211 0 575 139 163 53 274 237 528 723 447 703 592 592 507 321 943 962 765 992 25 145 487 806 
297 355 787 308 569 995 175 575 0 207 475 873 997 374 202 981 55 129 908 545 291 960 170 527 488 892 325 542 836 269 
421 863 91 635 45 609 870 139 207 0 48 508 211 361 272 555 737 768 41 542 975 867 414 323 593 967 304 647 96 211 
482 376 27 808 716 584 794 163 475 48 0 543 386 522 712 265 361 956 941 902 143 209 949 650 772 661 273 326 397 41 
670 3 42 706 975 447 805 53 873 508 543 0 718 938 367 585 704 689 177 670 344 175 117 906 717 855 428 428 471 788 
878 635 797 436 115 367 377 274 997 211 386 718 0 383 763 42 525 972 990 526 95 3 799 772 399 191 489 689 557 425 
585 210 890 946 870 684 352 237 374 361 522 938 383 0 744 597 601 765 941 127 882 846 843 88 625 271 558 765 5 320 
913 24 770 149 283 493 104 528 202 272 712 367 763 744 0 806 882 643 147 407 89 149 205 860 900 747 701 940 303 477 
333 513 152 462 749 287 445 723 981 555 265 585 42 597 806 0 683 900 78 799 192 556 32 37 399 119 14 21 676 778 
335 146 876 988 29 728 698 447 55 737 361 704 525 601 882 683 0 25 996 583 906 990 81 665 79 230 221 938 481 968 
914 937 979 297 340 561 64 703 129 768 956 689 972 765 643 900 25 0 990 420 270 467 454 521 896 604 712 451 636 101 
966 197 175 703 184 262 28 592 908 41 941 177 990 941 147 78 996 990 0 201 754 114 221 430 891 598 777 825 503 118 
97 832 740 757 975 843 496 592 545 542 902 670 526 127 407 799 583 420 201 0 905 519 196 486 740 486 318 707 475 89 
675 202 124 448 488 430 430 507 291 975 143 344 95 882 89 192 906 270 754 905 0 976 293 894 849 188 498 560 991 133 
497 514 463 579 998 896 63 321 960 867 209 175 3 846 149 556 990 467 114 519 976 0 660 191 238 773 764 667 15 361 
433 928 936 87 314 591 988 943 170 414 949 117 799 843 205 32 81 454 221 196 293 660 0 795 191 215 913 448 734 460 
552 228 955 623 785 810 716 962 527 323 650 906 772 88 860 37 665 521 430 486 894 191 795 0 933 473 945 603 179 772 
883 10 16 670 700 235 791 765 488 593 772 717 399 625 900 399 79 896 891 740 849 238 191 933 0 691 506 64 585 706 
63 712 802 210 422 127 548 992 892 967 661 855 191 271 747 119 230 604 598 486 188 773 215 473 691 0 604 82 266 594 
651 779 234 437 584 784 329 25 325 304 273 428 489 558 701 14 221 712 777 318 498 764 913 945 506 604 0 566 277 136 
659 244 243 958 630 75 633 145 542 647 326 428 689 765 940 21 938 451 825 707 560 667 448 603 64 82 566 0 803 50 
791 774 811 516 508 124 329 487 836 96 397 471 557 5 303 676 481 636 503 475 991 15 734 179 585 266 277 803 0 899 
226 781 945 453 558 449 576 806 269 211 41 788 425 320 477 778 968 101 118 89 133 361 460 772 706 594 136 50 899 0 
