90
0 924 142 68 835 962 183 708 695 73 748 783 442 316 795 700 24 430 143 316 743 892 132 359 843 823 581 947 947 959 140 960 234 282 27 420 595 561 127 290 985 874 424 426 542 218 125 917 999 267 584 93 158 716 803 352 538 384 298 837 342 438 796 576 71 174 995 665 734 474 306 719 347 729 496 240 298 621 157 648 887 740 740 397 807 543 748 345 926 46 
924 0 533 619 835 680 194 257 853 541 273 938 14 931 8 712 11 504 952 309 124 460 956 362 551 48 110 358 590 858 54 867 255 586 485 441 265 31 49 469 571 321 406 936 603 766 647 614 269 950 922 744 761 229 457 312 276 567 669 217 424 74 83 30 659 568 470 275 950 870 743 520 542 500 807 145 265 805 758 885 107 31 980 867 259 437 530 887 3 550 
142 533 0 103 778 623 538 807 281 105 628 907 54 497 649 925 38 149 83 534 765 887 291 2 345 321 981 212 932 417 741 170 771 291 624 548 265 161 354 898 265 333 804 670 181 453 946 571 953 380 104 69 619 395 70 963 67 51 526 350 819 619 519 590 909 143 137 525 303 843 422 920 175 226 941 708 30 239 278 982 618 381 50 236 127 120 551 194 522 76 
68 619 103 0 543 340 694 414 281 954 908 770 479 562 612 900 481 138 477 774 845 506 364 122 487 981 503 889 569 629 360 471 174 233 546 69 924 592 482 205 897 741 974 375 302 937 627 135 74 455 260 271 961 623 744 799 955 246 687 875 227 398 345 752 630 243 820 554 834 653 758 82 393 83 809 47 371 787 181 796 241 440 66 201 62 810 1000 368 407 38 
835 835 778 543 0 243 985 436 587 737 65 181 556 970 14 561 79 448 305 513 256 351 883 42 883 679 282 322 744 835 735 905 834 103 312 223 345 296 658 283 384 75 464 292 44 829 852 475 276 508 987 883 859 870 924 741 548 558 415 643 392 501 548 577 955 211 799 651 858 457 934 242 883 749 885 278 929 736 752 205 595 739 439 453 608 363 546 507 272 312 
962 680 623 340 243 0 149 663 164 696 591 119 258 389 769 116 197 54 709 79 802 593 357 731 680 460 287 274 198 725 79 805 439 976 311 710 639 812 724 802 859 314 920 117 55 689 232 251 94 292 682 896 884 390 978 915 849 264 188 399 340 618 555 779 593 218 840 231 29 916 33 887 229 304 3 635 344 586 238 438 229 271 333 112 660 662 26 860 925 566 
183 194 538 694 985 149 0 258 264 183 813 394 128 30 234 710 410 149 742 296 729 398 651 716 741 588 953 178 817 223 862 280 234 523 658 93 447 223 703 63 757 867 808 884 248 393 594 657 893 687 952 974 84 954 689 177 542 993 354 358 215 216 637 800 90 646 244 889 868 946 303 977 164 110 860 411 503 805 67 747 844 371 720 279 324 408 455 865 400 809 
708 257 807 414 436 663 258 0 574 966 376 563 765 817 208 9 705 428 306 7 404 470 117 615 880 971 420 299 717 263 669 789 541 992 196 996 209 948 156 134 265 883 696 382 699 256 742 404 683 47 762 438 868 878 52 100 200 471 398 269 85 418 57 978 761 604 325 969 551 832 103 168 714 150 549 764 405 290 519 439 688 281 876 908 510 928 7 710 750 756 
695 853 281 281 587 164 264 574 0 978 835 173 34 812 933 637 136 254 540 967 708 59 32 857 607 147 614 248 666 52 287 298 928 194 807 207 200 868 956 307 197 142 831 582 953 764 571 440 369 110 758 76 520 141 284 126 288 897 373 305 949 659 602 228 205 760 434 756 628 741 63 176 883 893 758 187 8 328 627 728 789 736 803 308 229 87 785 516 335 509 
73 541 105 954 737 696 183 966 978 0 172 635 167 125 862 723 884 647 479 863 388 541 39 270 785 796 456 145 475 434 872 263 522 675 922 750 113 706 617 447 214 788 82 732 912 295 455 795 294 933 10 681 825 48 302 609 195 109 753 669 895 625 283 416 651 204 517 115 261 133 913 474 920 346 557 183 641 11 977 934 295 338 966 119 385 619 80 579 79 184 
748 273 628 908 65 591 813 376 835 172 0 599 973 160 881 740 162 436 256 276 696 740 189 521 659 534 430 193 526 792 170 459 87 859 776 557 244 746 988 174 825 524 773 149 683 653 241 845 441 496 120 488 588 660 9 598 194 790 791 719 581 312 530 19 170 657 928 413 403 915 587 227 790 711 375 473 715 615 669 155 463 788 643 50 800 3 999 993 792 789 
783 938 907 770 181 119 394 563 173 635 599 0 63 724 100 592 743 270 249 22 34 3 288 972 229 78 682 955 550 397 922 218 903 384 357 545 785 508 899 135 500 42 924 915 766 23 506 860 644 106 881 30 108 168 1 688 245 35 643 146 431 916 715 333 299 424 230 435 931 480 569 431 522 844 345 287 219 202 146 862 660 26 891 119 545 244 159 790 278 153 
442 14 54 479 556 258 128 765 34 167 973 63 0 287 60 68 2 744 718 425 973 504 355 453 424 137 326 268 833 612 486 387 109 699 398 486 942 868 30 185 26 171 462 178 458 873 245 811 616 962 235 941 817 941 393 241 78 718 508 262 681 993 648 789 691 397 626 984 265 655 168 290 178 981 820 987 853 416 797 469 730 31 409 546 323 153 786 752 222 293 
316 931 497 562 970 389 30 817 812 125 160 724 287 0 14 254 637 13 394 680 410 19 663 674 25 831 315 202 163 134 188 16 550 984 836 279 366 596 824 41 748 610 792 321 254 805 574 891 818 967 570 579 337 232 252 361 414 566 915 577 52 102 944 953 438 779 583 155 374 758 195 473 719 339 145 973 143 718 863 312 36 784 890 724 15 493 84 781 411 998 
795 8 649 612 14 769 234 208 933 862 881 100 60 14 0 357 462 452 300 766 241 430 348 747 803 105 294 627 824 632 771 148 126 840 362 438 227 145 679 950 511 172 33 291 582 383 647 395 186 298 160 426 727 859 524 881 963 817 859 138 448 629 637 926 820 998 715 46 142 393 995 653 916 380 943 497 762 942 243 299 239 402 724 318 260 247 198 575 416 57 
700 712 925 900 561 116 710 9 637 723 740 592 68 254 357 0 64 215 37 701 140 857 698 854 254 840 599 249 844 514 980 786 363 93 79 605 391 318 359 114 635 970 712 184 544 127 592 960 694 981 660 833 189 709 39 442 900 637 42 743 502 21 881 864 113 959 821 503 628 179 968 614 148 32 150 44 510 741 355 203 73 14 36 261 74 426 55 974 414 96 
24 11 38 481 79 197 410 705 136 884 162 743 2 637 462 64 0 68 915 469 300 131 581 259 951 436 886 129 403 500 628 786 1 671 296 741 25 498 166 390 885 426 816 310 832 141 723 928 208 990 396 860 120 328 118 70 763 355 550 518 206 177 303 206 200 598 299 576 448 464 318 332 241 133 994 73 273 68 352 832 409 99 691 528 426 160 949 541 515 498 
430 504 149 138 448 54 149 428 254 647 436 270 744 13 452 215 68 0 410 72 27 64 278 226 14 576 153 461 391 470 144 631 602 489 55 226 909 406 58 317 856 100 845 282 260 145 174 126 643 935 197 21 350 474 598 363 401 750 175 143 220 671 774 821 159 180 47 67 586 456 384 441 907 580 74 166 724 599 291 718 885 840 90 235 665 687 597 66 437 772 
143 952 83 477 305 709 742 306 540 479 256 249 718 394 300 37 915 410 0 560 656 442 333 828 952 513 226 371 450 681 106 242 940 685 668 105 760 266 748 830 151 939 919 385 603 958 333 20 394 456 580 401 249 264 228 201 128 454 923 577 486 28 171 425 712 838 882 823 103 981 4 605 919 275 341 521 232 26 541 625 481 472 377 82 735 604 282 863 409 204 
316 309 534 774 513 79 296 7 967 863 276 22 425 680 766 701 469 72 560 0 791 895 583 961 671 294 798 904 468 253 884 472 209 802 746 550 675 329 575 567 305 407 38 681 488 772 284 121 986 45 676 777 939 258 737 961 903 887 865 371 139 748 194 699 902 291 248 576 619 174 142 275 933 179 955 420 302 590 893 288 634 568 64 924 178 152 237 80 38 101 
743 124 765 845 256 802 729 404 708 388 696 34 973 410 241 140 300 27 656 791 0 802 528 200 995 227 453 637 826 28 607 352 521 881 284 51 835 55 705 777 299 992 410 219 407 686 396 910 922 827 948 374 629 827 573 975 405 26 612 231 405 570 934 278 451 569 680 285 975 384 413 274 727 175 492 485 860 239 395 781 65 694 154 45 520 78 372 925 455 335 
892 460 887 506 351 593 398 470 59 541 740 3 504 19 430 857 131 64 442 895 802 0 507 212 904 440 841 354 360 520 991 334 256 403 607 982 577 450 467 436 688 861 568 105 554 73 501 425 503 872 701 957 206 559 168 110 350 8 463 709 880 453 43 135 208 1 468 136 451 934 572 490 146 491 594 51 916 447 828 418 318 528 374 524 87 894 633 788 253 447 
132 956 291 364 883 357 651 117 32 39 189 288 355 663 348 698 581 278 333 583 528 507 0 497 132 252 539 618 459 539 86 594 341 371 517 831 869 360 776 271 275 222 98 692 892 978 417 415 416 310 399 203 915 845 699 398 448 589 16 906 480 453 852 172 175 720 2 395 79 130 666 705 703 115 396 946 92 165 360 859 474 110 62 740 307 112 138 754 53 505 
359 362 2 122 42 731 716 615 857 270 521 972 453 674 747 854 259 226 828 961 200 212 497 0 12 532 309 863 703 835 934 57 230 13 538 247 717 592 361 465 538 805 629 249 663 454 359 76 546 665 540 683 418 592 539 781 475 847 643 529 33 929 937 262 941 474 508 9 418 221 825 955 25 805 203 39 611 913 467 156 577 6 190 347 949 728 479 423 926 474 
843 551 345 487 883 680 741 880 607 785 659 229 424 25 803 254 951 14 952 671 995 904 132 12 0 303 958 402 240 572 694 713 431 702 130 651 879 436 675 683 991 66 645 903 532 800 832 537 989 530 485 68 8 259 345 481 561 655 234 800 226 927 865 8 981 346 659 859 134 685 893 124 750 538 378 281 689 561 817 30 442 653 97 450 263 794 282 176 448 516 
823 48 321 981 679 460 588 971 147 796 534 78 137 831 105 840 436 576 513 294 227 440 252 532 303 0 975 25 442 191 384 774 889 42 632 22 727 877 497 476 766 874 757 454 435 925 483 228 930 932 677 544 77 311 719 876 178 694 252 971 236 635 745 124 677 728 145 403 604 641 230 369 867 338 175 653 615 9 880 896 940 909 439 16 571 158 243 748 851 494 
581 110 981 503 282 287 953 420 614 456 430 682 326 315 294 599 886 153 226 798 453 841 539 309 958 975 0 718 438 129 814 562 805 542 58 559 145 51 140 866 917 478 40 921 444 48 800 339 340 60 777 707 630 934 950 377 136 443 447 574 923 260 135 79 153 544 989 298 594 129 515 510 958 554 430 401 953 582 91 644 641 867 351 623 801 300 351 288 94 797 
947 358 212 889 322 274 178 299 248 145 193 955 268 202 627 249 129 461 371 904 637 354 618 863 402 25 718 0 861 17 409 347 95 561 891 436 210 484 564 724 346 873 629 127 273 934 708 715 577 701 581 927 675 733 578 25 21 24 174 233 392 934 580 838 846 822 273 56 305 836 131 650 708 112 129 332 45 836 398 973 888 979 252 562 63 829 939 435 204 112 
947 590 932 569 744 198 817 717 666 475 526 550 833 163 824 844 403 391 450 468 826 360 459 703 240 442 438 861 0 20 595 45 599 433 890 420 57 297 76 245 780 78 304 891 206 636 287 393 385 259 633 363 510 546 778 691 484 212 894 947 231 841 343 181 273 233 952 681 881 380 925 660 457 229 902 14 216 188 406 600 447 390 315 308 936 92 998 771 655 244 
959 858 417 629 835 725 223 263 52 434 792 397 612 134 632 514 500 470 681 253 28 520 539 835 572 191 129 17 20 0 718 238 84 60 770 708 644 722 388 877 101 313 536 909 541 438 922 108 977 679 707 775 69 21 83 356 464 432 126 119 675 843 356 758 255 125 465 250 198 853 126 650 517 662 558 409 451 831 516 779 862 222 554 282 595 988 637 58 419 762 
140 54 741 360 735 79 862 669 287 872 170 922 486 188 771 980 628 144 106 884 607 991 86 934 694 384 814 409 595 718 0 528 446 957 235 555 211 712 20 460 909 224 586 911 92 599 820 500 401 651 15 179 864 588 84 145 534 71 781 592 842 894 471 287 850 706 193 412 417 212 224 677 787 161 939 878 759 759 377 511 761 743 41 624 683 125 768 216 547 900 
960 867 170 471 905 805 280 789 298 263 459 218 387 16 148 786 786 631 242 472 352 334 594 57 713 774 562 347 45 238 528 0 159 740 793 630 378 643 687 571 406 455 134 629 483 921 789 422 150 899 180 879 409 940 621 802 915 655 278 34 871 176 933 29 916 77 10 293 719 696 863 477 502 997 105 985 269 894 406 418 144 937 648 553 228 621 706 142 275 983 
234 255 771 174 834 439 234 541 928 522 87 903 109 550 126 363 1 602 940 209 521 256 341 230 431 889 805 95 599 84 446 159 0 527 145 158 459 526 425 535 887 718 606 935 932 434 436 280 538 772 548 783 177 318 927 465 317 831 692 937 536 185 212 870 711 708 379 521 585 804 408 472 521 365 406 804 798 193 84 335 965 983 118 493 652 396 958 969 226 1 
282 586 291 233 103 976 523 992 194 675 859 384 699 984 840 93 671 489 685 802 881 403 371 13 702 42 542 561 433 60 957 740 527 0 905 113 186 116 982 896 176 360 769 760 163 176 231 35 540 988 839 337 533 922 23 849 256 492 341 908 887 650 876 464 651 780 576 188 248 557 435 423 269 203 182 783 378 765 818 269 104 656 605 636 929 980 484 184 471 177 
27 485 624 546 312 311 658 196 807 922 776 357 398 836 362 79 296 55 668 746 284 607 517 538 130 632 58 891 890 770 235 793 145 905 0 91 710 178 966 173 180 98 749 367 345 657 802 767 925 4 300 708 734 64 877 2 168 884 607 155 812 938 991 347 408 167 790 469 696 107 642 876 204 742 242 548 750 395 666 27 399 966 86 132 381 962 133 900 845 91 
420 441 548 69 223 710 93 996 207 750 557 545 486 279 438 605 741 226 105 550 51 982 831 247 651 22 559 436 420 708 555 630 158 113 91 0 55 8 28 397 354 788 563 143 256 610 250 249 485 805 342 79 705 92 473 370 470 871 687 555 354 420 516 487 319 712 929 725 71 957 121 424 96 35 919 351 645 520 952 481 676 293 559 380 736 32 102 205 902 140 
595 265 265 924 345 639 447 209 200 113 244 785 942 366 227 391 25 909 760 675 835 577 869 717 879 727 145 210 57 644 211 378 459 186 710 55 0 759 608 559 626 94 230 689 374 306 759 330 427 535 425 813 805 128 457 324 431 290 351 75 848 731 811 879 832 367 133 323 478 740 882 455 185 463 144 558 768 254 240 546 140 664 359 944 143 167 619 925 456 970 
561 31 161 592 296 812 223 948 868 706 746 508 868 596 145 318 498 406 266 329 55 450 360 592 436 877 51 484 297 722 712 643 526 116 178 8 759 0 1000 304 700 162 534 883 880 666 205 357 757 438 164 941 252 659 499 20 912 738 565 52 753 275 347 248 442 966 172 249 935 523 904 634 36 438 868 916 103 424 624 212 862 787 152 113 445 650 484 709 739 401 
127 49 354 482 658 724 703 156 956 617 988 899 30 824 679 359 166 58 748 575 705 467 776 361 675 497 140 564 76 388 20 687 425 982 966 28 608 1000 0 112 492 675 458 91 116 423 614 717 709 137 620 694 172 57 561 87 512 985 63 723 198 849 874 662 646 876 146 354 966 546 817 809 220 626 899 688 49 513 404 109 1 375 803 172 432 363 611 295 699 673 
290 469 898 205 283 802 63 134 307 447 174 135 185 41 950 114 390 317 830 567 777 436 271 465 683 476 866 724 245 877 460 571 535 896 173 397 559 304 112 0 17 896 521 242 910 518 469 55 223 435 952 39 243 523 665 142 562 65 6 317 173 6 692 975 177 123 690 139 417 388 811 785 636 684 26 545 201 495 951 424 929 254 814 171 776 478 664 690 894 669 
985 571 265 897 384 859 757 265 197 214 825 500 26 748 511 635 885 856 151 305 299 688 275 538 991 766 917 346 780 101 909 406 887 176 180 354 626 700 492 17 0 6 67 674 697 393 203 171 434 341 587 822 504 723 809 187 101 705 739 595 7 514 875 260 680 397 387 509 413 76 403 81 434 821 107 130 565 309 301 999 649 239 172 504 962 332 42 62 36 781 
874 321 333 741 75 314 867 883 142 788 524 42 171 610 172 970 426 100 939 407 992 861 222 805 66 874 478 873 78 313 224 455 718 360 98 788 94 162 675 896 6 0 8 394 646 234 5 325 982 391 186 394 819 588 475 604 760 581 733 324 241 385 322 889 624 845 393 937 176 434 350 211 566 709 956 564 942 960 240 923 703 425 317 873 364 143 476 475 723 208 
424 406 804 974 464 920 808 696 831 82 773 924 462 792 33 712 816 845 919 38 410 568 98 629 645 757 40 629 304 536 586 134 606 769 749 563 230 534 458 521 67 8 0 799 963 945 472 203 568 317 947 856 844 733 205 55 650 913 362 565 206 322 805 128 376 581 796 248 297 938 723 771 12 282 569 326 226 393 881 145 61 179 1000 904 911 556 310 913 468 672 
426 936 670 375 292 117 884 382 582 732 149 915 178 321 291 184 310 282 385 681 219 105 692 249 903 454 921 127 891 909 911 629 935 760 367 143 689 883 91 242 674 394 799 0 477 673 993 633 153 720 214 948 967 510 238 41 280 249 322 201 927 900 593 807 44 653 985 44 908 248 599 218 160 419 889 988 443 233 621 595 952 186 895 918 47 132 958 326 732 631 
542 603 181 302 44 55 248 699 953 912 683 766 458 254 582 544 832 260 603 488 407 554 892 663 532 435 444 273 206 541 92 483 932 163 345 256 374 880 116 910 697 646 963 477 0 878 658 530 470 464 574 474 801 969 382 400 919 599 911 337 839 898 132 423 870 726 374 55 972 643 101 103 952 779 835 582 656 844 112 478 660 37 303 460 5 684 859 923 634 769 
218 766 453 937 829 689 393 256 764 295 653 23 873 805 383 127 141 145 958 772 686 73 978 454 800 925 48 934 636 438 599 921 434 176 657 610 306 666 423 518 393 234 945 673 878 0 612 824 18 743 246 888 820 619 294 792 613 747 246 564 525 432 498 532 276 609 9 935 997 664 746 353 347 604 627 333 724 238 508 93 332 754 980 504 724 626 295 689 372 540 
125 647 946 627 852 232 594 742 571 455 241 506 245 574 647 592 723 174 333 284 396 501 417 359 832 483 800 708 287 922 820 789 436 231 802 250 759 205 614 469 203 5 472 993 658 612 0 252 248 972 749 131 599 709 492 533 57 155 630 409 853 585 36 537 308 625 45 400 309 150 732 812 225 709 458 913 432 997 165 679 320 265 161 270 974 652 154 382 806 783 
917 614 571 135 475 251 657 404 440 795 845 860 811 891 395 960 928 126 20 121 910 425 415 76 537 228 339 715 393 108 500 422 280 35 767 249 330 357 717 55 171 325 203 633 530 824 252 0 791 11 367 178 547 674 802 591 426 462 92 509 273 317 217 730 229 648 79 745 678 750 10 838 20 335 842 173 716 999 956 506 9 322 35 556 348 189 498 125 650 590 
999 269 953 74 276 94 893 683 369 294 441 644 616 818 186 694 208 643 394 986 922 503 416 546 989 930 340 577 385 977 401 150 538 540 925 485 427 757 709 223 434 982 568 153 470 18 248 791 0 633 275 906 201 356 134 848 434 231 877 536 240 66 907 574 907 79 641 258 386 499 266 60 533 173 407 721 671 883 723 612 515 997 517 715 704 2 914 138 232 790 
267 950 380 455 508 292 687 47 110 933 496 106 962 967 298 981 990 935 456 45 827 872 310 665 530 932 60 701 259 679 651 899 772 988 4 805 535 438 137 435 341 391 317 720 464 743 972 11 633 0 25 823 207 931 396 114 361 389 371 747 887 988 158 771 161 564 492 183 798 566 794 312 914 310 378 617 663 291 106 247 432 130 69 638 412 817 103 773 205 825 
584 922 104 260 987 682 952 762 758 10 120 881 235 570 160 660 396 197 580 676 948 701 399 540 485 677 777 581 633 707 15 180 548 839 300 342 425 164 620 952 587 186 947 214 574 246 749 367 275 25 0 871 443 813 28 213 325 591 56 507 740 621 300 51 534 961 780 151 975 70 256 573 853 738 642 842 149 810 945 921 366 769 791 808 933 818 372 609 760 428 
93 744 69 271 883 896 974 438 76 681 488 30 941 579 426 833 860 21 401 777 374 957 203 683 68 544 707 927 363 775 179 879 783 337 708 79 813 941 694 39 822 394 856 948 474 888 131 178 906 823 871 0 115 499 48 766 901 934 78 680 84 53 101 691 625 305 428 618 147 577 427 91 849 144 211 640 951 496 809 323 104 569 102 219 419 501 336 320 434 414 
158 761 619 961 859 884 84 868 520 825 588 108 817 337 727 189 120 350 249 939 629 206 915 418 8 77 630 675 510 69 864 409 177 533 734 705 805 252 172 243 504 819 844 967 801 820 599 547 201 207 443 115 0 351 869 466 452 912 442 756 339 60 902 267 838 344 116 982 555 107 284 402 915 958 505 835 59 75 254 560 411 925 345 824 275 566 641 78 477 434 
716 229 395 623 870 390 954 878 141 48 660 168 941 232 859 709 328 474 264 258 827 559 845 592 259 311 934 733 546 21 588 940 318 922 64 92 128 659 57 523 723 588 733 510 969 619 709 674 356 931 813 499 351 0 834 167 845 87 786 683 783 253 16 689 359 299 90 625 609 594 460 667 21 65 578 431 989 275 606 615 840 598 693 668 383 878 834 228 316 619 
803 457 70 744 924 978 689 52 284 302 9 1 393 252 524 39 118 598 228 737 573 168 699 539 345 719 950 578 778 83 84 621 927 23 877 473 457 499 561 665 809 475 205 238 382 294 492 802 134 396 28 48 869 834 0 262 98 871 277 786 581 927 875 206 887 821 17 554 841 81 483 623 421 757 580 387 948 529 431 615 911 308 449 138 624 419 751 73 642 27 
352 312 963 799 741 915 177 100 126 609 598 688 241 361 881 442 70 363 201 961 975 110 398 781 481 876 377 25 691 356 145 802 465 849 2 370 324 20 87 142 187 604 55 41 400 792 533 591 848 114 213 766 466 167 262 0 859 222 306 85 427 192 905 443 97 97 875 932 71 647 688 650 386 988 178 816 602 89 124 402 578 99 173 329 171 814 707 29 35 364 
538 276 67 955 548 849 542 200 288 195 194 245 78 414 963 900 763 401 128 903 405 350 448 475 561 178 136 21 484 464 534 915 317 256 168 470 431 912 512 562 101 760 650 280 919 613 57 426 434 361 325 901 452 845 98 859 0 114 462 556 370 256 4 467 483 935 537 481 975 539 866 962 68 682 915 508 157 669 86 255 841 766 777 654 824 806 40 188 271 853 
384 567 51 246 558 264 993 471 897 109 790 35 718 566 817 637 355 750 454 887 26 8 589 847 655 694 443 24 212 432 71 655 831 492 884 871 290 738 985 65 705 581 913 249 599 747 155 462 231 389 591 934 912 87 871 222 114 0 95 992 109 98 810 943 385 699 775 711 237 641 24 304 674 290 812 830 958 249 436 150 14 212 803 837 369 843 376 991 695 470 
298 669 526 687 415 188 354 398 373 753 791 643 508 915 859 42 550 175 923 865 612 463 16 643 234 252 447 174 894 126 781 278 692 341 607 687 351 565 63 6 739 733 362 322 911 246 630 92 877 371 56 78 442 786 277 306 462 95 0 983 155 920 792 449 656 490 224 366 78 216 389 382 889 678 545 70 988 793 857 137 158 68 292 346 789 486 74 779 180 543 
837 217 350 875 643 399 358 269 305 669 719 146 262 577 138 743 518 143 577 371 231 709 906 529 800 971 574 233 947 119 592 34 937 908 155 555 75 52 723 317 595 324 565 201 337 564 409 509 536 747 507 680 756 683 786 85 556 992 983 0 113 687 814 905 487 469 746 710 186 176 277 926 557 517 604 453 586 943 597 442 79 106 862 370 803 650 855 876 428 387 
342 424 819 227 392 340 215 85 949 895 581 431 681 52 448 502 206 220 486 139 405 880 480 33 226 236 923 392 231 675 842 871 536 887 812 354 848 753 198 173 7 241 206 927 839 525 853 273 240 887 740 84 339 783 581 427 370 109 155 113 0 771 541 425 584 797 911 405 894 973 590 69 249 516 977 766 471 429 703 765 377 497 843 482 358 565 285 359 771 160 
438 74 619 398 501 618 216 418 659 625 312 916 993 102 629 21 177 671 28 748 570 453 453 929 927 635 260 934 841 843 894 176 185 650 938 420 731 275 849 6 514 385 322 900 898 432 585 317 66 988 621 53 60 253 927 192 256 98 920 687 771 0 138 509 930 30 933 866 178 844 622 72 168 563 140 416 430 469 533 252 249 236 16 626 84 211 107 793 775 391 
796 83 519 345 548 555 637 57 602 283 530 715 648 944 637 881 303 774 171 194 934 43 852 937 865 745 135 580 343 356 471 933 212 876 991 516 811 347 874 692 875 322 805 593 132 498 36 217 907 158 300 101 902 16 875 905 4 810 792 814 541 138 0 151 897 903 640 406 184 670 690 401 847 533 22 918 52 585 410 468 14 230 352 266 478 939 633 103 22 843 
576 30 590 752 577 779 800 978 228 416 19 333 789 953 926 864 206 821 425 699 278 135 172 262 8 124 79 838 181 758 287 29 870 464 347 487 879 248 662 975 260 889 128 807 423 532 537 730 574 771 51 691 267 689 206 443 467 943 449 905 425 509 151 0 210 814 969 952 316 866 206 956 623 390 625 312 790 823 197 164 93 248 748 854 67 113 83 419 730 560 
71 659 909 630 955 593 90 761 205 651 170 299 691 438 820 113 200 159 712 902 451 208 175 941 981 677 153 846 273 255 850 916 711 651 408 319 832 442 646 177 680 624 376 44 870 276 308 229 907 161 534 625 838 359 887 97 483 385 656 487 584 930 897 210 0 357 363 663 731 557 224 896 526 527 212 391 733 519 365 122 495 676 263 317 872 426 761 120 525 614 
174 568 143 243 211 218 646 604 760 204 657 424 397 779 998 959 598 180 838 291 569 1 720 474 346 728 544 822 233 125 706 77 708 780 167 712 367 966 876 123 397 845 581 653 726 609 625 648 79 564 961 305 344 299 821 97 935 699 490 469 797 30 903 814 357 0 186 990 696 956 71 256 313 433 270 395 342 493 290 867 19 853 609 103 371 973 576 217 648 839 
995 470 137 820 799 840 244 325 434 517 928 230 626 583 715 821 299 47 882 248 680 468 2 508 659 145 989 273 952 465 193 10 379 576 790 929 133 172 146 690 387 393 796 985 374 9 45 79 641 492 780 428 116 90 17 875 537 775 224 746 911 933 640 969 363 186 0 886 520 616 646 991 493 260 176 834 955 484 904 562 796 689 831 190 30 675 831 896 46 684 
665 275 525 554 651 231 889 969 756 115 413 435 984 155 46 503 576 67 823 576 285 136 395 9 859 403 298 56 681 250 412 293 521 188 469 725 323 249 354 139 509 937 248 44 55 935 400 745 258 183 151 618 982 625 554 932 481 711 366 710 405 866 406 952 663 990 886 0 504 148 406 828 724 975 475 914 860 346 881 505 336 725 116 864 558 71 347 462 984 494 
734 950 303 834 858 29 868 551 628 261 403 931 265 374 142 628 448 586 103 619 975 451 79 418 134 604 594 305 881 198 417 719 585 248 696 71 478 935 966 417 413 176 297 908 972 997 309 678 386 798 975 147 555 609 841 71 975 237 78 186 894 178 184 316 731 696 520 504 0 150 815 35 179 841 865 426 886 900 281 34 306 108 109 632 582 374 491 928 254 347 
474 870 843 653 457 916 946 832 741 133 915 480 655 758 393 179 464 456 981 174 384 934 130 221 685 641 129 836 380 853 212 696 804 557 107 957 740 523 546 388 76 434 938 248 643 664 150 750 499 566 70 577 107 594 81 647 539 641 216 176 973 844 670 866 557 956 616 148 150 0 615 979 463 830 536 885 176 349 868 21 850 34 55 28 875 920 805 760 171 85 
306 743 422 758 934 33 303 103 63 913 587 569 168 195 995 968 318 384 4 142 413 572 666 825 893 230 515 131 925 126 224 863 408 435 642 121 882 904 817 811 403 350 723 599 101 746 732 10 266 794 256 427 284 460 483 688 866 24 389 277 590 622 690 206 224 71 646 406 815 615 0 145 476 192 605 459 126 978 949 405 232 648 19 562 462 849 449 346 376 798 
719 520 920 82 242 887 977 168 176 474 227 431 290 473 653 614 332 441 605 275 274 490 705 955 124 369 510 650 660 650 677 477 472 423 876 424 455 634 809 785 81 211 771 218 103 353 812 838 60 312 573 91 402 667 623 650 962 304 382 926 69 72 401 956 896 256 991 828 35 979 145 0 565 397 647 599 451 27 473 722 831 584 893 268 729 720 459 333 179 936 
347 542 175 393 883 229 164 714 883 920 790 522 178 719 916 148 241 907 919 933 727 146 703 25 750 867 958 708 457 517 787 502 521 269 204 96 185 36 220 636 434 566 12 160 952 347 225 20 533 914 853 849 915 21 421 386 68 674 889 557 249 168 847 623 526 313 493 724 179 463 476 565 0 663 479 340 894 126 711 807 587 911 255 284 286 52 849 34 51 799 
729 500 226 83 749 304 110 150 893 346 711 844 981 339 380 32 133 580 275 179 175 491 115 805 538 338 554 112 229 662 161 997 365 203 742 35 463 438 626 684 821 709 282 419 779 604 709 335 173 310 738 144 958 65 757 988 682 290 678 517 516 563 533 390 527 433 260 975 841 830 192 397 663 0 837 77 623 558 259 206 802 526 286 874 985 971 52 272 633 882 
496 807 941 809 885 3 860 549 758 557 375 345 820 145 943 150 994 74 341 955 492 594 396 203 378 175 430 129 902 558 939 105 406 182 242 919 144 868 899 26 107 956 569 889 835 627 458 842 407 378 642 211 505 578 580 178 915 812 545 604 977 140 22 625 212 270 176 475 865 536 605 647 479 837 0 612 878 360 322 684 298 232 290 934 869 342 782 903 744 932 
240 145 708 47 278 635 411 764 187 183 473 287 987 973 497 44 73 166 521 420 485 51 946 39 281 653 401 332 14 409 878 985 804 783 548 351 558 916 688 545 130 564 326 988 582 333 913 173 721 617 842 640 835 431 387 816 508 830 70 453 766 416 918 312 391 395 834 914 426 885 459 599 340 77 612 0 739 820 554 648 430 759 450 956 397 323 292 367 726 563 
298 265 30 371 929 344 503 405 8 641 715 219 853 143 762 510 273 724 232 302 860 916 92 611 689 615 953 45 216 451 759 269 798 378 750 645 768 103 49 201 565 942 226 443 656 724 432 716 671 663 149 951 59 989 948 602 157 958 988 586 471 430 52 790 733 342 955 860 886 176 126 451 894 623 878 739 0 999 959 174 228 318 847 911 968 78 200 901 299 893 
621 805 239 787 736 586 805 290 328 11 615 202 416 718 942 741 68 599 26 590 239 447 165 913 561 9 582 836 188 831 759 894 193 765 395 520 254 424 513 495 309 960 393 233 844 238 997 999 883 291 810 496 75 275 529 89 669 249 793 943 429 469 585 823 519 493 484 346 900 349 978 27 126 558 360 820 999 0 34 201 988 965 291 159 870 938 589 980 739 544 
157 758 278 181 752 238 67 519 627 977 669 146 797 863 243 355 352 291 541 893 395 828 360 467 817 880 91 398 406 516 377 406 84 818 666 952 240 624 404 951 301 240 881 621 112 508 165 956 723 106 945 809 254 606 431 124 86 436 857 597 703 533 410 197 365 290 904 881 281 868 949 473 711 259 322 554 959 34 0 376 61 187 742 138 749 92 97 275 319 766 
648 885 982 796 205 438 747 439 728 934 155 862 469 312 299 203 832 718 625 288 781 418 859 156 30 896 644 973 600 779 511 418 335 269 27 481 546 212 109 424 999 923 145 595 478 93 679 506 612 247 921 323 560 615 615 402 255 150 137 442 765 252 468 164 122 867 562 505 34 21 405 722 807 206 684 648 174 201 376 0 121 581 733 551 133 985 849 377 18 401 
887 107 618 241 595 229 844 688 789 295 463 660 730 36 239 73 409 885 481 634 65 318 474 577 442 940 641 888 447 862 761 144 965 104 399 676 140 862 1 929 649 703 61 952 660 332 320 9 515 432 366 104 411 840 911 578 841 14 158 79 377 249 14 93 495 19 796 336 306 850 232 831 587 802 298 430 228 988 61 121 0 365 334 691 875 203 980 463 183 719 
740 31 381 440 739 271 371 281 736 338 788 26 31 784 402 14 99 840 472 568 694 528 110 6 653 909 867 979 390 222 743 937 983 656 966 293 664 787 375 254 239 425 179 186 37 754 265 322 997 130 769 569 925 598 308 99 766 212 68 106 497 236 230 248 676 853 689 725 108 34 648 584 911 526 232 759 318 965 187 581 365 0 358 910 131 544 4 269 645 95 
740 980 50 66 439 333 720 876 803 966 643 891 409 890 724 36 691 90 377 64 154 374 62 190 97 439 351 252 315 554 41 648 118 605 86 559 359 152 803 814 172 317 1000 895 303 980 161 35 517 69 791 102 345 693 449 173 777 803 292 862 843 16 352 748 263 609 831 116 109 55 19 893 255 286 290 450 847 291 742 733 334 358 0 717 919 766 834 39 698 919 
397 867 236 201 453 112 279 908 308 119 50 119 546 724 318 261 528 235 82 924 45 524 740 347 450 16 623 562 308 282 624 553 493 636 132 380 944 113 172 171 504 873 904 918 460 504 270 556 715 638 808 219 824 668 138 329 654 837 346 370 482 626 266 854 317 103 190 864 632 28 562 268 284 874 934 956 911 159 138 551 691 910 717 0 941 182 903 141 559 273 
807 259 127 62 608 660 324 510 229 385 800 545 323 15 260 74 426 665 735 178 520 87 307 949 263 571 801 63 936 595 683 228 652 929 381 736 143 445 432 776 962 364 911 47 5 724 974 348 704 412 933 419 275 383 624 171 824 369 789 803 358 84 478 67 872 371 30 558 582 875 462 729 286 985 869 397 968 870 749 133 875 131 919 941 0 541 275 606 583 149 
543 437 120 810 363 662 408 928 87 619 3 244 153 493 247 426 160 687 604 152 78 894 112 728 794 158 300 829 92 988 125 621 396 980 962 32 167 650 363 478 332 143 556 132 684 626 652 189 2 817 818 501 566 878 419 814 806 843 486 650 565 211 939 113 426 973 675 71 374 920 849 720 52 971 342 323 78 938 92 985 203 544 766 182 541 0 161 563 964 343 
748 530 551 1000 546 26 455 7 785 80 999 159 786 84 198 55 949 597 282 237 372 633 138 479 282 243 351 939 998 637 768 706 958 484 133 102 619 484 611 664 42 476 310 958 859 295 154 498 914 103 372 336 641 834 751 707 40 376 74 855 285 107 633 83 761 576 831 347 491 805 449 459 849 52 782 292 200 589 97 849 980 4 834 903 275 161 0 281 321 252 
345 887 194 368 507 860 865 710 516 579 993 790 752 781 575 974 541 66 863 80 925 788 754 423 176 748 288 435 771 58 216 142 969 184 900 205 925 709 295 690 62 475 913 326 923 689 382 125 138 773 609 320 78 228 73 29 188 991 779 876 359 793 103 419 120 217 896 462 928 760 346 333 34 272 903 367 901 980 275 377 463 269 39 141 606 563 281 0 411 217 
926 3 522 407 272 925 400 750 335 79 792 278 222 411 416 414 515 437 409 38 455 253 53 926 448 851 94 204 655 419 547 275 226 471 845 902 456 739 699 894 36 723 468 732 634 372 806 650 232 205 760 434 477 316 642 35 271 695 180 428 771 775 22 730 525 648 46 984 254 171 376 179 51 633 744 726 299 739 319 18 183 645 698 559 583 964 321 411 0 255 
46 550 76 38 312 566 809 756 509 184 789 153 293 998 57 96 498 772 204 101 335 447 505 474 516 494 797 112 244 762 900 983 1 177 91 140 970 401 673 669 781 208 672 631 769 540 783 590 790 825 428 414 434 619 27 364 853 470 543 387 160 391 843 560 614 839 684 494 347 85 798 936 799 882 932 563 893 544 766 401 719 95 919 273 149 343 252 217 255 0 
