10
0 153 622 394 791 290 110 632 674 265 
153 0 736 549 296 878 314 834 199 950 
622 736 0 356 156 794 469 157 961 934 
394 549 356 0 824 287 172 359 678 141 
791 296 156 824 0 246 182 762 991 324 
290 878 794 287 246 0 51 101 955 76 
110 314 469 172 182 51 0 365 43 625 
632 834 157 359 762 101 365 0 660 920 
674 199 961 678 991 955 43 660 0 290 
265 950 934 141 324 76 625 920 290 0 
