10
0 775 446 1 326 998 284 413 128 383 
775 0 422 694 335 440 335 422 160 986 
446 422 0 958 355 762 763 973 542 717 
1 694 958 0 853 851 663 483 400 218 
326 335 355 853 0 155 174 16 507 852 
998 440 762 851 155 0 365 791 264 492 
284 335 763 663 174 365 0 173 38 538 
413 422 973 483 16 791 173 0 860 829 
128 160 542 400 507 264 38 860 0 872 
383 986 717 218 852 492 538 829 872 0 
