80
0 416 731 330 376 993 10 749 953 982 326 20 862 684 664 453 276 451 981 224 77 992 795 852 624 355 577 936 935 675 717 119 90 447 448 817 791 809 566 95 143 891 115 356 926 130 808 202 580 788 777 657 131 571 860 107 925 789 394 211 463 462 329 552 260 129 368 50 289 933 144 783 176 610 138 101 740 945 654 671 
416 0 84 782 327 567 352 187 673 629 327 66 839 789 527 520 692 786 1000 59 187 288 344 682 423 871 644 560 323 735 857 977 405 292 110 732 858 814 270 882 442 596 947 632 736 825 503 427 962 502 837 500 142 532 182 564 402 177 475 725 911 331 53 315 623 162 398 832 975 667 714 768 614 12 752 701 837 606 479 150 
731 84 0 460 316 650 953 199 831 868 601 359 342 677 269 25 729 583 999 242 981 830 569 999 895 336 965 907 439 17 95 397 496 244 856 163 893 808 361 75 675 313 433 368 989 701 392 69 636 390 311 968 572 879 318 466 566 634 372 357 651 466 753 498 710 608 660 602 767 372 29 793 685 461 160 25 514 552 94 149 
330 782 460 0 293 404 116 864 634 785 682 199 419 53 555 69 871 307 566 580 266 577 533 32 948 913 176 984 374 336 9 887 239 454 387 531 209 854 747 842 638 428 40 56 832 947 476 702 605 393 633 871 321 518 254 621 430 430 604 803 117 964 41 355 417 427 237 977 280 983 818 270 762 210 325 594 156 153 647 112 
376 327 316 293 0 897 280 334 218 149 588 838 578 369 793 733 485 109 773 839 877 552 427 854 831 762 671 452 523 880 129 468 387 281 467 851 529 746 184 98 246 771 287 823 139 80 907 975 540 680 813 416 583 240 269 765 1 940 217 875 171 345 695 910 977 161 760 505 258 295 603 503 66 889 677 556 320 584 531 859 
993 567 650 404 897 0 615 695 275 197 286 895 961 638 186 177 513 357 521 207 618 849 719 729 354 976 23 308 478 440 548 154 348 868 89 230 78 703 924 704 899 562 599 860 199 784 388 63 492 261 621 109 109 339 189 814 314 564 121 143 355 669 649 702 888 737 931 965 440 207 669 690 120 619 549 670 402 289 733 894 
10 352 953 116 280 615 0 549 353 354 9 44 895 823 709 458 295 852 812 315 852 866 202 940 148 519 379 706 539 69 825 157 969 495 558 609 227 803 509 931 509 518 326 403 692 35 212 986 238 375 301 89 592 502 28 740 372 759 445 910 179 622 66 499 116 976 108 694 130 616 976 638 133 302 392 824 688 955 162 925 
749 187 199 864 334 695 549 0 682 462 365 273 315 744 12 39 502 809 948 32 430 366 531 545 693 638 590 822 253 565 812 738 218 555 561 905 510 74 829 191 887 545 463 554 289 827 592 790 635 539 822 416 256 352 312 948 341 901 122 593 817 933 330 35 487 243 939 348 316 120 890 555 664 705 108 952 883 699 94 869 
953 673 831 634 218 275 353 682 0 589 267 284 845 970 595 144 310 847 265 254 663 549 584 697 388 178 988 87 845 459 977 399 122 681 506 426 915 556 871 783 145 489 66 341 458 660 836 119 506 101 372 520 1 307 569 740 484 556 827 329 14 155 79 487 835 585 264 101 140 486 883 636 974 948 976 783 959 812 253 816 
982 629 868 785 149 197 354 462 589 0 264 625 335 616 283 903 356 119 810 182 799 175 336 877 14 522 461 629 622 953 115 504 588 440 803 564 223 761 727 475 576 342 451 262 957 86 517 312 204 326 845 2 501 532 878 866 53 691 494 26 643 608 881 230 48 683 145 622 443 223 448 370 564 251 984 873 336 500 184 539 
326 327 601 682 588 286 9 365 267 264 0 825 381 892 677 912 769 542 317 459 36 342 101 995 223 683 394 257 179 15 52 402 815 421 317 65 404 189 752 255 373 290 80 105 181 108 16 301 2 332 760 37 674 212 383 248 246 777 504 425 143 907 178 957 328 494 21 83 683 772 338 407 413 769 511 945 876 526 246 877 
20 66 359 199 838 895 44 273 284 625 825 0 858 357 265 883 920 648 482 166 776 337 942 918 244 119 875 923 612 247 5 294 371 694 700 135 814 562 80 690 88 677 918 297 385 535 531 304 534 12 469 309 348 410 578 943 528 452 865 492 51 870 785 773 915 837 907 729 750 338 770 837 14 39 485 750 573 15 54 458 
862 839 342 419 578 961 895 315 845 335 381 858 0 378 874 118 78 636 696 20 515 499 885 6 549 106 143 321 20 331 580 100 80 917 869 269 283 908 105 32 832 120 437 290 849 311 407 926 946 454 946 812 953 182 818 853 287 312 174 658 642 105 758 73 373 626 341 655 885 446 39 717 917 475 358 765 137 116 43 434 
684 789 677 53 369 638 823 744 970 616 892 357 378 0 570 988 246 522 169 415 726 807 726 251 464 719 355 221 791 728 199 484 734 83 281 772 799 197 599 156 313 87 272 355 873 193 694 470 66 214 884 791 20 961 42 836 31 396 56 173 475 254 656 209 689 936 332 487 484 282 995 149 721 618 503 593 810 197 62 875 
664 527 269 555 793 186 709 12 595 283 677 265 874 570 0 762 297 17 782 609 58 617 991 806 24 163 280 630 171 840 318 458 524 156 942 805 150 90 877 767 944 469 928 492 882 154 254 530 171 387 490 580 355 480 385 378 995 17 359 165 208 676 622 731 184 915 888 333 356 764 452 300 585 379 143 818 885 396 700 55 
453 520 25 69 733 177 458 39 144 903 912 883 118 988 762 0 134 189 986 488 21 723 218 15 91 576 179 298 604 152 381 787 67 620 471 422 383 274 73 319 653 216 489 889 963 188 943 97 376 928 936 748 2 153 762 92 81 292 390 36 444 122 174 862 741 644 635 475 918 60 794 922 275 634 810 589 821 104 37 548 
276 692 729 871 485 513 295 502 310 356 769 920 78 246 297 134 0 383 325 296 385 477 409 476 909 701 217 944 496 338 469 709 78 465 343 553 382 402 698 655 28 331 816 969 503 271 5 50 653 681 697 389 158 106 217 418 158 785 714 5 123 182 713 552 646 55 456 379 809 505 385 188 187 200 156 689 470 513 91 475 
451 786 583 307 109 357 852 809 847 119 542 648 636 522 17 189 383 0 193 139 215 702 596 431 472 753 568 185 757 690 718 821 593 364 228 49 94 388 905 479 575 92 30 83 132 852 947 574 678 491 713 892 545 308 675 16 413 594 552 521 283 269 342 227 984 569 627 78 308 532 908 882 975 289 964 106 140 262 32 169 
981 1000 999 566 773 521 812 948 265 810 317 482 696 169 782 986 325 193 0 753 744 413 297 403 439 664 815 32 215 688 666 483 381 892 819 301 519 248 608 402 155 489 376 795 805 833 287 66 864 455 170 959 219 466 362 657 129 528 688 695 215 705 178 947 597 348 247 467 595 854 868 101 343 595 895 499 427 181 916 643 
224 59 242 580 839 207 315 32 254 182 459 166 20 415 609 488 296 139 753 0 988 86 601 206 903 962 215 384 842 254 78 408 959 607 355 555 954 601 373 548 455 240 648 149 834 895 999 612 427 914 254 766 999 855 324 902 168 538 637 361 143 714 769 101 321 475 7 626 427 379 174 881 970 173 381 155 67 379 767 846 
77 187 981 266 877 618 852 430 663 799 36 776 515 726 58 21 385 215 744 988 0 293 372 611 643 578 934 896 746 823 532 458 966 246 578 66 918 52 73 543 479 803 68 711 773 241 92 927 659 822 45 504 466 417 467 109 994 400 4 91 223 888 549 188 485 126 605 402 530 29 296 360 832 716 70 604 956 513 882 966 
992 288 830 577 552 849 866 366 549 175 342 337 499 807 617 723 477 702 413 86 293 0 335 927 822 152 343 288 260 688 39 616 779 613 503 679 152 987 156 757 740 37 785 387 396 968 102 466 923 409 330 805 375 16 83 548 168 777 835 779 464 873 394 594 486 248 272 637 234 780 745 325 816 882 712 212 849 813 29 124 
795 344 569 533 427 719 202 531 584 336 101 942 885 726 991 218 409 596 297 601 372 335 0 222 358 280 948 726 362 495 893 490 329 671 953 553 417 899 390 664 522 379 250 301 475 574 469 356 285 32 557 98 60 680 671 769 959 618 846 672 112 738 161 792 761 465 696 529 363 86 192 237 816 441 537 290 367 357 646 651 
852 682 999 32 854 729 940 545 697 877 995 918 6 251 806 15 476 431 403 206 611 927 222 0 388 554 100 799 233 122 568 543 739 765 566 202 503 78 345 615 542 41 143 257 478 686 845 293 479 733 934 845 90 579 495 477 484 947 276 716 68 195 610 159 959 175 712 813 252 57 779 146 97 273 754 574 959 598 218 437 
624 423 895 948 831 354 148 693 388 14 223 244 549 464 24 91 909 472 439 903 643 822 358 388 0 330 151 281 419 82 127 248 565 425 875 633 845 421 242 3 731 769 66 544 372 122 674 869 218 947 622 143 905 571 360 693 253 863 325 23 944 803 270 508 228 496 492 424 916 734 778 647 854 843 542 225 965 215 94 182 
355 871 336 913 762 976 519 638 178 522 683 119 106 719 163 576 701 753 664 962 578 152 280 554 330 0 161 67 677 65 638 388 109 890 250 433 912 193 236 534 53 815 29 544 238 297 629 15 943 482 857 484 59 821 50 152 355 211 218 31 627 207 418 736 96 668 520 360 212 755 245 616 569 273 512 806 569 140 172 863 
577 644 965 176 671 23 379 590 988 461 394 875 143 355 280 179 217 568 815 215 934 343 948 100 151 161 0 974 29 698 32 201 748 535 555 310 752 937 936 311 707 23 758 726 543 117 937 649 361 905 218 986 416 375 906 907 547 769 880 927 466 263 127 565 797 34 874 901 322 162 211 28 184 968 753 78 437 42 727 797 
936 560 907 984 452 308 706 822 87 629 257 923 321 221 630 298 944 185 32 384 896 288 726 799 281 67 974 0 298 296 134 713 22 40 971 920 808 851 198 625 113 325 190 262 710 415 162 31 576 372 411 112 339 163 189 775 556 267 924 853 914 57 917 936 96 888 855 255 738 405 232 202 729 421 815 790 187 976 172 763 
935 323 439 374 523 478 539 253 845 622 179 612 20 791 171 604 496 757 215 842 746 260 362 233 419 677 29 298 0 347 582 874 38 97 62 164 652 681 439 505 594 496 773 529 943 660 736 550 749 140 781 303 220 553 117 361 739 93 532 501 791 114 726 180 210 140 696 213 820 134 69 413 981 842 294 276 501 381 825 602 
675 735 17 336 880 440 69 565 459 953 15 247 331 728 840 152 338 690 688 254 823 688 495 122 82 65 698 296 347 0 872 957 904 91 861 20 803 599 464 334 452 607 799 529 138 360 668 833 925 487 967 993 252 299 834 897 574 687 277 398 640 148 706 543 590 566 914 744 165 378 77 968 336 228 496 473 939 164 306 863 
717 857 95 9 129 548 825 812 977 115 52 5 580 199 318 381 469 718 666 78 532 39 893 568 127 638 32 134 582 872 0 2 624 856 605 922 41 501 496 79 129 245 718 628 951 612 217 516 526 960 32 255 389 351 590 968 199 414 906 714 71 769 715 694 976 672 968 368 524 815 447 653 411 516 280 361 128 849 229 653 
119 977 397 887 468 154 157 738 399 504 402 294 100 484 458 787 709 821 483 408 458 616 490 543 248 388 201 713 874 957 2 0 808 612 259 548 315 848 867 513 261 773 226 684 893 292 377 220 963 696 587 487 862 385 491 273 901 770 985 380 618 213 384 778 177 642 677 491 841 544 355 453 668 580 136 560 223 865 779 186 
90 405 496 239 387 348 969 218 122 588 815 371 80 734 524 67 78 593 381 959 966 779 329 739 565 109 748 22 38 904 624 808 0 560 365 24 422 102 514 694 2 635 30 733 605 243 116 382 771 109 410 613 949 953 967 401 620 898 537 531 120 401 309 657 312 26 680 733 479 545 778 832 532 808 564 136 402 31 869 524 
447 292 244 454 281 868 495 555 681 440 421 694 917 83 156 620 465 364 892 607 246 613 671 765 425 890 535 40 97 91 856 612 560 0 139 278 488 87 583 454 487 202 703 375 85 822 775 393 479 87 770 510 171 248 407 301 79 290 460 994 425 213 24 645 736 162 922 223 248 504 28 87 58 730 461 142 903 588 886 733 
448 110 856 387 467 89 558 561 506 803 317 700 869 281 942 471 343 228 819 355 578 503 953 566 875 250 555 971 62 861 605 259 365 139 0 26 8 595 548 607 353 848 38 642 659 383 66 871 407 62 958 920 983 532 520 839 559 606 248 640 418 741 895 5 978 627 30 985 221 578 944 925 777 333 566 436 715 983 658 121 
817 732 163 531 851 230 609 905 426 564 65 135 269 772 805 422 553 49 301 555 66 679 553 202 633 433 310 920 164 20 922 548 24 278 26 0 44 616 41 27 147 560 217 58 517 464 49 934 556 943 291 533 922 672 870 142 601 813 67 730 145 984 165 859 967 822 332 10 789 724 388 936 635 604 345 503 419 393 436 974 
791 858 893 209 529 78 227 510 915 223 404 814 283 799 150 383 382 94 519 954 918 152 417 503 845 912 752 808 652 803 41 315 422 488 8 44 0 336 78 507 257 750 376 750 702 540 168 431 36 504 595 246 470 769 577 831 909 652 219 196 638 174 540 140 945 285 928 270 972 5 776 580 106 503 681 808 394 849 238 429 
809 814 808 854 746 703 803 74 556 761 189 562 908 197 90 274 402 388 248 601 52 987 899 78 421 193 937 851 681 599 501 848 102 87 595 616 336 0 352 185 675 173 305 603 3 213 607 573 761 244 747 300 736 691 584 663 960 907 19 88 486 125 942 167 284 336 367 873 116 70 57 790 242 713 745 596 278 351 169 38 
566 270 361 747 184 924 509 829 871 727 752 80 105 599 877 73 698 905 608 373 73 156 390 345 242 236 936 198 439 464 496 867 514 583 548 41 78 352 0 946 915 689 681 957 273 695 268 179 714 355 17 838 649 183 473 336 549 345 451 970 754 593 211 466 689 158 743 391 326 132 336 240 821 369 548 445 63 816 975 776 
95 882 75 842 98 704 931 191 783 475 255 690 32 156 767 319 655 479 402 548 543 757 664 615 3 534 311 625 505 334 79 513 694 454 607 27 507 185 946 0 522 991 965 522 525 437 857 425 134 660 394 887 252 956 352 292 114 447 682 439 930 369 31 750 737 578 194 152 745 169 279 619 511 596 140 36 384 997 460 517 
143 442 675 638 246 899 509 887 145 576 373 88 832 313 944 653 28 575 155 455 479 740 522 542 731 53 707 113 594 452 129 261 2 487 353 147 257 675 915 522 0 656 854 403 259 809 107 550 922 905 583 713 834 951 743 584 40 672 129 191 769 649 821 387 160 416 526 195 800 874 654 316 881 507 719 139 668 177 40 941 
891 596 313 428 771 562 518 545 489 342 290 677 120 87 469 216 331 92 489 240 803 37 379 41 769 815 23 325 496 607 245 773 635 202 848 560 750 173 689 991 656 0 81 622 653 266 925 747 849 964 771 330 154 539 978 974 277 137 742 802 331 541 676 337 856 556 195 926 47 862 102 86 155 534 60 159 800 984 906 1000 
115 947 433 40 287 599 326 463 66 451 80 918 437 272 928 489 816 30 376 648 68 785 250 143 66 29 758 190 773 799 718 226 30 703 38 217 376 305 681 965 854 81 0 947 28 681 452 566 659 777 842 795 518 995 478 410 22 166 266 578 360 543 976 574 997 413 728 530 472 886 681 807 143 33 105 170 713 556 87 371 
356 632 368 56 823 860 403 554 341 262 105 297 290 355 492 889 969 83 795 149 711 387 301 257 544 544 726 262 529 529 628 684 733 375 642 58 750 603 957 522 403 622 947 0 685 280 518 554 275 347 964 296 512 581 225 223 123 552 796 119 965 523 1 788 409 681 595 551 713 699 73 778 607 159 500 643 439 369 196 713 
926 736 989 832 139 199 692 289 458 957 181 385 849 873 882 963 503 132 805 834 773 396 475 478 372 238 543 710 943 138 951 893 605 85 659 517 702 3 273 525 259 653 28 685 0 715 511 360 578 91 937 801 214 488 596 684 452 471 684 240 231 717 186 133 781 884 205 558 842 364 58 484 802 778 680 866 493 190 225 422 
130 825 701 947 80 784 35 827 660 86 108 535 311 193 154 188 271 852 833 895 241 968 574 686 122 297 117 415 660 360 612 292 243 822 383 464 540 213 695 437 809 266 681 280 715 0 633 161 574 846 1 522 529 452 992 565 43 222 281 228 354 61 464 559 619 305 274 28 141 427 805 820 292 649 361 868 423 993 381 996 
808 503 392 476 907 388 212 592 836 517 16 531 407 694 254 943 5 947 287 999 92 102 469 845 674 629 937 162 736 668 217 377 116 775 66 49 168 607 268 857 107 925 452 518 511 633 0 190 381 517 71 184 860 635 227 433 267 806 139 327 269 49 297 926 322 676 66 748 833 237 391 481 949 610 255 294 990 251 483 722 
202 427 69 702 975 63 986 790 119 312 301 304 926 470 530 97 50 574 66 612 927 466 356 293 869 15 649 31 550 833 516 220 382 393 871 934 431 573 179 425 550 747 566 554 360 161 190 0 119 905 906 331 891 484 763 157 289 901 836 910 949 132 187 622 808 604 721 640 840 111 472 140 721 727 433 62 329 268 784 799 
580 962 636 605 540 492 238 635 506 204 2 534 946 66 171 376 653 678 864 427 659 923 285 479 218 943 361 576 749 925 526 963 771 479 407 556 36 761 714 134 922 849 659 275 578 574 381 119 0 524 41 129 415 524 244 571 164 496 406 425 797 890 611 418 49 214 491 40 405 601 511 897 673 589 329 735 917 948 870 68 
788 502 390 393 680 261 375 539 101 326 332 12 454 214 387 928 681 491 455 914 822 409 32 733 947 482 905 372 140 487 960 696 109 87 62 943 504 244 355 660 905 964 777 347 91 846 517 905 524 0 472 910 196 886 785 791 808 300 287 566 725 83 455 335 852 503 901 342 542 657 295 404 553 319 993 234 405 261 181 626 
777 837 311 633 813 621 301 822 372 845 760 469 946 884 490 936 697 713 170 254 45 330 557 934 622 857 218 411 781 967 32 587 410 770 958 291 595 747 17 394 583 771 842 964 937 1 71 906 41 472 0 328 4 535 876 241 671 18 49 971 304 614 695 738 420 381 942 274 633 635 815 290 281 570 842 600 562 75 356 175 
657 500 968 871 416 109 89 416 520 2 37 309 812 791 580 748 389 892 959 766 504 805 98 845 143 484 986 112 303 993 255 487 613 510 920 533 246 300 838 887 713 330 795 296 801 522 184 331 129 910 328 0 608 982 854 611 868 729 204 539 99 252 861 402 217 907 492 988 639 785 261 272 419 427 913 52 996 106 3 910 
131 142 572 321 583 109 592 256 1 501 674 348 953 20 355 2 158 545 219 999 466 375 60 90 905 59 416 339 220 252 389 862 949 171 983 922 470 736 649 252 834 154 518 512 214 529 860 891 415 196 4 608 0 533 358 84 140 691 937 102 559 18 305 449 116 908 309 869 476 567 712 463 205 496 723 828 267 149 740 318 
571 532 879 518 240 339 502 352 307 532 212 410 182 961 480 153 106 308 466 855 417 16 680 579 571 821 375 163 553 299 351 385 953 248 532 672 769 691 183 956 951 539 995 581 488 452 635 484 524 886 535 982 533 0 145 846 672 406 378 29 489 869 720 777 322 630 146 979 78 261 238 738 482 714 304 193 176 860 689 899 
860 182 318 254 269 189 28 312 569 878 383 578 818 42 385 762 217 675 362 324 467 83 671 495 360 50 906 189 117 834 590 491 967 407 520 870 577 584 473 352 743 978 478 225 596 992 227 763 244 785 876 854 358 145 0 40 307 399 131 624 895 328 295 300 57 675 788 925 746 917 599 375 62 577 804 675 814 541 156 527 
107 564 466 621 765 814 740 948 740 866 248 943 853 836 378 92 418 16 657 902 109 548 769 477 693 152 907 775 361 897 968 273 401 301 839 142 831 663 336 292 584 974 410 223 684 565 433 157 571 791 241 611 84 846 40 0 196 348 55 408 388 305 447 694 703 929 317 598 257 963 897 313 990 37 590 87 305 188 814 366 
925 402 566 430 1 314 372 341 484 53 246 528 287 31 995 81 158 413 129 168 994 168 959 484 253 355 547 556 739 574 199 901 620 79 559 601 909 960 549 114 40 277 22 123 452 43 267 289 164 808 671 868 140 672 307 196 0 116 617 40 929 510 195 808 57 895 862 816 282 518 614 976 220 543 644 169 799 607 418 111 
789 177 634 430 940 564 759 901 556 691 777 452 312 396 17 292 785 594 528 538 400 777 618 947 863 211 769 267 93 687 414 770 898 290 606 813 652 907 345 447 672 137 166 552 471 222 806 901 496 300 18 729 691 406 399 348 116 0 948 454 700 34 110 239 847 475 354 816 867 283 677 61 442 733 955 655 901 237 172 514 
394 475 372 604 217 121 445 122 827 494 504 865 174 56 359 390 714 552 688 637 4 835 846 276 325 218 880 924 532 277 906 985 537 460 248 67 219 19 451 682 129 742 266 796 684 281 139 836 406 287 49 204 937 378 131 55 617 948 0 564 743 56 207 912 206 165 329 669 112 134 368 498 243 959 696 717 312 511 583 946 
211 725 357 803 875 143 910 593 329 26 425 492 658 173 165 36 5 521 695 361 91 779 672 716 23 31 927 853 501 398 714 380 531 994 640 730 196 88 970 439 191 802 578 119 240 228 327 910 425 566 971 539 102 29 624 408 40 454 564 0 539 996 387 272 302 393 524 890 564 37 453 307 445 660 218 650 824 898 318 288 
463 911 651 117 171 355 179 817 14 643 143 51 642 475 208 444 123 283 215 143 223 464 112 68 944 627 466 914 791 640 71 618 120 425 418 145 638 486 754 930 769 331 360 965 231 354 269 949 797 725 304 99 559 489 895 388 929 700 743 539 0 31 38 785 273 996 480 341 307 343 276 253 881 271 991 504 924 384 379 814 
462 331 466 964 345 669 622 933 155 608 907 870 105 254 676 122 182 269 705 714 888 873 738 195 803 207 263 57 114 148 769 213 401 213 741 984 174 125 593 369 649 541 543 523 717 61 49 132 890 83 614 252 18 869 328 305 510 34 56 996 31 0 299 416 618 957 860 277 526 509 453 423 179 740 453 216 876 77 563 707 
329 53 753 41 695 649 66 330 79 881 178 785 758 656 622 174 713 342 178 769 549 394 161 610 270 418 127 917 726 706 715 384 309 24 895 165 540 942 211 31 821 676 976 1 186 464 297 187 611 455 695 861 305 720 295 447 195 110 207 387 38 299 0 418 869 49 693 473 282 315 816 137 238 199 516 403 849 283 21 806 
552 315 498 355 910 702 499 35 487 230 957 773 73 209 731 862 552 227 947 101 188 594 792 159 508 736 565 936 180 543 694 778 657 645 5 859 140 167 466 750 387 337 574 788 133 559 926 622 418 335 738 402 449 777 300 694 808 239 912 272 785 416 418 0 142 649 331 2 101 754 180 192 558 747 67 635 309 774 404 530 
260 623 710 417 977 888 116 487 835 48 328 915 373 689 184 741 646 984 597 321 485 486 761 959 228 96 797 96 210 590 976 177 312 736 978 967 945 284 689 737 160 856 997 409 781 619 322 808 49 852 420 217 116 322 57 703 57 847 206 302 273 618 869 142 0 174 96 2 455 762 169 944 999 719 811 754 568 93 774 373 
129 162 608 427 161 737 976 243 585 683 494 837 626 936 915 644 55 569 348 475 126 248 465 175 496 668 34 888 140 566 672 642 26 162 627 822 285 336 158 578 416 556 413 681 884 305 676 604 214 503 381 907 908 630 675 929 895 475 165 393 996 957 49 649 174 0 586 422 55 587 875 808 119 66 718 865 133 352 526 906 
368 398 660 237 760 931 108 939 264 145 21 907 341 332 888 635 456 627 247 7 605 272 696 712 492 520 874 855 696 914 968 677 680 922 30 332 928 367 743 194 526 195 728 595 205 274 66 721 491 901 942 492 309 146 788 317 862 354 329 524 480 860 693 331 96 586 0 755 55 79 202 408 886 963 577 181 313 295 343 66 
50 832 602 977 505 965 694 348 101 622 83 729 655 487 333 475 379 78 467 626 402 637 529 813 424 360 901 255 213 744 368 491 733 223 985 10 270 873 391 152 195 926 530 551 558 28 748 640 40 342 274 988 869 979 925 598 816 816 669 890 341 277 473 2 2 422 755 0 862 435 191 586 20 613 993 958 839 152 76 904 
289 975 767 280 258 440 130 316 140 443 683 750 885 484 356 918 809 308 595 427 530 234 363 252 916 212 322 738 820 165 524 841 479 248 221 789 972 116 326 745 800 47 472 713 842 141 833 840 405 542 633 639 476 78 746 257 282 867 112 564 307 526 282 101 455 55 55 862 0 869 293 36 572 818 293 326 872 724 879 631 
933 667 372 983 295 207 616 120 486 223 772 338 446 282 764 60 505 532 854 379 29 780 86 57 734 755 162 405 134 378 815 544 545 504 578 724 5 70 132 169 874 862 886 699 364 427 237 111 601 657 635 785 567 261 917 963 518 283 134 37 343 509 315 754 762 587 79 435 869 0 961 193 207 493 506 854 835 571 67 269 
144 714 29 818 603 669 976 890 883 448 338 770 39 995 452 794 385 908 868 174 296 745 192 779 778 245 211 232 69 77 447 355 778 28 944 388 776 57 336 279 654 102 681 73 58 805 391 472 511 295 815 261 712 238 599 897 614 677 368 453 276 453 816 180 169 875 202 191 293 961 0 762 5 640 726 997 597 564 148 25 
783 768 793 270 503 690 638 555 636 370 407 837 717 149 300 922 188 882 101 881 360 325 237 146 647 616 28 202 413 968 653 453 832 87 925 936 580 790 240 619 316 86 807 778 484 820 481 140 897 404 290 272 463 738 375 313 976 61 498 307 253 423 137 192 944 808 408 586 36 193 762 0 467 17 317 855 588 486 499 266 
176 614 685 762 66 120 133 664 974 564 413 14 917 721 585 275 187 975 343 970 832 816 816 97 854 569 184 729 981 336 411 668 532 58 777 635 106 242 821 511 881 155 143 607 802 292 949 721 673 553 281 419 205 482 62 990 220 442 243 445 881 179 238 558 999 119 886 20 572 207 5 467 0 709 222 496 339 534 689 898 
610 12 461 210 889 619 302 705 948 251 769 39 475 618 379 634 200 289 595 173 716 882 441 273 843 273 968 421 842 228 516 580 808 730 333 604 503 713 369 596 507 534 33 159 778 649 610 727 589 319 570 427 496 714 577 37 543 733 959 660 271 740 199 747 719 66 963 613 818 493 640 17 709 0 26 194 751 860 116 817 
138 752 160 325 677 549 392 108 976 984 511 485 358 503 143 810 156 964 895 381 70 712 537 754 542 512 753 815 294 496 280 136 564 461 566 345 681 745 548 140 719 60 105 500 680 361 255 433 329 993 842 913 723 304 804 590 644 955 696 218 991 453 516 67 811 718 577 993 293 506 726 317 222 26 0 480 229 821 119 954 
101 701 25 594 556 670 824 952 783 873 945 750 765 593 818 589 689 106 499 155 604 212 290 574 225 806 78 790 276 473 361 560 136 142 436 503 808 596 445 36 139 159 170 643 866 868 294 62 735 234 600 52 828 193 675 87 169 655 717 650 504 216 403 635 754 865 181 958 326 854 997 855 496 194 480 0 817 68 869 965 
740 837 514 156 320 402 688 883 959 336 876 573 137 810 885 821 470 140 427 67 956 849 367 959 965 569 437 187 501 939 128 223 402 903 715 419 394 278 63 384 668 800 713 439 493 423 990 329 917 405 562 996 267 176 814 305 799 901 312 824 924 876 849 309 568 133 313 839 872 835 597 588 339 751 229 817 0 92 688 333 
945 606 552 153 584 289 955 699 812 500 526 15 116 197 396 104 513 262 181 379 513 813 357 598 215 140 42 976 381 164 849 865 31 588 983 393 849 351 816 997 177 984 556 369 190 993 251 268 948 261 75 106 149 860 541 188 607 237 511 898 384 77 283 774 93 352 295 152 724 571 564 486 534 860 821 68 92 0 408 894 
654 479 94 647 531 733 162 94 253 184 246 54 43 62 700 37 91 32 916 767 882 29 646 218 94 172 727 172 825 306 229 779 869 886 658 436 238 169 975 460 40 906 87 196 225 381 483 784 870 181 356 3 740 689 156 814 418 172 583 318 379 563 21 404 774 526 343 76 879 67 148 499 689 116 119 869 688 408 0 920 
671 150 149 112 859 894 925 869 816 539 877 458 434 875 55 548 475 169 643 846 966 124 651 437 182 863 797 763 602 863 653 186 524 733 121 974 429 38 776 517 941 1000 371 713 422 996 722 799 68 626 175 910 318 899 527 366 111 514 946 288 814 707 806 530 373 906 66 904 631 269 25 266 898 817 954 965 333 894 920 0 
