10
0 70 19 2 4 54 34 8 60 29 
70 0 7 98 21 85 9 35 99 92 
19 7 0 77 99 16 53 72 90 60 
2 98 77 0 7 11 17 25 10 40 
4 21 99 7 0 1 79 10 54 82 
54 85 16 11 1 0 15 39 90 27 
34 9 53 17 79 15 0 68 48 24 
8 35 72 25 10 39 68 0 88 32 
60 99 90 10 54 90 48 88 0 33 
29 92 60 40 82 27 24 32 33 0 
