80
0 348 460 508 835 23 388 600 211 690 781 440 404 663 319 899 699 119 278 267 182 564 237 327 757 665 165 598 115 825 796 694 524 608 553 711 982 293 310 192 334 442 984 738 104 654 988 803 773 265 69 954 180 305 632 936 970 796 533 436 973 681 130 496 288 34 206 269 326 867 460 660 308 795 397 412 449 384 214 221 
348 0 1000 634 526 179 939 158 114 260 305 998 695 277 678 176 125 965 210 682 585 535 901 45 546 208 839 294 971 287 29 536 859 28 170 385 206 460 894 671 71 198 21 765 827 698 941 303 15 502 984 599 388 236 995 934 796 186 227 118 824 256 654 683 635 175 419 841 986 312 863 56 861 883 820 687 933 112 989 947 
460 1000 0 613 325 897 1 912 244 286 707 429 864 825 252 471 830 286 106 4 704 298 341 367 160 396 228 395 567 266 327 31 607 625 995 283 873 995 194 116 632 901 896 496 77 500 966 906 785 423 261 841 720 601 207 232 348 434 978 266 52 304 296 658 280 291 940 504 637 133 620 269 385 867 116 461 366 433 718 503 
508 634 613 0 856 978 343 927 930 549 510 629 335 487 895 386 142 190 43 773 480 334 277 469 466 248 737 851 114 852 663 480 284 381 982 491 710 676 770 992 576 279 620 910 118 514 647 259 56 41 384 535 374 660 3 192 907 91 394 372 294 56 851 930 788 184 772 498 211 541 489 787 820 460 48 289 974 695 899 29 
835 526 325 856 0 87 282 915 813 941 270 4 847 712 397 219 6 804 421 935 592 957 706 441 519 599 281 305 418 740 353 58 65 399 956 93 485 238 360 649 178 981 652 377 692 400 947 697 204 719 983 147 27 41 587 546 639 867 850 408 958 554 465 23 952 420 467 789 657 178 437 187 158 441 563 850 840 861 898 395 
23 179 897 978 87 0 579 881 541 958 921 479 503 911 697 704 318 655 258 782 29 561 553 847 349 210 25 138 748 182 578 662 383 769 522 281 516 452 161 56 409 433 887 263 343 583 967 660 589 576 793 617 136 345 816 485 906 840 974 5 373 903 666 756 671 187 388 186 991 900 594 751 332 832 14 26 414 332 37 3 
388 939 1 343 282 579 0 907 829 971 42 525 138 878 783 977 851 787 702 753 453 809 776 991 196 313 981 95 258 732 778 89 97 803 503 428 839 857 334 19 179 375 543 317 253 325 645 455 464 346 208 916 506 335 258 701 647 591 147 905 674 276 993 770 78 847 549 268 703 882 286 234 608 181 550 212 857 546 667 320 
600 158 912 927 915 881 907 0 892 226 587 749 560 845 450 206 787 948 462 460 224 455 581 653 653 129 921 356 10 558 941 969 738 842 181 595 387 847 266 630 424 853 379 983 49 180 540 835 127 2 646 702 808 226 355 460 354 627 167 715 184 107 683 274 948 215 868 687 413 133 316 836 337 694 170 737 873 710 923 352 
211 114 244 930 813 541 829 892 0 63 568 405 870 145 759 329 850 737 848 916 921 954 599 194 254 165 413 940 578 897 255 765 586 301 935 322 525 644 245 228 706 164 633 927 309 743 255 158 480 454 426 752 408 376 297 13 540 709 952 469 957 558 234 542 858 168 864 735 163 460 962 220 623 946 146 283 689 752 793 520 
690 260 286 549 941 958 971 226 63 0 206 218 271 965 593 567 977 132 627 928 601 583 485 186 477 695 353 340 781 515 151 742 86 773 40 231 408 728 982 200 247 539 769 869 503 361 787 479 844 413 406 796 347 243 981 823 289 685 514 69 551 664 162 636 789 201 218 196 280 200 747 878 90 515 98 593 227 884 423 70 
781 305 707 510 270 921 42 587 568 206 0 296 181 218 995 423 550 817 63 235 331 483 785 346 996 773 134 197 990 329 828 541 75 58 631 941 155 575 167 39 997 589 686 177 806 680 951 355 849 365 941 531 847 78 876 843 850 10 391 191 690 570 732 765 627 714 57 782 640 224 172 636 812 857 165 969 889 115 675 89 
440 998 429 629 4 479 525 749 405 218 296 0 832 616 619 678 45 494 872 894 855 262 436 545 832 519 661 458 584 717 591 223 940 762 211 103 971 375 71 859 841 746 947 672 713 565 702 757 410 573 2 617 187 437 161 18 308 821 827 891 889 770 114 181 531 324 283 501 50 706 711 242 803 657 914 515 573 967 623 335 
404 695 864 335 847 503 138 560 870 271 181 832 0 539 624 951 725 412 111 94 719 283 921 962 171 690 75 703 572 750 986 73 151 43 135 392 845 792 657 711 716 623 333 50 162 308 352 238 719 462 332 790 96 604 751 619 645 177 321 216 278 658 640 428 700 775 171 896 918 828 606 985 450 290 35 963 597 386 201 668 
663 277 825 487 712 911 878 845 145 965 218 616 539 0 200 884 457 647 487 559 265 483 87 586 50 364 595 690 143 295 816 313 190 85 492 796 69 942 437 455 256 34 193 456 701 392 691 509 38 177 419 655 11 505 592 61 220 186 102 714 480 917 378 22 353 870 169 421 811 605 876 418 990 68 874 690 811 916 550 200 
319 678 252 895 397 697 783 450 759 593 995 619 624 200 0 93 320 854 455 176 797 515 747 983 616 460 814 884 838 187 236 59 355 9 221 312 236 638 301 303 511 343 465 427 892 16 871 564 222 677 739 18 192 486 1000 807 945 166 43 134 352 278 192 59 286 412 370 521 50 22 175 912 364 991 690 608 7 912 171 228 
899 176 471 386 219 704 977 206 329 567 423 678 951 884 93 0 589 909 245 780 394 597 938 691 114 332 176 817 610 720 875 247 131 596 120 532 618 646 796 333 989 485 940 995 749 110 574 337 19 170 468 764 118 757 806 231 89 982 400 50 53 274 648 535 222 767 67 191 765 214 523 753 50 463 99 798 924 672 486 294 
699 125 830 142 6 318 851 787 850 977 550 45 725 457 320 589 0 841 305 58 959 62 215 541 150 548 940 551 600 566 198 135 139 317 553 329 81 118 203 185 167 665 283 317 941 306 802 234 498 107 643 808 520 858 349 21 405 640 571 357 205 768 843 695 436 747 23 516 864 226 52 382 242 686 698 182 991 852 416 489 
119 965 286 190 804 655 787 948 737 132 817 494 412 647 854 909 841 0 958 58 296 829 267 996 849 24 636 419 380 192 538 574 887 974 320 261 841 183 838 245 564 432 930 614 613 921 465 380 761 774 790 56 602 408 404 450 431 391 220 162 582 109 735 820 434 54 433 627 236 270 871 152 701 800 765 666 72 229 397 832 
278 210 106 43 421 258 702 462 848 627 63 872 111 487 455 245 305 958 0 2 186 888 955 594 643 756 376 33 975 538 614 435 272 786 869 326 218 847 913 487 717 64 540 868 180 205 940 408 601 771 761 139 10 67 84 652 822 459 684 148 348 650 583 620 787 803 297 4 649 209 842 717 625 381 584 804 937 875 564 538 
267 682 4 773 935 782 753 460 916 928 235 894 94 559 176 780 58 58 2 0 646 676 28 7 743 111 659 564 921 694 64 269 695 998 888 833 152 536 836 800 744 30 868 720 762 803 524 699 678 439 588 675 114 615 681 856 77 691 772 997 737 187 617 783 184 856 616 335 391 451 486 135 832 705 854 594 507 729 644 184 
182 585 704 480 592 29 453 224 921 601 331 855 719 265 797 394 959 296 186 646 0 167 231 210 633 197 891 840 625 933 963 973 669 149 590 452 332 445 67 18 188 869 503 322 53 559 527 646 66 608 641 601 126 223 811 110 419 53 950 395 985 912 367 6 413 308 809 96 105 875 114 292 95 968 965 499 527 843 144 944 
564 535 298 334 957 561 809 455 954 583 483 262 283 483 515 597 62 829 888 676 167 0 450 136 544 928 358 706 37 128 758 986 522 95 250 241 100 662 548 908 757 652 134 222 943 580 542 907 79 420 750 574 363 551 710 906 478 67 964 515 195 73 852 68 167 453 308 266 114 856 525 223 859 10 796 802 590 337 60 668 
237 901 341 277 706 553 776 581 599 485 785 436 921 87 747 938 215 267 955 28 231 450 0 756 161 593 118 712 302 376 541 721 691 407 915 763 611 334 930 63 642 547 177 849 424 751 707 433 546 860 374 235 920 41 990 80 634 460 143 287 187 684 7 229 442 273 991 52 607 272 115 600 819 643 448 594 393 154 26 290 
327 45 367 469 441 847 991 653 194 186 346 545 962 586 983 691 541 996 594 7 210 136 756 0 14 400 524 285 792 866 364 777 325 859 64 863 894 422 91 335 47 433 387 653 705 501 252 523 495 699 116 887 204 493 176 217 892 52 853 36 917 569 812 593 427 227 807 320 1 897 6 47 681 392 699 385 244 302 907 738 
757 546 160 466 519 349 196 653 254 477 996 832 171 50 616 114 150 849 643 743 633 544 161 14 0 352 374 976 555 219 504 124 110 555 976 497 823 544 309 415 322 887 573 993 887 469 999 933 501 742 983 886 986 636 144 75 987 518 403 894 736 258 369 197 812 696 694 986 592 354 400 913 592 972 906 479 792 256 763 292 
665 208 396 248 599 210 313 129 165 695 773 519 690 364 460 332 548 24 756 111 197 928 593 400 352 0 997 98 529 334 733 673 761 72 190 163 317 277 420 685 825 583 732 870 568 323 575 319 588 167 642 845 645 785 100 759 428 96 856 957 430 589 629 542 660 170 704 328 798 475 364 974 409 95 844 328 770 418 998 709 
165 839 228 737 281 25 981 921 413 353 134 661 75 595 814 176 940 636 376 659 891 358 118 524 374 997 0 584 991 553 580 775 4 339 554 99 194 862 880 134 842 421 145 363 476 472 160 302 835 134 62 282 329 389 51 746 386 759 682 728 663 613 502 666 951 408 116 497 621 348 982 463 768 479 825 596 950 337 249 137 
598 294 395 851 305 138 95 356 940 340 197 458 703 690 884 817 551 419 33 564 840 706 712 285 976 98 584 0 822 311 770 150 699 172 247 437 282 280 164 944 893 18 961 195 777 76 43 397 423 377 859 543 855 36 490 156 724 738 644 545 48 413 46 99 584 644 887 865 924 402 160 168 771 120 714 547 196 757 944 618 
115 971 567 114 418 748 258 10 578 781 990 584 572 143 838 610 600 380 975 921 625 37 302 792 555 529 991 822 0 133 154 512 339 541 1 494 264 739 138 808 138 550 205 236 486 849 474 350 124 876 510 291 646 981 4 545 176 112 488 146 596 993 657 934 534 658 428 149 748 565 309 885 466 513 473 951 713 946 653 836 
825 287 266 852 740 182 732 558 897 515 329 717 750 295 187 720 566 192 538 694 933 128 376 866 219 334 553 311 133 0 173 514 478 171 494 834 715 22 945 554 167 893 546 175 826 431 184 605 932 283 169 240 168 987 752 992 937 817 289 941 652 462 454 130 984 300 963 698 321 259 251 839 151 148 13 329 931 549 933 862 
796 29 327 663 353 578 778 941 255 151 828 591 986 816 236 875 198 538 614 64 963 758 541 364 504 733 580 770 154 173 0 831 454 453 350 440 556 693 728 372 982 669 24 795 474 505 778 773 819 827 93 429 77 283 932 576 296 260 506 196 192 719 378 997 171 80 436 727 772 516 450 105 536 473 899 9 329 28 782 147 
694 536 31 480 58 662 89 969 765 742 541 223 73 313 59 247 135 574 435 269 973 986 721 777 124 673 775 150 512 514 831 0 854 226 928 282 509 859 210 156 118 715 703 661 786 80 658 308 159 93 386 283 960 836 387 495 308 638 504 989 665 637 487 871 214 414 504 74 272 713 581 389 780 283 402 917 715 59 224 225 
524 859 607 284 65 383 97 738 586 86 75 940 151 190 355 131 139 887 272 695 669 522 691 325 110 761 4 699 339 478 454 854 0 503 610 507 463 445 894 957 104 531 812 92 547 800 931 769 366 344 273 439 616 337 20 356 468 302 757 384 368 815 608 593 318 569 99 132 365 344 440 468 874 604 912 773 403 842 893 768 
608 28 625 381 399 769 803 842 301 773 58 762 43 85 9 596 317 974 786 998 149 95 407 859 555 72 339 172 541 171 453 226 503 0 537 517 559 152 854 578 508 321 231 264 57 951 431 16 543 100 584 641 231 948 337 670 767 562 273 30 334 28 223 227 147 760 743 57 911 948 986 770 621 569 386 677 519 816 692 61 
553 170 995 982 956 522 503 181 935 40 631 211 135 492 221 120 553 320 869 888 590 250 915 64 976 190 554 247 1 494 350 928 610 537 0 915 627 53 497 574 389 166 692 951 791 722 636 170 944 214 668 55 309 725 966 256 710 87 228 278 472 256 796 287 947 208 553 925 261 49 498 1 215 542 303 357 263 939 878 558 
711 385 283 491 93 281 428 595 322 231 941 103 392 796 312 532 329 261 326 833 452 241 763 863 497 163 99 437 494 834 440 282 507 517 915 0 504 545 613 812 269 930 420 331 16 647 608 488 255 756 126 201 963 679 126 575 727 975 928 293 516 230 1 130 520 878 40 24 423 4 835 43 933 606 725 300 605 685 139 859 
982 206 873 710 485 516 839 387 525 408 155 971 845 69 236 618 81 841 218 152 332 100 611 894 823 317 194 282 264 715 556 509 463 559 627 504 0 440 265 411 754 295 888 681 21 863 608 666 730 189 666 212 709 544 251 732 318 254 918 712 538 876 437 837 480 121 976 690 912 592 100 17 238 988 697 258 202 656 923 931 
293 460 995 676 238 452 857 847 644 728 575 375 792 942 638 646 118 183 847 536 445 662 334 422 544 277 862 280 739 22 693 859 445 152 53 545 440 0 845 941 142 553 484 744 636 801 997 905 864 534 780 300 723 611 772 50 300 683 641 752 700 878 739 748 487 940 404 762 222 600 702 716 504 537 459 139 689 456 395 552 
310 894 194 770 360 161 334 266 245 982 167 71 657 437 301 796 203 838 913 836 67 548 930 91 309 420 880 164 138 945 728 210 894 854 497 613 265 845 0 341 527 852 63 137 975 112 789 658 104 540 709 333 630 456 820 921 211 933 142 810 986 209 313 522 668 803 210 475 198 761 167 76 964 230 564 939 693 352 948 797 
192 671 116 992 649 56 19 630 228 200 39 859 711 455 303 333 185 245 487 800 18 908 63 335 415 685 134 944 808 554 372 156 957 578 574 812 411 941 341 0 243 656 481 224 463 652 144 26 584 638 835 569 846 500 442 865 654 651 691 203 764 858 278 79 439 842 369 483 545 316 631 140 323 112 363 138 763 859 163 699 
334 71 632 576 178 409 179 424 706 247 997 841 716 256 511 989 167 564 717 744 188 757 642 47 322 825 842 893 138 167 982 118 104 508 389 269 754 142 527 243 0 496 349 267 693 200 709 910 854 711 600 56 826 809 686 905 599 879 273 434 423 941 64 914 615 527 629 752 290 487 266 340 982 967 606 26 166 666 935 371 
442 198 901 279 981 433 375 853 164 539 589 746 623 34 343 485 665 432 64 30 869 652 547 433 887 583 421 18 550 893 669 715 531 321 166 930 295 553 852 656 496 0 729 535 779 554 695 464 458 294 342 83 79 116 23 142 382 637 21 10 741 662 496 6 1 829 972 958 854 138 624 789 860 352 323 638 257 369 101 715 
984 21 896 620 652 887 543 379 633 769 686 947 333 193 465 940 283 930 540 868 503 134 177 387 573 732 145 961 205 546 24 703 812 231 692 420 888 484 63 481 349 729 0 14 794 149 92 910 171 586 291 159 606 652 899 267 147 257 267 975 228 224 828 717 199 616 577 902 290 214 159 11 667 225 24 460 373 116 721 895 
738 765 496 910 377 263 317 983 927 869 177 672 50 456 427 995 317 614 868 720 322 222 849 653 993 870 363 195 236 175 795 661 92 264 951 331 681 744 137 224 267 535 14 0 701 363 53 658 14 304 924 160 560 190 134 787 765 314 856 964 281 784 865 571 997 375 581 663 599 956 475 323 71 195 217 123 558 622 132 923 
104 827 77 118 692 343 253 49 309 503 806 713 162 701 892 749 941 613 180 762 53 943 424 705 887 568 476 777 486 826 474 786 547 57 791 16 21 636 975 463 693 779 794 701 0 925 55 83 836 596 568 974 361 881 829 324 162 612 540 84 961 915 16 975 865 971 449 188 394 996 404 868 905 377 1000 827 301 54 909 136 
654 698 500 514 400 583 325 180 743 361 680 565 308 392 16 110 306 921 205 803 559 580 751 501 469 323 472 76 849 431 505 80 800 951 722 647 863 801 112 652 200 554 149 363 925 0 2 829 462 362 709 290 37 222 254 576 305 214 842 672 540 707 643 989 894 36 336 649 255 240 26 254 66 678 660 327 166 661 155 627 
988 941 966 647 947 967 645 540 255 787 951 702 352 691 871 574 802 465 940 524 527 542 707 252 999 575 160 43 474 184 778 658 931 431 636 608 608 997 789 144 709 695 92 53 55 2 0 22 215 916 410 437 521 337 93 734 179 765 274 885 759 614 130 146 301 778 400 892 155 6 309 833 665 635 998 325 141 624 698 708 
803 303 906 259 697 660 455 835 158 479 355 757 238 509 564 337 234 380 408 699 646 907 433 523 933 319 302 397 350 605 773 308 769 16 170 488 666 905 658 26 910 464 910 658 83 829 22 0 891 107 496 412 443 940 497 973 704 122 209 814 87 338 959 387 468 711 278 622 716 587 806 380 573 155 56 66 778 753 773 21 
773 15 785 56 204 589 464 127 480 844 849 410 719 38 222 19 498 761 601 678 66 79 546 495 501 588 835 423 124 932 819 159 366 543 944 255 730 864 104 584 854 458 171 14 836 462 215 891 0 211 620 784 653 559 280 978 263 402 186 428 840 524 387 227 343 449 856 316 164 794 122 895 719 276 950 136 406 54 908 778 
265 502 423 41 719 576 346 2 454 413 365 573 462 177 677 170 107 774 771 439 608 420 860 699 742 167 134 377 876 283 827 93 344 100 214 756 189 534 540 638 711 294 586 304 596 362 916 107 211 0 264 527 561 268 85 840 245 699 593 431 479 433 306 217 11 648 665 218 963 828 364 436 722 82 64 23 217 821 76 476 
69 984 261 384 983 793 208 646 426 406 941 2 332 419 739 468 643 790 761 588 641 750 374 116 983 642 62 859 510 169 93 386 273 584 668 126 666 780 709 835 600 342 291 924 568 709 410 496 620 264 0 598 339 354 510 606 790 349 851 841 294 633 319 78 938 535 88 585 551 657 899 378 20 335 451 101 750 473 669 570 
954 599 841 535 147 617 916 702 752 796 531 617 790 655 18 764 808 56 139 675 601 574 235 887 886 845 282 543 291 240 429 283 439 641 55 201 212 300 333 569 56 83 159 160 974 290 437 412 784 527 598 0 548 496 519 238 849 28 843 991 728 45 831 21 677 501 98 966 387 537 550 937 194 801 666 565 135 116 18 236 
180 388 720 374 27 136 506 808 408 347 847 187 96 11 192 118 520 602 10 114 126 363 920 204 986 645 329 855 646 168 77 960 616 231 309 963 709 723 630 846 826 79 606 560 361 37 521 443 653 561 339 548 0 940 686 805 839 534 675 76 382 702 270 724 429 315 906 802 343 406 251 309 792 140 210 80 333 10 745 249 
305 236 601 660 41 345 335 226 376 243 78 437 604 505 486 757 858 408 67 615 223 551 41 493 636 785 389 36 981 987 283 836 337 948 725 679 544 611 456 500 809 116 652 190 881 222 337 940 559 268 354 496 940 0 496 860 266 731 151 304 887 989 837 561 64 570 614 334 294 395 1000 199 196 342 605 798 2 748 937 212 
632 995 207 3 587 816 258 355 297 981 876 161 751 592 1000 806 349 404 84 681 811 710 990 176 144 100 51 490 4 752 932 387 20 337 966 126 251 772 820 442 686 23 899 134 829 254 93 497 280 85 510 519 686 496 0 828 621 221 572 870 717 784 135 447 934 438 334 923 274 246 338 196 860 671 489 254 670 39 449 364 
936 934 232 192 546 485 701 460 13 823 843 18 619 61 807 231 21 450 652 856 110 906 80 217 75 759 746 156 545 992 576 495 356 670 256 575 732 50 921 865 905 142 267 787 324 576 734 973 978 840 606 238 805 860 828 0 995 598 365 743 535 576 922 155 149 845 376 865 628 511 663 914 300 996 188 926 242 877 121 453 
970 796 348 907 639 906 647 354 540 289 850 308 645 220 945 89 405 431 822 77 419 478 634 892 987 428 386 724 176 937 296 308 468 767 710 727 318 300 211 654 599 382 147 765 162 305 179 704 263 245 790 849 839 266 621 995 0 900 961 706 921 999 506 284 994 103 1 88 637 576 9 144 76 853 871 940 833 733 603 98 
796 186 434 91 867 840 591 627 709 685 10 821 177 186 166 982 640 391 459 691 53 67 460 52 518 96 759 738 112 817 260 638 302 562 87 975 254 683 933 651 879 637 257 314 612 214 765 122 402 699 349 28 534 731 221 598 900 0 33 950 637 310 543 513 430 995 412 742 700 333 740 205 968 733 660 968 820 296 896 180 
533 227 978 394 850 974 147 167 952 514 391 827 321 102 43 400 571 220 684 772 950 964 143 853 403 856 682 644 488 289 506 504 757 273 228 928 918 641 142 691 273 21 267 856 540 842 274 209 186 593 851 843 675 151 572 365 961 33 0 791 971 385 662 263 569 394 865 666 778 814 654 87 709 518 868 703 282 609 755 614 
436 118 266 372 408 5 905 715 469 69 191 891 216 714 134 50 357 162 148 997 395 515 287 36 894 957 728 545 146 941 196 989 384 30 278 293 712 752 810 203 434 10 975 964 84 672 885 814 428 431 841 991 76 304 870 743 706 950 791 0 349 959 933 433 618 901 605 266 148 784 408 118 520 421 380 88 815 596 105 944 
973 824 52 294 958 373 674 184 957 551 690 889 278 480 352 53 205 582 348 737 985 195 187 917 736 430 663 48 596 652 192 665 368 334 472 516 538 700 986 764 423 741 228 281 961 540 759 87 840 479 294 728 382 887 717 535 921 637 971 349 0 762 110 383 470 628 250 172 909 211 926 874 911 237 806 695 206 58 299 823 
681 256 304 56 554 903 276 107 558 664 570 770 658 917 278 274 768 109 650 187 912 73 684 569 258 589 613 413 993 462 719 637 815 28 256 230 876 878 209 858 941 662 224 784 915 707 614 338 524 433 633 45 702 989 784 576 999 310 385 959 762 0 205 435 231 323 954 3 54 394 169 650 850 113 763 960 495 232 587 96 
130 654 296 851 465 666 993 683 234 162 732 114 640 378 192 648 843 735 583 617 367 852 7 812 369 629 502 46 657 454 378 487 608 223 796 1 437 739 313 278 64 496 828 865 16 643 130 959 387 306 319 831 270 837 135 922 506 543 662 933 110 205 0 755 495 306 33 368 568 621 173 263 826 231 561 1 787 347 583 109 
496 683 658 930 23 756 770 274 542 636 765 181 428 22 59 535 695 820 620 783 6 68 229 593 197 542 666 99 934 130 997 871 593 227 287 130 837 748 522 79 914 6 717 571 975 989 146 387 227 217 78 21 724 561 447 155 284 513 263 433 383 435 755 0 653 585 515 46 754 516 895 218 278 854 64 861 792 159 615 286 
288 635 280 788 952 671 78 948 858 789 627 531 700 353 286 222 436 434 787 184 413 167 442 427 812 660 951 584 534 984 171 214 318 147 947 520 480 487 668 439 615 1 199 997 865 894 301 468 343 11 938 677 429 64 934 149 994 430 569 618 470 231 495 653 0 817 999 5 384 619 530 646 797 760 559 149 898 905 731 7 
34 175 291 184 420 187 847 215 168 201 714 324 775 870 412 767 747 54 803 856 308 453 273 227 696 170 408 644 658 300 80 414 569 760 208 878 121 940 803 842 527 829 616 375 971 36 778 711 449 648 535 501 315 570 438 845 103 995 394 901 628 323 306 585 817 0 909 667 873 954 772 388 201 989 17 406 52 877 198 563 
206 419 940 772 467 388 549 868 864 218 57 283 171 169 370 67 23 433 297 616 809 308 991 807 694 704 116 887 428 963 436 504 99 743 553 40 976 404 210 369 629 972 577 581 449 336 400 278 856 665 88 98 906 614 334 376 1 412 865 605 250 954 33 515 999 909 0 843 835 731 842 840 114 812 369 112 608 480 22 756 
269 841 504 498 789 186 268 687 735 196 782 501 896 421 521 191 516 627 4 335 96 266 52 320 986 328 497 865 149 698 727 74 132 57 925 24 690 762 475 483 752 958 902 663 188 649 892 622 316 218 585 966 802 334 923 865 88 742 666 266 172 3 368 46 5 667 843 0 377 278 838 735 187 505 607 492 276 346 692 617 
326 986 637 211 657 991 703 413 163 280 640 50 918 811 50 765 864 236 649 391 105 114 607 1 592 798 621 924 748 321 772 272 365 911 261 423 912 222 198 545 290 854 290 599 394 255 155 716 164 963 551 387 343 294 274 628 637 700 778 148 909 54 568 754 384 873 835 377 0 362 450 20 238 647 582 81 481 312 922 320 
867 312 133 541 178 900 882 133 460 200 224 706 828 605 22 214 226 270 209 451 875 856 272 897 354 475 348 402 565 259 516 713 344 948 49 4 592 600 761 316 487 138 214 956 996 240 6 587 794 828 657 537 406 395 246 511 576 333 814 784 211 394 621 516 619 954 731 278 362 0 778 733 40 241 693 519 262 800 896 539 
460 863 620 489 437 594 286 316 962 747 172 711 606 876 175 523 52 871 842 486 114 525 115 6 400 364 982 160 309 251 450 581 440 986 498 835 100 702 167 631 266 624 159 475 404 26 309 806 122 364 899 550 251 1000 338 663 9 740 654 408 926 169 173 895 530 772 842 838 450 778 0 638 630 725 494 237 217 121 582 260 
660 56 269 787 187 751 234 836 220 878 636 242 985 418 912 753 382 152 717 135 292 223 600 47 913 974 463 168 885 839 105 389 468 770 1 43 17 716 76 140 340 789 11 323 868 254 833 380 895 436 378 937 309 199 196 914 144 205 87 118 874 650 263 218 646 388 840 735 20 733 638 0 737 296 61 757 533 59 690 965 
308 861 385 820 158 332 608 337 623 90 812 803 450 990 364 50 242 701 625 832 95 859 819 681 592 409 768 771 466 151 536 780 874 621 215 933 238 504 964 323 982 860 667 71 905 66 665 573 719 722 20 194 792 196 860 300 76 968 709 520 911 850 826 278 797 201 114 187 238 40 630 737 0 540 354 886 211 483 971 251 
795 883 867 460 441 832 181 694 946 515 857 657 290 68 991 463 686 800 381 705 968 10 643 392 972 95 479 120 513 148 473 283 604 569 542 606 988 537 230 112 967 352 225 195 377 678 635 155 276 82 335 801 140 342 671 996 853 733 518 421 237 113 231 854 760 989 812 505 647 241 725 296 540 0 723 15 121 984 814 16 
397 820 116 48 563 14 550 170 146 98 165 914 35 874 690 99 698 765 584 854 965 796 448 699 906 844 825 714 473 13 899 402 912 386 303 725 697 459 564 363 606 323 24 217 1000 660 998 56 950 64 451 666 210 605 489 188 871 660 868 380 806 763 561 64 559 17 369 607 582 693 494 61 354 723 0 874 803 646 951 648 
412 687 461 289 850 26 212 737 283 593 969 515 963 690 608 798 182 666 804 594 499 802 594 385 479 328 596 547 951 329 9 917 773 677 357 300 258 139 939 138 26 638 460 123 827 327 325 66 136 23 101 565 80 798 254 926 940 968 703 88 695 960 1 861 149 406 112 492 81 519 237 757 886 15 874 0 234 519 769 167 
449 933 366 974 840 414 857 873 689 227 889 573 597 811 7 924 991 72 937 507 527 590 393 244 792 770 950 196 713 931 329 715 403 519 263 605 202 689 693 763 166 257 373 558 301 166 141 778 406 217 750 135 333 2 670 242 833 820 282 815 206 495 787 792 898 52 608 276 481 262 217 533 211 121 803 234 0 130 857 462 
384 112 433 695 861 332 546 710 752 884 115 967 386 916 912 672 852 229 875 729 843 337 154 302 256 418 337 757 946 549 28 59 842 816 939 685 656 456 352 859 666 369 116 622 54 661 624 753 54 821 473 116 10 748 39 877 733 296 609 596 58 232 347 159 905 877 480 346 312 800 121 59 483 984 646 519 130 0 191 965 
214 989 718 899 898 37 667 923 793 423 675 623 201 550 171 486 416 397 564 644 144 60 26 907 763 998 249 944 653 933 782 224 893 692 878 139 923 395 948 163 935 101 721 132 909 155 698 773 908 76 669 18 745 937 449 121 603 896 755 105 299 587 583 615 731 198 22 692 922 896 582 690 971 814 951 769 857 191 0 995 
221 947 503 29 395 3 320 352 520 70 89 335 668 200 228 294 489 832 538 184 944 668 290 738 292 709 137 618 836 862 147 225 768 61 558 859 931 552 797 699 371 715 895 923 136 627 708 21 778 476 570 236 249 212 364 453 98 180 614 944 823 96 109 286 7 563 756 617 320 539 260 965 251 16 648 167 462 965 995 0 
