40
0 197 938 208 506 120 801 535 899 571 319 698 650 682 852 306 156 798 593 960 458 760 495 54 259 999 912 640 534 391 318 311 939 255 519 444 726 671 978 625 
197 0 242 649 674 243 330 526 548 838 323 140 797 132 899 643 538 510 642 449 149 527 192 819 189 130 73 59 926 151 730 903 127 323 903 800 565 233 677 113 
938 242 0 70 352 252 218 483 151 212 372 12 853 821 160 731 364 978 920 493 403 978 418 905 59 673 31 381 575 182 946 159 859 58 228 210 661 797 44 163 
208 649 70 0 9 768 174 213 940 686 944 303 15 215 795 769 192 565 673 251 589 55 983 163 237 928 322 447 337 901 8 998 50 403 512 58 170 686 622 109 
506 674 352 9 0 371 565 411 737 131 558 506 323 474 178 925 62 233 907 224 821 187 897 267 523 798 626 872 199 28 384 256 198 421 229 658 143 146 69 879 
120 243 252 768 371 0 276 978 384 598 451 914 874 512 146 781 87 318 319 984 584 841 133 561 65 331 588 800 938 137 220 518 795 714 663 215 592 939 544 328 
801 330 218 174 565 276 0 888 994 241 762 857 738 894 295 55 212 630 990 404 762 902 468 444 489 267 733 978 838 251 124 551 913 338 495 851 233 174 91 578 
535 526 483 213 411 978 888 0 766 852 434 503 745 80 909 308 710 250 711 823 151 179 267 991 797 351 968 635 953 91 537 218 780 383 420 12 556 510 589 321 
899 548 151 940 737 384 994 766 0 361 374 175 457 454 435 764 163 36 475 985 186 5 603 177 801 306 496 787 258 939 324 475 718 58 895 82 614 404 22 286 
571 838 212 686 131 598 241 852 361 0 117 396 813 573 201 247 337 363 283 163 699 820 519 654 348 319 959 844 458 568 134 133 395 851 190 289 932 803 44 306 
319 323 372 944 558 451 762 434 374 117 0 441 160 701 253 733 901 851 421 615 133 935 665 305 453 670 652 123 980 847 580 548 980 712 942 183 902 582 466 56 
698 140 12 303 506 914 857 503 175 396 441 0 625 771 496 137 823 100 221 723 951 641 689 435 575 706 739 379 375 743 501 707 941 81 254 921 792 547 455 45 
650 797 853 15 323 874 738 745 457 813 160 625 0 480 920 453 456 691 948 592 513 48 812 588 350 804 628 784 730 685 875 108 412 617 961 118 557 41 723 829 
682 132 821 215 474 512 894 80 454 573 701 771 480 0 184 621 283 581 100 203 33 555 245 980 499 109 379 662 696 80 466 676 864 547 360 90 7 123 706 967 
852 899 160 795 178 146 295 909 435 201 253 496 920 184 0 240 614 7 962 443 542 934 77 122 33 631 154 940 875 486 790 984 216 451 31 648 268 58 863 815 
306 643 731 769 925 781 55 308 764 247 733 137 453 621 240 0 770 952 173 892 9 139 132 622 145 445 416 38 379 845 160 763 475 665 54 702 502 843 685 70 
156 538 364 192 62 87 212 710 163 337 901 823 456 283 614 770 0 646 67 717 265 477 579 79 246 530 251 137 538 741 620 511 237 65 279 275 795 123 786 909 
798 510 978 565 233 318 630 250 36 363 851 100 691 581 7 952 646 0 597 450 315 298 304 509 334 373 154 753 89 419 229 667 849 826 548 452 962 437 192 934 
593 642 920 673 907 319 990 711 475 283 421 221 948 100 962 173 67 597 0 947 429 350 225 55 496 347 840 404 296 641 718 945 944 579 279 668 732 383 756 502 
960 449 493 251 224 984 404 823 985 163 615 723 592 203 443 892 717 450 947 0 611 774 703 788 321 154 749 109 697 34 56 477 383 632 531 878 331 370 634 626 
458 149 403 589 821 584 762 151 186 699 133 951 513 33 542 9 265 315 429 611 0 363 703 570 306 281 200 974 365 582 81 218 544 855 920 331 527 425 432 636 
760 527 978 55 187 841 902 179 5 820 935 641 48 555 934 139 477 298 350 774 363 0 474 465 43 950 200 674 481 77 356 202 710 981 564 413 903 222 45 454 
495 192 418 983 897 133 468 267 603 519 665 689 812 245 77 132 579 304 225 703 703 474 0 547 409 36 627 627 931 833 898 262 360 323 45 347 796 861 741 97 
54 819 905 163 267 561 444 991 177 654 305 435 588 980 122 622 79 509 55 788 570 465 547 0 60 414 577 137 770 131 198 102 46 962 356 267 359 810 813 767 
259 189 59 237 523 65 489 797 801 348 453 575 350 499 33 145 246 334 496 321 306 43 409 60 0 845 440 745 127 272 643 388 983 317 784 681 464 645 421 560 
999 130 673 928 798 331 267 351 306 319 670 706 804 109 631 445 530 373 347 154 281 950 36 414 845 0 704 187 489 192 308 971 742 409 16 703 117 283 61 926 
912 73 31 322 626 588 733 968 496 959 652 739 628 379 154 416 251 154 840 749 200 200 627 577 440 704 0 447 180 122 886 924 248 510 918 988 844 234 771 525 
640 59 381 447 872 800 978 635 787 844 123 379 784 662 940 38 137 753 404 109 974 674 627 137 745 187 447 0 49 415 297 609 471 483 449 662 790 419 403 551 
534 926 575 337 199 938 838 953 258 458 980 375 730 696 875 379 538 89 296 697 365 481 931 770 127 489 180 49 0 434 458 667 68 870 944 515 49 65 752 325 
391 151 182 901 28 137 251 91 939 568 847 743 685 80 486 845 741 419 641 34 582 77 833 131 272 192 122 415 434 0 664 613 242 651 457 828 774 333 228 540 
318 730 946 8 384 220 124 537 324 134 580 501 875 466 790 160 620 229 718 56 81 356 898 198 643 308 886 297 458 664 0 629 188 10 464 636 24 605 406 778 
311 903 159 998 256 518 551 218 475 133 548 707 108 676 984 763 511 667 945 477 218 202 262 102 388 971 924 609 667 613 629 0 155 840 235 173 259 105 116 773 
939 127 859 50 198 795 913 780 718 395 980 941 412 864 216 475 237 849 944 383 544 710 360 46 983 742 248 471 68 242 188 155 0 505 180 525 829 196 489 423 
255 323 58 403 421 714 338 383 58 851 712 81 617 547 451 665 65 826 579 632 855 981 323 962 317 409 510 483 870 651 10 840 505 0 846 945 602 619 629 829 
519 903 228 512 229 663 495 420 895 190 942 254 961 360 31 54 279 548 279 531 920 564 45 356 784 16 918 449 944 457 464 235 180 846 0 511 610 17 520 425 
444 800 210 58 658 215 851 12 82 289 183 921 118 90 648 702 275 452 668 878 331 413 347 267 681 703 988 662 515 828 636 173 525 945 511 0 4 543 29 410 
726 565 661 170 143 592 233 556 614 932 902 792 557 7 268 502 795 962 732 331 527 903 796 359 464 117 844 790 49 774 24 259 829 602 610 4 0 673 184 601 
671 233 797 686 146 939 174 510 404 803 582 547 41 123 58 843 123 437 383 370 425 222 861 810 645 283 234 419 65 333 605 105 196 619 17 543 673 0 907 356 
978 677 44 622 69 544 91 589 22 44 466 455 723 706 863 685 786 192 756 634 432 45 741 813 421 61 771 403 752 228 406 116 489 629 520 29 184 907 0 859 
625 113 163 109 879 328 578 321 286 306 56 45 829 967 815 70 909 934 502 626 636 454 97 767 560 926 525 551 325 540 778 773 423 829 425 410 601 356 859 0 
