10
0 98 828 127 270 72 652 150 911 529 
98 0 640 399 889 611 394 578 891 977 
828 640 0 200 553 932 88 778 100 658 
127 399 200 0 567 953 18 642 736 369 
270 889 553 567 0 299 185 196 777 806 
72 611 932 953 299 0 267 429 955 529 
652 394 88 18 185 267 0 309 594 279 
150 578 778 642 196 429 309 0 198 556 
911 891 100 736 777 955 594 198 0 673 
529 977 658 369 806 529 279 556 673 0 
