30
0 34 67 54 69 8 25 97 67 41 13 62 6 11 70 49 24 29 73 7 96 55 68 27 3 75 10 45 20 85 
34 0 36 19 71 55 24 39 14 48 87 80 41 52 93 98 62 62 46 37 91 70 43 38 24 62 16 27 37 25 
67 36 0 23 8 62 11 26 84 65 49 22 30 49 60 9 89 11 1 86 24 14 83 61 56 53 55 45 28 17 
54 19 23 0 60 6 5 37 29 12 50 39 90 33 55 90 54 84 38 13 44 78 76 96 15 99 9 50 11 17 
69 71 8 60 0 2 66 13 29 34 73 35 38 61 15 1 10 53 90 42 7 80 47 90 69 11 33 99 86 28 
8 55 62 6 2 0 13 37 88 62 47 56 15 64 69 96 49 93 82 86 53 96 39 14 48 28 55 6 7 1 
25 24 11 5 66 13 0 95 28 63 79 26 49 58 90 85 97 4 83 53 18 99 73 13 47 65 46 85 69 41 
97 39 26 37 13 37 95 0 23 82 88 2 88 45 61 40 39 88 2 69 13 2 78 54 86 75 57 21 79 27 
67 14 84 29 29 88 28 23 0 71 51 91 17 67 37 53 87 77 75 68 17 77 7 61 37 46 52 76 99 20 
41 48 65 12 34 62 63 82 71 0 40 1 98 93 38 24 2 58 2 28 28 4 18 97 70 54 49 56 83 76 
13 87 49 50 73 47 79 88 51 40 0 75 99 52 81 11 40 78 62 15 76 34 54 76 83 98 14 58 99 23 
62 80 22 39 35 56 26 2 91 1 75 0 59 26 3 14 96 99 35 1 99 42 83 74 68 33 25 48 44 16 
6 41 30 90 38 15 49 88 17 98 99 59 0 77 57 30 4 42 35 32 24 33 45 81 31 19 91 9 21 4 
11 52 49 33 61 64 58 45 67 93 52 26 77 0 4 71 90 4 70 31 39 43 98 71 20 97 66 35 25 23 
70 93 60 55 15 69 90 61 37 38 81 3 57 4 0 17 29 64 51 60 40 35 56 72 18 26 63 26 47 18 
49 98 9 90 1 96 85 40 53 24 11 14 30 71 17 0 81 69 60 84 90 90 74 33 40 45 4 36 10 38 
24 62 89 54 10 49 97 39 87 2 40 96 4 90 29 81 0 61 84 6 41 100 57 100 91 43 7 62 60 32 
29 62 11 84 53 93 4 88 77 58 78 99 42 4 64 69 61 0 76 37 30 46 69 99 5 53 88 94 78 72 
73 46 1 38 90 82 83 2 75 2 62 35 35 70 51 60 84 76 0 33 22 75 21 84 65 33 19 70 73 18 
7 37 86 13 42 86 53 69 68 28 15 1 32 31 60 84 6 37 33 0 78 24 8 21 30 22 32 61 97 21 
96 91 24 44 7 53 18 13 17 28 76 99 24 39 40 90 41 30 22 78 0 91 42 89 41 46 93 80 92 71 
55 70 14 78 80 96 99 2 77 4 34 42 33 43 35 90 100 46 75 24 91 0 4 76 44 30 96 27 94 80 
68 43 83 76 47 39 73 78 7 18 54 83 45 98 56 74 57 69 21 8 42 4 0 46 64 52 15 93 75 75 
27 38 61 96 90 14 13 54 61 97 76 74 81 71 72 33 100 99 84 21 89 76 46 0 65 4 96 97 17 92 
3 24 56 15 69 48 47 86 37 70 83 68 31 20 18 40 91 5 65 30 41 44 64 65 0 69 59 86 57 51 
75 62 53 99 11 28 65 75 46 54 98 33 19 97 26 45 43 53 33 22 46 30 52 4 69 0 83 2 82 74 
10 16 55 9 33 55 46 57 52 49 14 25 91 66 63 4 7 88 19 32 93 96 15 96 59 83 0 72 85 2 
45 27 45 50 99 6 85 21 76 56 58 48 9 35 26 36 62 94 70 61 80 27 93 97 86 2 72 0 15 15 
20 37 28 11 86 7 69 79 99 83 99 44 21 25 47 10 60 78 73 97 92 94 75 17 57 82 85 15 0 49 
85 25 17 17 28 1 41 27 20 76 23 16 4 23 18 38 32 72 18 21 71 80 75 92 51 74 2 15 49 0 
