10
0 15 72 30 1 60 19 39 26 89 
15 0 75 34 58 82 94 59 71 100 
72 75 0 18 40 70 64 23 95 74 
30 34 18 0 48 32 63 83 91 93 
1 58 40 48 0 92 58 16 22 58 
60 82 70 32 92 0 75 92 48 52 
19 94 64 63 58 75 0 32 22 38 
39 59 23 83 16 92 32 0 41 55 
26 71 95 91 22 48 22 41 0 31 
89 100 74 93 58 52 38 55 31 0 
