10
202 28 88 259 440 133 283 242 319 801 
28 35 980 208 134 778 537 108 985 472 
88 980 312 165 825 330 221 212 110 63 
259 208 165 757 389 445 800 67 1 22 
440 134 825 389 65 691 646 497 430 624 
133 778 330 445 691 893 765 629 153 709 
283 537 221 800 646 765 620 291 895 139 
242 108 212 67 497 629 291 969 789 244 
319 985 110 1 430 153 895 789 189 513 
801 472 63 22 624 709 139 244 513 455 
