200
212 829 823 278 896 310 389 950 446 719 448 507 201 505 308 85 860 57 155 677 207 220 639 923 404 994 829 826 323 28 225 925 567 36 659 894 612 471 742 804 365 228 971 131 338 428 379 988 780 529 122 454 404 429 220 9 808 560 145 98 736 54 444 285 622 800 218 915 412 499 541 429 364 76 592 145 632 478 337 298 462 256 157 805 270 708 74 26 999 807 888 179 233 361 969 123 291 502 661 503 122 872 740 439 598 360 588 959 650 500 812 835 517 352 540 904 958 319 8 921 449 691 637 261 995 736 794 871 733 81 1 34 756 318 907 548 358 76 494 266 599 673 642 319 647 318 516 341 499 66 972 398 463 671 22 854 640 486 227 542 273 430 115 190 519 42 381 204 241 924 364 190 721 7 155 809 931 357 87 464 740 784 807 642 953 61 131 892 857 962 900 438 762 9 747 453 233 396 129 590 
829 824 995 418 381 412 938 104 847 147 461 380 772 999 490 908 258 306 327 693 56 229 559 209 241 919 20 92 680 166 335 158 493 65 845 58 166 24 728 937 73 131 383 478 766 570 456 954 892 205 935 334 495 298 458 80 215 283 736 372 390 557 183 819 635 657 573 884 933 809 465 807 787 361 289 233 482 481 75 692 542 147 40 238 802 799 485 998 910 504 311 680 499 554 214 628 399 421 559 287 535 432 254 337 485 786 583 505 788 629 928 376 278 937 672 599 686 663 777 413 907 154 746 714 276 347 163 744 588 217 460 966 375 376 158 196 968 136 576 635 36 116 900 107 585 441 867 475 568 376 34 573 132 146 185 616 273 508 91 225 513 452 836 378 275 869 623 562 469 824 779 990 842 840 110 804 627 35 353 803 858 509 510 662 906 372 596 973 508 475 630 798 557 145 884 143 995 951 393 922 
823 995 206 218 263 967 311 956 56 614 167 862 391 869 261 692 85 161 339 981 881 330 198 801 791 558 611 639 83 983 177 158 350 454 986 563 653 268 272 537 457 322 460 773 135 686 926 842 478 940 975 11 523 482 436 33 321 25 131 10 906 316 728 97 173 716 916 771 626 913 535 333 233 369 558 977 903 338 736 702 904 475 446 761 326 959 586 767 790 52 260 324 302 870 669 932 533 751 3 96 751 185 640 129 417 58 813 77 432 290 948 116 47 381 810 606 255 975 748 825 623 855 956 663 44 862 228 404 253 37 699 606 127 734 191 547 228 83 498 454 176 27 8 635 663 722 334 681 604 107 302 584 174 948 791 814 496 433 797 485 8 500 232 109 786 858 68 999 968 177 798 694 795 401 944 6 596 713 744 97 911 536 957 604 753 538 715 705 765 5 357 818 109 203 531 65 181 412 18 473 
278 418 218 542 352 673 887 916 809 437 74 551 251 934 566 722 281 543 498 790 116 757 756 94 231 436 496 800 159 396 937 204 237 172 518 3 266 787 450 227 647 540 323 944 591 513 6 803 544 668 733 297 722 407 306 259 753 792 245 473 554 225 279 843 925 250 831 520 10 847 589 959 783 695 147 423 25 67 852 452 797 642 182 776 601 534 542 469 523 209 968 331 587 224 317 482 217 137 98 856 624 863 34 178 304 875 262 38 779 788 677 949 78 228 71 184 258 868 793 737 809 643 4 525 265 799 608 30 434 929 433 665 978 541 618 16 34 783 212 755 411 662 745 321 540 28 266 295 475 351 301 346 897 824 342 61 953 472 450 981 849 646 200 277 680 719 723 634 319 293 380 297 571 359 356 892 209 638 217 80 49 928 134 644 416 150 813 260 165 534 918 248 527 710 910 833 574 131 586 51 
896 381 263 352 718 119 88 269 267 756 943 323 738 921 812 704 825 661 111 143 947 696 926 842 135 525 857 971 380 401 76 852 525 260 636 248 595 729 755 355 739 13 88 502 978 227 160 863 196 524 309 59 469 446 754 199 727 47 449 862 542 995 760 186 90 755 937 889 721 861 431 722 12 485 894 332 309 396 992 36 552 913 456 399 820 425 232 477 500 321 143 985 620 219 89 349 30 116 219 183 305 32 624 67 924 49 779 807 606 523 50 182 976 209 997 614 218 495 812 42 722 17 927 357 511 573 964 43 601 9 186 84 960 82 969 130 848 24 15 436 24 878 281 168 958 909 933 35 822 173 190 436 573 377 300 948 201 664 236 926 281 982 96 77 139 835 800 125 745 551 805 241 10 867 85 782 321 938 911 84 330 518 589 581 896 855 795 570 473 673 604 968 386 932 296 513 306 341 535 91 
310 412 967 673 119 629 24 882 345 546 900 633 50 871 972 940 411 533 124 983 538 169 671 572 200 927 156 163 599 396 888 330 789 622 844 656 848 850 320 762 270 624 861 401 714 333 61 944 698 387 889 546 81 42 840 514 143 90 601 435 848 47 49 543 720 814 23 973 250 162 225 336 878 612 58 501 604 916 643 786 769 596 166 28 584 253 314 767 96 851 672 244 506 568 489 323 857 171 181 929 15 763 149 777 335 49 747 381 79 507 482 741 363 78 179 499 382 47 192 870 128 305 629 602 644 806 30 532 211 914 213 487 816 914 460 677 816 120 92 335 463 46 835 294 167 853 228 797 459 866 555 790 493 493 917 900 378 414 768 989 620 402 462 197 693 995 493 417 20 733 836 702 846 975 302 621 501 933 674 21 676 510 902 246 162 72 163 421 42 293 0 721 147 14 958 555 162 526 401 815 
389 938 311 887 88 24 759 154 822 277 261 284 3 887 299 544 750 709 859 918 212 35 555 642 590 244 199 130 509 482 106 976 433 291 795 841 170 705 330 845 575 76 179 108 418 307 440 278 719 727 461 916 462 780 135 388 956 379 867 687 501 889 468 675 9 803 185 31 476 280 267 85 415 878 764 273 817 654 2 33 949 561 261 151 974 64 162 193 514 709 219 672 91 344 153 721 483 276 435 743 599 923 784 936 236 209 810 741 789 538 249 554 995 206 906 252 725 786 697 10 906 368 827 104 792 650 926 307 630 963 94 182 430 112 309 50 329 468 81 577 551 225 607 322 602 487 108 826 694 6 297 645 245 447 786 852 390 753 916 764 955 389 576 450 265 254 437 525 588 13 292 77 9 840 998 985 189 72 327 36 931 532 353 16 417 2 283 250 372 589 536 877 954 530 693 964 139 911 443 237 
950 104 956 916 269 882 154 509 599 105 501 204 567 336 120 371 216 250 496 598 449 984 432 786 229 260 132 749 912 689 736 86 392 578 516 747 377 920 404 912 135 895 602 817 940 203 716 956 419 194 421 502 830 786 402 385 713 904 583 983 417 187 553 323 648 990 180 393 933 960 58 200 143 535 977 169 597 824 636 399 270 306 281 757 469 189 555 310 469 453 687 344 784 155 1 656 90 755 492 822 764 632 687 104 797 616 541 460 449 558 775 191 429 653 420 643 436 371 862 543 854 305 821 858 845 621 135 252 419 400 194 695 647 727 176 989 952 56 748 486 883 437 798 880 251 987 432 670 106 177 998 520 354 807 904 862 752 308 629 645 382 371 86 429 121 674 261 221 964 219 596 591 341 338 232 223 311 216 749 699 958 755 236 384 61 227 332 10 415 684 564 780 328 490 49 99 876 55 760 658 
446 847 56 809 267 345 822 599 310 271 520 444 258 973 460 367 987 779 328 362 514 650 26 162 962 916 135 16 348 10 259 682 89 56 870 12 327 615 996 938 350 966 481 100 320 376 483 469 500 745 280 950 333 538 600 533 298 615 695 111 87 696 959 230 756 878 132 441 93 255 89 173 857 696 197 596 499 81 587 788 771 341 635 396 906 494 811 966 100 742 727 182 403 740 288 316 98 191 35 78 530 572 467 779 204 773 222 288 285 622 763 320 225 75 440 668 413 166 766 424 73 466 157 918 870 784 556 389 260 491 638 444 854 126 312 865 205 274 865 776 368 313 605 478 628 301 815 452 993 360 537 933 231 136 420 410 457 597 179 432 838 481 544 308 300 228 448 201 891 335 262 392 403 322 391 10 453 467 569 579 106 363 215 312 897 184 871 940 681 127 611 127 230 141 305 527 687 38 805 478 
719 147 614 437 756 546 277 105 271 713 429 505 550 376 372 22 344 476 675 944 232 162 26 371 152 33 718 921 247 57 16 328 665 113 420 552 288 324 129 741 353 602 366 652 214 525 275 486 851 73 648 351 743 490 749 348 207 552 813 490 257 769 487 491 886 492 646 15 489 377 62 24 699 385 636 820 240 315 601 284 303 885 289 219 81 844 898 469 605 527 831 46 367 80 701 903 669 177 684 507 704 724 386 286 768 895 796 220 473 966 926 543 501 350 432 272 546 849 578 364 284 529 534 386 390 479 135 359 392 363 109 160 525 475 12 931 817 695 576 344 273 128 687 974 461 275 831 798 990 128 740 438 659 363 62 440 717 237 546 180 945 164 295 398 713 782 459 754 119 362 791 207 443 977 882 481 239 68 35 15 378 75 377 524 504 86 848 126 427 916 200 351 431 786 521 96 641 693 919 126 
448 461 167 74 943 900 261 501 520 429 365 193 869 759 493 213 225 351 80 986 627 895 779 185 957 459 633 879 515 56 532 852 173 344 219 544 700 41 359 173 817 936 362 142 240 461 245 879 57 849 54 447 748 852 733 707 955 421 24 323 71 726 224 164 292 305 238 365 365 139 699 982 897 182 493 905 756 68 340 960 512 90 222 965 686 872 951 999 686 758 223 702 843 471 627 134 633 42 655 963 533 51 958 778 584 489 221 944 166 589 460 945 750 531 939 280 681 464 180 570 666 171 581 174 695 267 466 110 880 671 856 766 280 898 631 823 39 938 613 359 376 520 739 786 247 282 258 871 411 603 565 790 378 682 582 612 148 262 571 811 956 33 493 614 15 452 559 396 298 10 640 312 546 1 538 875 267 103 417 190 838 437 813 53 565 78 104 33 287 617 704 317 773 576 154 948 518 205 867 655 
507 380 862 551 323 633 284 204 444 505 193 401 124 247 740 988 497 661 385 980 555 364 397 174 791 439 414 498 222 606 657 996 314 250 844 73 285 165 528 142 489 991 731 824 370 526 194 3 649 970 842 93 533 760 33 371 693 378 117 756 457 344 990 49 325 288 309 218 43 858 203 335 420 849 208 62 895 320 906 918 153 635 561 129 246 751 400 540 694 21 162 95 554 179 217 832 428 571 327 421 62 657 709 735 41 694 659 248 944 381 92 19 696 394 163 893 884 516 11 254 120 96 542 261 619 272 845 780 288 290 433 192 892 139 981 290 586 565 165 975 409 698 590 730 390 946 238 760 451 605 603 816 634 990 288 416 455 623 524 140 256 52 817 291 809 194 673 305 479 639 873 894 66 729 473 272 645 265 73 832 970 298 25 907 646 181 406 897 527 184 558 785 910 241 538 896 383 265 722 701 
201 772 391 251 738 50 3 567 258 550 869 124 698 673 553 110 41 524 258 790 440 333 546 630 153 359 906 432 285 218 166 183 185 443 304 762 35 374 995 492 606 584 538 321 587 492 314 878 410 506 494 286 407 893 914 403 859 935 507 71 572 126 659 104 708 769 890 50 396 898 226 756 951 975 74 743 199 577 435 288 80 866 584 166 83 122 433 481 477 623 364 810 939 881 111 31 398 894 782 154 686 323 442 360 239 121 563 86 94 366 827 678 541 42 862 219 20 955 902 490 101 809 705 787 596 475 987 207 630 172 748 82 812 266 592 870 162 358 589 769 769 368 711 995 396 588 806 332 230 953 488 649 90 600 186 440 393 769 241 251 568 904 113 593 68 622 390 297 769 205 411 452 835 704 12 120 267 352 962 899 582 346 544 142 786 844 326 741 905 122 623 764 568 189 570 801 654 432 538 718 
505 999 869 934 921 871 887 336 973 376 759 247 673 634 27 849 758 98 692 492 74 758 880 494 3 553 211 123 414 426 232 917 13 133 858 802 707 650 162 70 54 188 707 469 959 248 563 243 472 76 400 568 823 224 161 651 865 206 396 219 43 771 447 793 442 899 124 814 287 34 961 143 12 660 560 71 566 564 508 620 888 84 232 151 194 654 302 213 23 723 82 741 587 50 744 105 931 967 379 471 284 479 845 776 331 700 769 815 482 947 145 301 448 742 940 123 840 950 13 184 174 643 546 675 218 980 152 826 730 48 717 730 924 142 237 80 937 709 213 985 33 943 635 232 111 198 147 49 252 588 766 42 351 39 995 724 820 163 682 252 314 799 484 497 881 180 731 945 111 285 705 921 378 911 563 437 905 46 573 655 813 479 149 824 756 10 428 965 263 788 12 505 583 301 563 656 422 99 593 725 
308 490 261 566 812 972 299 120 460 372 493 740 553 27 428 146 54 621 776 980 614 21 283 590 726 483 299 636 93 304 558 735 577 980 415 767 423 80 762 883 983 564 769 740 32 193 762 154 354 39 480 574 670 645 815 750 998 516 145 99 277 605 596 856 542 300 360 678 43 573 462 882 962 826 391 559 764 957 463 528 502 963 303 948 34 916 886 286 671 101 293 822 115 623 208 166 560 131 73 239 285 94 931 7 721 609 372 862 872 185 452 174 251 200 373 932 609 553 201 887 966 37 580 451 317 419 311 433 705 407 52 134 214 116 949 312 119 261 831 223 966 850 201 590 859 936 148 122 927 868 841 946 843 118 301 164 332 26 205 721 651 458 171 700 391 476 597 901 811 942 772 561 702 98 146 106 166 190 708 84 932 793 468 850 937 798 765 678 547 518 130 846 716 845 843 476 17 391 568 673 
85 908 692 722 704 940 544 371 367 22 213 988 110 849 146 492 731 838 7 46 333 927 37 181 356 28 720 748 580 12 685 388 909 439 692 849 90 835 385 269 151 67 602 191 449 728 356 347 578 228 471 982 418 487 240 25 556 450 886 327 133 335 820 927 340 56 928 514 360 498 950 49 192 681 158 822 134 859 589 756 690 696 184 308 5 343 387 780 750 386 976 223 487 54 260 700 153 312 569 180 178 593 23 219 736 467 271 884 745 183 614 493 99 188 821 421 108 768 223 676 40 224 35 988 913 365 999 683 578 351 488 729 882 420 349 927 199 577 623 690 393 971 913 336 216 713 198 283 745 298 887 7 894 623 946 137 909 536 999 583 189 561 498 783 983 906 938 40 286 942 416 75 725 74 875 343 117 36 547 320 724 326 69 643 747 119 244 76 545 138 688 911 455 798 626 561 126 450 726 482 
860 258 85 281 825 411 750 216 987 344 225 497 41 758 54 731 52 489 120 240 860 494 175 292 81 119 906 36 174 903 974 394 481 215 810 30 993 602 229 77 985 411 957 470 466 419 833 924 641 182 149 354 354 101 374 275 34 165 43 251 991 650 279 16 376 384 637 602 175 978 719 856 358 663 160 839 985 663 248 161 672 855 948 2 506 491 608 929 339 164 60 764 978 841 907 337 388 867 358 420 569 91 379 835 461 922 550 346 996 237 536 624 569 103 539 676 174 129 571 728 298 430 370 887 822 947 384 892 806 832 282 827 938 155 12 355 863 482 807 786 825 362 441 410 745 380 325 589 504 810 768 782 127 287 825 618 931 864 207 649 35 559 16 365 605 355 284 628 389 442 393 789 33 730 788 524 624 795 257 956 481 122 921 444 872 679 402 612 376 611 215 498 814 391 268 314 94 427 314 858 
57 306 161 543 661 533 709 250 779 476 351 661 524 98 621 838 489 715 42 262 755 7 792 516 997 184 846 43 870 580 886 846 893 352 429 725 918 544 963 165 962 595 103 986 941 500 936 653 606 439 477 757 410 542 517 308 381 336 536 124 48 496 447 469 790 729 347 784 279 724 47 875 247 940 49 587 242 485 410 185 363 0 216 83 203 261 280 885 961 86 889 101 727 20 290 657 92 790 146 645 557 986 416 934 254 581 154 496 455 289 915 144 913 513 709 101 545 6 643 272 700 567 895 83 539 870 734 323 297 997 384 498 212 432 66 168 117 265 23 409 850 815 834 183 906 751 249 483 495 715 676 110 184 504 864 644 871 520 591 531 721 686 905 678 407 669 914 631 572 624 684 669 198 372 884 356 695 909 422 306 113 471 6 659 10 878 575 250 333 286 718 722 424 700 239 189 907 758 386 18 
155 327 339 498 111 124 859 496 328 675 80 385 258 692 776 7 120 42 913 921 536 419 283 736 595 183 7 837 367 479 805 289 4 236 628 928 485 33 762 94 374 343 229 494 631 848 0 110 570 985 37 930 617 865 79 98 787 715 500 26 111 1 15 889 122 300 471 633 693 363 932 901 384 711 139 86 172 211 113 629 987 327 488 510 831 849 404 318 153 72 302 913 38 647 164 507 804 136 758 737 548 463 988 570 618 522 973 788 167 83 108 46 948 540 704 484 713 63 93 752 464 788 850 999 584 289 642 501 439 246 712 408 917 564 468 731 188 240 885 628 76 892 489 119 287 869 253 942 851 677 844 729 619 569 160 689 843 178 413 301 89 155 337 52 651 827 62 463 786 502 206 106 711 27 963 539 557 923 284 858 311 863 97 236 690 779 176 446 115 559 656 43 755 35 456 27 667 773 114 353 
677 693 981 790 143 983 918 598 362 944 986 980 790 492 980 46 240 262 921 469 234 887 921 80 913 336 117 252 474 523 734 883 912 258 371 927 499 899 616 707 302 54 711 129 703 387 702 435 830 283 335 367 220 792 595 92 429 961 676 390 763 28 129 717 871 104 500 437 302 595 448 518 332 970 308 487 395 674 77 191 266 201 928 999 448 953 851 832 278 107 61 486 129 334 583 314 953 935 106 23 927 389 898 651 281 642 489 432 680 914 260 831 606 795 35 444 368 777 192 160 674 667 462 99 769 476 158 412 685 717 893 372 31 618 452 624 266 797 126 223 801 484 520 179 544 128 302 878 966 270 7 344 161 347 363 306 641 515 143 351 562 124 508 337 606 666 634 951 214 176 275 485 228 205 334 553 136 435 590 261 740 28 622 202 185 253 516 466 937 976 148 237 5 148 668 674 176 583 634 61 
207 56 881 116 947 538 212 449 514 232 627 555 440 74 614 333 860 755 536 234 90 379 50 671 111 55 720 204 785 656 887 871 627 132 688 541 4 713 674 362 775 104 954 178 865 779 669 70 410 347 226 246 180 122 520 692 697 274 34 374 483 811 851 937 107 465 122 355 275 280 974 919 373 191 355 517 520 156 391 544 397 315 988 655 307 848 166 891 911 120 276 157 986 494 240 493 920 819 306 456 735 792 848 982 590 624 214 224 500 134 936 811 851 377 591 17 572 820 477 460 568 660 362 266 124 909 179 946 915 17 144 28 927 977 697 333 420 209 524 892 181 972 446 55 791 121 181 228 315 309 383 457 470 826 793 855 679 726 270 80 17 691 612 400 397 516 320 247 325 796 157 929 417 136 288 288 253 417 709 590 591 634 56 477 309 454 77 373 818 523 79 606 5 981 528 902 894 427 720 173 
220 229 330 757 696 169 35 984 650 162 895 364 333 758 21 927 494 7 419 887 379 95 271 467 577 633 346 414 735 855 893 487 876 605 624 62 861 683 758 219 249 723 702 385 286 532 397 106 412 601 145 387 88 849 502 846 783 120 43 345 660 111 805 487 652 705 508 417 677 185 352 792 418 618 213 824 917 130 539 113 175 344 133 8 385 704 787 823 229 616 881 334 596 423 233 564 506 534 419 501 224 649 151 122 373 114 431 805 339 577 963 500 849 163 663 750 526 579 822 681 109 437 495 74 409 242 776 231 945 899 916 252 875 68 562 914 428 843 954 510 657 875 813 724 667 43 228 732 56 589 349 497 627 377 182 649 143 873 408 577 457 14 337 473 825 48 746 573 61 571 969 174 984 974 812 640 647 138 23 796 480 734 221 122 872 582 28 27 40 966 176 162 140 865 266 722 650 568 134 394 
639 559 198 756 926 671 555 432 26 26 779 397 546 880 283 37 175 792 283 921 50 271 733 951 236 685 810 515 425 509 693 494 219 943 285 341 258 799 892 185 985 299 365 680 36 532 470 849 573 793 23 42 583 843 964 521 532 235 959 950 112 979 174 678 154 130 27 154 56 678 145 347 871 263 778 570 896 51 692 993 164 556 140 968 154 9 362 628 991 846 490 290 106 945 578 142 283 199 409 703 985 901 956 386 733 543 808 648 717 184 114 209 93 911 462 940 553 94 839 740 67 272 734 172 403 128 230 40 679 776 631 678 594 769 280 877 569 517 246 25 123 353 996 104 548 731 28 969 480 508 863 142 659 615 949 850 603 354 13 597 344 590 606 334 616 568 597 805 352 859 987 859 239 877 522 257 325 516 500 670 175 318 572 311 397 683 473 22 186 223 306 758 188 663 908 659 976 723 729 984 
923 209 801 94 842 572 642 786 162 371 185 174 630 494 590 181 292 516 736 80 671 467 951 522 247 541 278 864 180 277 611 882 504 134 703 227 5 487 357 281 582 990 345 260 708 574 873 601 177 581 837 868 447 786 688 184 97 169 762 713 380 479 582 614 598 942 594 279 678 804 810 39 423 90 246 157 381 870 185 773 552 93 657 297 690 926 445 302 433 555 794 420 249 823 176 67 601 216 515 313 263 469 694 547 21 798 234 969 656 779 501 224 892 47 936 608 894 928 237 128 923 990 508 131 268 777 154 748 303 61 632 549 582 746 652 90 333 316 157 441 518 789 913 244 405 116 260 26 75 988 751 195 850 986 4 229 173 785 845 713 771 239 194 377 930 29 860 444 576 86 129 607 622 301 554 454 771 49 279 227 831 370 811 226 256 38 367 363 972 897 418 306 16 99 120 643 932 965 202 330 
404 241 791 231 135 200 590 229 962 152 957 791 153 3 726 356 81 997 595 913 111 577 236 247 973 377 999 636 812 831 513 883 51 60 578 870 937 619 303 998 563 867 936 547 500 143 472 677 127 817 178 889 905 172 973 741 184 135 631 680 100 911 315 496 41 20 723 167 86 421 717 846 351 660 248 904 729 241 182 860 985 869 550 316 414 481 719 24 465 417 323 895 118 937 463 971 255 401 263 170 778 619 149 185 558 362 461 298 156 49 208 958 853 611 486 128 37 386 186 480 360 594 891 502 113 735 233 992 794 130 959 690 573 927 633 554 464 118 24 393 863 520 836 947 262 184 819 313 820 653 775 364 703 960 547 1 52 32 91 94 855 320 243 814 391 478 218 287 799 698 860 600 984 594 16 141 698 166 962 278 161 84 821 507 234 302 7 174 588 273 429 478 667 860 873 949 939 20 303 713 
994 919 558 436 525 927 244 260 916 33 459 439 359 553 483 28 119 184 183 336 55 633 685 541 377 503 501 639 481 651 603 239 878 892 951 207 137 729 932 752 428 490 30 60 393 149 796 164 693 467 46 773 812 960 810 806 696 46 426 248 793 338 883 250 439 138 448 154 291 394 84 7 330 103 545 484 357 534 413 713 618 841 987 232 995 464 819 916 850 494 998 546 271 842 515 563 505 81 123 428 627 147 638 16 480 974 837 373 640 400 471 618 208 309 105 85 227 477 743 742 220 683 655 416 804 809 48 665 805 41 76 821 704 174 7 121 905 570 139 978 521 681 295 598 931 211 350 798 268 961 831 782 560 280 272 513 966 66 521 312 24 301 394 961 709 653 556 438 104 161 846 165 885 172 915 51 641 429 94 297 238 451 647 885 45 825 319 793 842 613 258 940 549 103 573 303 205 175 144 624 
829 20 611 496 857 156 199 132 135 718 633 414 906 211 299 720 906 846 7 117 720 346 810 278 999 501 199 49 511 835 574 143 117 57 345 863 372 762 963 782 236 490 224 169 457 162 412 762 843 458 926 284 350 157 828 370 535 389 836 644 361 191 716 689 331 800 955 901 698 129 945 292 737 103 792 309 400 257 212 142 181 629 955 969 640 46 34 986 457 421 135 456 787 77 511 319 574 522 705 423 70 790 131 160 511 337 862 57 935 9 370 888 483 492 266 206 8 470 837 614 671 78 588 480 474 733 234 562 254 877 660 353 589 451 208 554 626 125 197 838 811 123 639 95 41 924 680 77 194 265 671 612 702 54 893 316 338 232 272 678 103 10 386 263 543 973 295 46 731 575 765 947 747 689 948 763 227 445 374 530 996 32 791 21 540 112 328 540 867 55 460 525 776 498 336 91 734 879 37 738 
826 92 639 800 971 163 130 749 16 921 879 498 432 123 636 748 36 43 837 252 204 414 515 864 636 639 49 853 856 111 376 420 51 338 278 93 442 901 777 277 701 410 779 302 470 293 627 6 859 789 482 762 446 966 997 806 197 493 359 663 247 269 271 237 199 61 607 384 603 295 607 25 305 125 601 66 561 343 189 801 157 420 324 447 835 454 229 950 664 462 47 758 77 335 199 668 544 165 541 523 39 626 789 547 595 722 596 356 441 5 294 195 396 299 800 308 739 118 229 477 369 619 485 698 624 916 531 357 125 124 604 795 585 644 640 547 122 320 9 718 60 786 747 503 829 699 741 251 142 482 477 962 664 483 1 627 32 108 309 191 614 231 968 762 247 863 626 936 532 423 419 991 884 401 39 377 949 77 951 93 340 51 997 774 555 902 251 616 855 982 372 49 828 115 854 512 534 341 63 738 
323 680 83 159 380 599 509 912 348 247 515 222 285 414 93 580 174 870 367 474 785 735 425 180 812 481 511 856 168 876 969 582 831 184 690 9 932 228 963 676 937 704 160 456 356 946 61 835 814 481 306 108 453 434 573 772 637 256 83 821 175 422 432 556 870 394 154 642 946 315 929 934 662 269 735 317 302 416 958 107 43 453 643 267 914 502 723 487 313 746 855 405 63 826 950 44 657 430 692 573 824 501 99 980 616 395 247 751 349 960 930 570 267 420 712 821 309 20 454 458 232 572 662 249 710 548 186 584 866 613 705 185 525 169 552 204 329 673 649 239 721 160 309 296 202 657 19 105 333 374 56 923 620 853 172 740 436 8 28 908 810 836 846 711 233 938 705 667 114 402 291 605 533 5 121 651 446 470 211 789 334 418 235 102 552 660 853 411 775 128 370 642 413 565 740 62 465 583 882 765 
28 166 983 396 401 396 482 689 10 57 56 606 218 426 304 12 903 580 479 523 656 855 509 277 831 651 835 111 876 60 902 67 264 935 339 334 190 418 151 592 422 780 443 165 614 689 777 109 793 580 329 472 511 875 856 55 451 43 172 536 364 531 769 194 613 563 476 421 837 133 257 760 479 224 735 213 290 972 24 388 312 540 903 803 276 341 628 818 25 443 947 552 677 536 671 797 512 392 909 61 287 87 573 46 502 728 309 33 155 357 915 118 485 783 287 155 657 877 291 280 97 226 925 391 301 86 589 658 119 822 550 606 911 701 293 627 550 5 590 793 429 203 446 28 506 993 540 895 387 214 470 636 914 711 709 735 32 795 863 848 85 430 669 916 815 643 416 100 625 49 677 589 965 812 818 908 790 678 113 444 158 857 944 152 186 770 147 583 165 243 723 279 508 78 970 866 444 819 155 868 
225 335 177 937 76 888 106 736 259 16 532 657 166 232 558 685 974 886 805 734 887 893 693 611 513 603 574 376 969 902 226 994 281 26 280 174 186 885 463 694 941 941 24 202 959 964 621 774 588 516 139 80 741 713 646 796 118 532 943 134 848 36 579 16 479 299 896 682 881 280 63 15 905 749 659 866 294 395 2 190 243 895 881 865 409 850 198 976 490 777 59 489 934 515 11 678 617 252 566 669 577 347 755 222 620 609 287 717 700 561 66 650 942 479 384 618 667 657 714 558 33 978 736 772 926 593 585 651 159 335 812 75 571 388 641 501 142 969 920 381 506 291 191 494 817 725 451 154 965 886 697 220 686 172 694 570 480 740 255 842 217 650 445 993 558 694 854 756 310 519 692 688 785 918 622 143 618 46 834 205 723 119 950 5 374 355 768 912 428 599 755 112 941 468 513 248 500 647 728 23 
925 158 158 204 852 330 976 86 682 328 852 996 183 917 735 388 394 846 289 883 871 487 494 882 883 239 143 420 582 67 994 507 750 220 349 255 896 51 706 480 655 933 484 940 694 726 792 823 946 10 428 914 209 864 145 134 445 168 228 920 263 828 228 842 492 194 373 557 358 166 470 363 26 697 679 814 286 894 647 405 857 710 800 73 184 562 797 866 664 553 96 585 297 539 920 519 948 285 705 428 946 726 839 771 214 107 835 63 352 461 94 405 136 125 604 725 619 339 814 380 34 615 652 862 705 636 332 807 952 694 706 571 633 839 460 104 687 101 144 857 320 833 303 615 849 975 536 446 833 792 28 673 84 524 546 594 428 846 607 803 83 266 961 254 105 332 438 871 707 327 655 795 606 12 629 812 730 179 298 605 74 202 42 96 857 73 336 303 984 90 271 80 176 926 839 868 50 331 364 707 
567 493 350 237 525 789 433 392 89 665 173 314 185 13 577 909 481 893 4 912 627 876 219 504 51 878 117 51 831 264 281 750 758 0 184 745 709 794 231 529 495 912 827 643 380 611 233 63 37 785 264 807 358 173 666 135 666 678 908 909 106 88 952 14 601 220 402 657 770 942 722 568 266 585 377 446 772 805 451 81 854 39 944 42 78 141 114 816 287 299 258 584 528 90 237 425 911 813 821 348 175 519 179 383 339 514 244 890 943 986 195 494 763 72 311 106 695 541 68 693 5 380 671 105 578 433 104 754 59 391 11 924 286 77 451 175 870 493 166 428 818 319 699 135 443 787 759 370 955 942 504 561 398 858 246 351 657 304 954 73 951 234 505 294 90 865 39 662 94 873 808 579 808 652 280 712 417 713 818 599 369 718 455 166 92 494 96 556 673 70 354 429 417 575 206 9 791 122 900 790 
36 65 454 172 260 622 291 578 56 113 344 250 443 133 980 439 215 352 236 258 132 605 943 134 60 892 57 338 184 935 26 220 0 480 266 89 839 505 735 583 750 616 836 975 94 650 899 616 66 808 466 91 264 547 82 182 791 557 427 496 754 704 660 465 652 368 813 805 860 545 599 700 491 470 218 195 549 85 738 244 147 722 327 978 736 161 784 744 280 829 671 813 236 385 32 962 150 355 569 766 680 532 395 352 389 667 452 794 132 203 366 766 989 861 194 224 275 632 462 736 8 834 44 436 970 808 814 408 765 724 511 33 698 475 184 48 370 52 770 188 682 670 199 481 832 799 785 835 922 994 999 156 860 121 486 384 977 173 52 679 577 150 678 103 344 552 274 756 631 49 842 734 933 672 918 501 214 760 931 654 987 655 907 962 480 245 835 969 193 604 112 930 402 671 396 665 681 59 747 849 
659 845 986 518 636 844 795 516 870 420 219 844 304 858 415 692 810 429 628 371 688 624 285 703 578 951 345 278 690 339 280 349 184 266 867 258 162 191 156 708 302 473 807 884 637 592 798 978 491 31 161 211 283 623 452 393 198 960 825 393 817 53 508 685 417 796 556 429 721 13 412 322 162 745 179 589 311 313 499 857 655 352 334 201 785 97 692 335 540 115 416 268 236 763 589 1 517 774 803 636 570 589 226 949 518 334 449 101 131 601 771 707 214 353 27 910 877 559 608 117 195 610 656 388 322 435 940 189 386 623 492 236 611 380 430 121 722 885 708 613 731 495 400 289 741 356 154 93 660 143 682 371 981 701 888 655 381 318 57 784 284 265 162 883 785 51 162 857 26 620 388 445 178 371 985 705 939 817 515 685 123 482 528 740 273 223 502 564 501 976 541 680 703 637 750 53 624 462 302 110 
894 58 563 3 248 656 841 747 12 552 544 73 762 802 767 849 30 725 928 927 541 62 341 227 870 207 863 93 9 334 174 255 745 89 258 993 656 523 986 884 586 277 915 145 710 838 745 278 233 661 925 218 827 972 420 686 745 725 709 123 0 435 712 552 691 328 339 547 843 155 506 642 631 423 271 778 82 202 443 469 759 952 400 441 251 918 698 645 787 972 753 922 148 662 679 774 942 929 40 531 832 551 156 802 263 916 23 49 901 509 597 28 91 634 660 721 914 388 232 735 79 749 950 462 89 6 68 150 660 401 197 361 247 512 420 306 718 869 533 216 842 550 980 304 753 696 44 757 130 115 694 350 324 587 546 651 211 320 542 0 232 568 953 372 582 700 191 139 191 777 614 172 818 871 366 847 739 651 730 683 51 236 44 747 988 350 891 126 499 743 310 397 155 859 502 522 97 464 435 233 
612 166 653 266 595 848 170 377 327 288 700 285 35 707 423 90 993 918 485 499 4 861 258 5 937 137 372 442 932 190 186 896 709 839 162 656 40 356 55 345 20 592 697 728 808 983 961 912 117 195 355 990 345 941 922 48 286 0 28 931 603 751 709 9 724 182 188 778 110 59 176 36 369 82 628 696 153 354 381 31 269 319 846 6 672 414 450 863 728 681 343 410 94 953 521 285 7 526 103 695 696 295 544 129 724 68 200 528 564 710 848 508 352 291 374 724 657 679 655 958 136 491 674 38 966 614 844 292 328 638 76 873 514 741 996 77 538 524 863 523 497 716 386 775 0 652 365 984 381 212 907 947 353 966 403 637 355 940 172 668 549 904 492 652 390 899 768 525 3 782 678 788 779 647 220 122 67 693 957 675 663 518 161 208 642 317 350 390 236 250 465 3 902 685 706 572 843 938 500 16 
471 24 268 787 729 850 705 920 615 324 41 165 374 650 80 835 602 544 33 899 713 683 799 487 619 729 762 901 228 418 885 51 794 505 191 523 356 896 838 905 877 550 986 344 55 899 591 608 562 758 974 127 97 404 587 781 507 691 692 432 670 942 976 713 779 952 741 461 197 294 31 760 577 975 943 862 480 968 853 242 604 266 948 352 111 513 206 880 54 176 635 941 328 460 743 74 0 50 238 732 522 512 362 237 106 895 259 842 920 491 372 261 210 912 285 514 602 345 657 479 453 978 836 844 114 438 219 496 17 938 586 770 42 492 92 523 51 353 141 542 634 72 8 611 343 843 262 919 354 149 331 16 226 148 26 860 772 71 325 900 239 654 90 333 50 306 599 734 966 985 680 522 187 563 984 42 128 889 842 73 407 366 881 756 690 577 137 814 873 918 429 909 9 519 443 18 764 725 97 347 
742 728 272 450 755 320 330 404 996 129 359 528 995 162 762 385 229 963 762 616 674 758 892 357 303 932 963 777 963 151 463 706 231 735 156 986 55 838 743 797 73 173 869 963 651 41 813 234 652 207 699 720 9 758 822 424 810 981 292 107 418 975 617 875 340 318 520 292 777 115 564 843 774 958 601 947 31 378 79 868 29 610 33 551 720 460 605 308 609 777 440 618 285 817 680 782 384 37 884 706 596 183 195 906 413 884 916 509 350 67 372 572 872 287 432 716 350 759 95 630 933 54 124 672 286 627 556 402 432 801 744 56 246 239 948 647 23 925 281 703 77 339 130 536 356 35 477 428 588 645 692 870 678 394 450 514 315 628 523 997 614 940 40 153 703 727 452 361 155 348 210 115 159 210 950 70 402 220 831 734 361 991 632 131 49 577 575 488 914 780 874 177 483 702 552 622 325 519 547 891 
804 937 537 227 355 762 845 912 938 741 173 142 492 70 883 269 77 165 94 707 362 219 185 281 998 752 782 277 676 592 694 480 529 583 708 884 345 905 797 635 722 558 179 828 128 711 796 733 969 292 988 940 30 479 874 581 585 615 75 394 42 447 20 591 480 413 320 219 204 314 265 561 578 778 177 293 5 435 321 819 40 12 481 754 578 260 613 829 181 775 70 944 849 46 161 953 457 69 138 125 226 867 363 909 929 842 422 816 201 684 611 180 577 366 166 744 70 845 773 734 561 957 183 308 837 750 752 33 589 481 714 317 369 867 661 295 743 798 80 651 865 381 343 605 980 954 180 789 726 573 796 880 584 454 175 47 165 537 703 452 387 737 36 961 690 127 216 726 894 469 292 180 182 322 964 132 873 513 526 607 121 233 728 872 539 854 573 683 917 377 76 482 484 179 11 99 531 328 305 494 
365 73 457 647 739 270 575 135 350 353 817 489 606 54 983 151 985 962 374 302 775 249 985 582 563 428 236 701 937 422 941 655 495 750 302 586 20 877 73 722 230 504 353 349 622 776 866 95 766 832 623 831 841 246 688 130 714 243 857 274 927 64 816 204 665 444 739 828 38 23 93 136 628 361 932 34 721 635 455 526 260 151 237 571 544 357 104 701 11 55 818 987 47 892 444 977 22 579 275 591 226 588 749 875 226 791 55 414 745 457 298 156 711 614 69 786 500 547 588 843 737 507 370 230 505 917 354 207 761 653 48 930 919 319 104 454 220 400 717 886 907 552 695 585 805 470 93 70 345 629 424 806 237 511 440 652 841 660 224 433 185 170 738 83 115 440 58 489 86 347 471 729 631 893 866 524 719 309 878 441 137 793 610 632 546 15 338 292 300 186 629 260 440 305 317 114 757 770 16 474 
228 131 322 540 13 624 76 895 966 602 936 991 584 188 564 67 411 595 343 54 104 723 299 990 867 490 490 410 704 780 941 933 912 616 473 277 592 550 173 558 504 461 231 457 243 854 58 466 710 409 753 519 757 962 907 131 117 403 316 430 489 701 193 392 984 975 758 657 494 254 263 177 24 141 446 204 787 447 771 180 894 52 256 516 758 332 556 307 295 536 15 320 128 288 307 916 18 79 892 669 481 586 153 37 997 373 138 805 868 9 832 869 622 171 724 996 384 576 627 552 951 578 705 198 982 246 374 513 312 824 600 823 527 490 579 471 62 215 894 414 454 859 870 674 955 317 87 299 0 600 258 12 409 428 385 478 815 242 94 160 570 973 533 767 70 179 11 109 806 358 850 428 58 211 488 297 669 323 249 924 199 780 445 536 967 8 32 873 553 397 930 847 609 278 706 570 843 76 767 546 
971 383 460 323 88 861 179 602 481 366 362 731 538 707 769 602 957 103 229 711 954 702 365 345 936 30 224 779 160 443 24 484 827 836 807 915 697 986 869 179 353 231 262 4 851 238 991 736 970 263 830 385 915 240 259 952 278 345 192 502 851 143 10 640 157 53 981 790 247 524 468 897 998 627 386 355 252 107 227 737 545 647 395 235 824 12 366 722 227 796 232 391 404 577 730 786 238 640 818 898 288 877 424 996 970 888 82 416 145 417 55 199 625 112 329 637 306 713 784 988 33 405 725 569 456 22 597 813 877 123 499 861 613 358 642 585 681 715 597 626 626 79 933 336 723 900 419 549 529 530 399 49 571 796 816 815 972 160 579 592 643 789 205 604 851 674 242 383 726 108 165 427 600 403 437 756 518 778 951 791 91 532 753 779 185 35 331 932 797 913 634 268 394 772 902 347 266 593 28 195 
131 478 773 944 502 401 108 817 100 652 142 824 321 469 740 191 470 986 494 129 178 385 680 260 547 60 169 302 456 165 202 940 643 975 884 145 728 344 963 828 349 457 4 22 209 269 533 325 176 690 469 117 248 139 602 885 573 530 365 345 500 190 475 660 725 213 629 878 787 921 320 244 580 688 6 777 272 212 890 815 340 17 821 90 627 831 890 182 488 678 182 149 987 773 908 361 420 473 409 745 913 911 543 235 466 912 971 500 839 824 125 834 604 657 931 5 873 502 842 685 838 669 75 370 453 392 693 414 744 826 148 365 731 585 48 324 382 758 659 655 676 273 758 580 201 58 251 402 927 583 264 455 680 463 627 93 235 781 465 684 105 427 851 676 184 62 801 786 855 904 234 181 466 949 230 996 338 661 192 340 719 139 154 774 684 860 664 33 557 308 604 376 9 494 239 916 763 202 906 544 
338 766 135 591 978 714 418 940 320 214 240 370 587 959 32 449 466 941 631 703 865 286 36 708 500 393 457 470 356 614 959 694 380 94 637 710 808 55 651 128 622 243 851 209 555 102 621 709 534 485 505 87 933 538 68 782 983 961 64 1 533 825 992 185 426 227 234 823 782 640 224 672 36 153 6 627 353 11 631 152 134 489 840 667 953 338 210 520 671 611 98 413 715 690 403 21 301 398 271 492 765 418 350 813 680 426 907 973 702 308 977 170 70 913 664 471 224 526 640 736 477 221 604 226 200 578 526 691 394 872 669 553 803 984 169 551 352 925 460 399 487 154 857 906 66 867 587 700 604 189 24 406 112 467 732 203 636 757 776 412 237 125 369 264 304 359 94 54 917 995 555 349 788 474 51 734 926 721 822 579 364 259 595 712 75 18 460 838 168 538 943 352 192 579 621 578 266 176 360 623 
428 570 686 513 227 333 307 203 376 525 461 526 492 248 193 728 419 500 848 387 779 532 532 574 143 149 162 293 946 689 964 726 611 650 592 838 983 899 41 711 776 854 238 269 102 431 753 243 325 654 311 959 585 885 74 55 276 213 338 602 480 749 606 849 52 353 342 468 291 450 282 131 312 805 777 266 16 416 691 617 47 962 698 183 210 928 604 8 898 249 525 214 519 201 939 952 798 123 891 489 925 971 355 3 691 850 806 279 18 602 507 374 876 312 55 570 916 266 985 876 352 442 657 373 126 794 260 598 582 530 551 996 828 475 591 250 152 977 780 201 592 930 135 926 582 188 567 23 456 750 593 995 414 915 117 980 305 538 784 314 294 247 376 304 242 150 839 285 889 50 290 340 303 502 935 862 685 968 660 876 375 677 222 629 474 185 97 610 344 431 764 466 110 617 745 823 283 336 948 220 
379 456 926 6 160 61 440 716 483 275 245 194 314 563 762 356 833 936 0 702 669 397 470 873 472 796 412 627 61 777 621 792 233 899 798 745 961 591 813 796 866 58 991 533 621 753 241 673 754 270 292 452 18 978 194 262 482 981 251 24 985 877 647 939 66 621 909 744 499 771 622 646 124 721 164 951 406 71 480 571 382 65 358 398 632 175 277 962 591 417 510 724 474 179 168 61 573 137 978 277 91 856 919 454 554 732 594 736 936 359 91 327 703 845 753 779 981 622 418 362 878 893 462 358 366 109 44 97 322 529 636 94 965 357 397 604 934 688 634 346 421 596 24 269 417 123 801 685 24 881 152 814 926 86 925 230 496 669 816 619 294 340 702 812 519 969 739 178 493 846 3 256 543 24 105 339 455 698 739 12 796 817 224 769 431 331 260 461 455 798 645 287 464 292 865 829 889 4 632 26 
988 954 842 803 863 944 278 956 469 486 879 3 878 243 154 347 924 653 110 435 70 106 849 601 677 164 762 6 835 109 774 823 63 616 978 278 912 608 234 733 95 466 736 325 709 243 673 634 527 19 6 442 639 639 794 57 17 478 460 252 876 475 624 201 154 611 223 426 309 618 295 528 746 816 518 818 690 674 880 313 806 696 788 22 459 829 818 801 10 775 510 529 694 883 663 710 690 265 982 912 334 861 730 649 141 700 809 319 699 546 514 794 992 16 203 148 750 655 564 817 775 3 326 113 375 525 262 583 552 705 951 732 741 139 533 258 567 759 619 537 664 868 650 316 163 247 912 290 460 351 144 541 591 107 909 173 919 973 983 61 272 684 738 981 909 66 731 34 659 437 300 490 173 205 191 258 902 517 80 888 198 733 868 509 947 49 862 803 896 149 510 850 359 970 890 892 712 603 674 834 
780 892 478 544 196 698 719 419 500 851 57 649 410 472 354 578 641 606 570 830 410 412 573 177 127 693 843 859 814 793 588 946 37 66 491 233 117 562 652 969 766 710 970 176 534 325 754 527 931 445 140 717 348 779 944 715 10 549 226 78 528 597 405 670 842 435 41 604 922 174 330 6 560 745 178 205 611 901 101 154 411 314 914 267 765 541 884 245 212 687 767 667 246 573 581 609 242 913 37 486 482 957 123 937 298 431 313 775 825 244 775 518 790 177 764 671 461 624 980 500 52 361 552 456 17 664 995 921 231 879 935 846 392 907 9 770 270 242 155 611 794 97 321 461 840 291 169 506 303 465 621 457 950 771 333 976 528 58 728 197 368 285 633 334 649 819 753 916 461 27 974 9 501 226 172 570 732 230 434 534 489 148 580 641 836 63 672 212 678 69 834 541 887 317 336 13 191 95 334 590 
529 205 940 668 524 387 727 194 745 73 849 970 506 76 39 228 182 439 985 283 347 601 793 581 817 467 458 789 481 580 516 10 785 808 31 661 195 758 207 292 832 409 263 690 485 654 270 19 445 256 681 382 987 843 274 361 269 48 751 51 96 230 663 181 188 921 733 729 193 487 906 547 509 785 655 37 579 634 945 553 721 745 198 260 815 24 682 633 744 841 164 989 864 827 684 920 730 273 89 15 640 320 907 376 172 254 920 525 455 443 200 725 3 737 809 263 694 685 511 114 694 33 664 709 951 751 687 950 113 775 700 502 882 922 217 335 122 928 519 326 498 840 513 388 57 992 54 980 875 910 996 895 545 8 85 271 340 847 582 272 735 495 39 216 170 148 153 993 631 700 561 715 254 403 421 878 13 973 376 870 107 680 321 6 121 110 788 908 570 709 301 331 571 327 673 208 908 777 747 732 
122 935 975 733 309 889 461 421 280 648 54 842 494 400 480 471 149 477 37 335 226 145 23 837 178 46 926 482 306 329 139 428 264 466 161 925 355 974 699 988 623 753 830 469 505 311 292 6 140 681 342 161 859 784 390 502 446 439 136 995 991 503 105 270 377 68 75 215 611 566 744 399 79 787 826 306 85 701 309 856 72 898 717 373 259 782 21 634 640 882 923 15 175 569 598 376 643 553 88 936 613 602 980 652 422 342 299 103 379 460 126 978 598 164 238 944 119 784 756 977 450 670 789 213 144 354 420 995 238 422 844 104 124 757 985 882 833 556 97 112 466 704 171 495 708 727 566 520 426 973 151 885 753 454 272 479 560 488 126 413 186 160 246 319 515 85 365 986 873 614 576 328 754 762 525 163 39 952 670 149 290 761 490 711 485 654 379 621 833 477 658 439 716 471 910 566 240 538 308 895 
