100
718 759 136 593 878 147 831 721 969 544 67 680 31 918 333 838 676 364 902 714 746 771 357 204 185 155 545 447 465 651 718 820 870 489 592 245 889 625 510 683 817 551 138 174 171 512 755 911 412 850 340 765 544 133 368 44 890 261 375 483 276 766 433 602 672 706 336 675 305 202 516 968 5 416 814 587 9 679 119 133 671 812 768 461 10 535 369 302 825 887 592 908 801 621 852 373 831 659 426 759 
759 619 308 573 871 105 753 67 322 261 646 550 233 660 981 482 313 972 540 170 780 151 20 474 374 159 604 79 494 512 75 320 961 220 142 380 821 468 2 822 995 2 343 17 137 416 79 972 154 237 221 87 586 717 683 948 842 173 894 262 500 77 479 627 917 238 0 503 435 590 794 789 382 583 804 516 184 442 846 838 107 517 36 853 857 349 531 592 992 577 778 105 916 31 314 822 680 996 605 293 
136 308 786 861 737 95 869 388 737 502 791 429 401 389 519 859 518 591 388 159 273 749 158 444 426 827 444 427 590 860 840 474 81 798 700 56 726 135 549 298 658 580 816 546 451 813 168 498 417 496 601 91 246 872 371 288 39 282 745 730 537 346 386 984 223 143 354 458 22 382 91 846 290 174 328 250 794 164 648 321 917 84 498 578 810 438 871 410 703 880 51 567 439 898 677 102 462 578 918 77 
593 573 861 871 845 810 785 451 726 33 227 406 770 921 188 72 721 828 148 714 448 803 651 651 792 338 802 7 858 866 610 44 883 70 781 813 199 865 963 376 217 832 726 315 299 675 386 125 233 670 218 265 946 473 233 279 976 375 12 355 700 538 143 943 245 870 270 545 87 792 628 374 245 716 733 647 533 499 541 808 516 466 794 297 463 733 499 64 764 716 750 810 285 290 330 654 414 284 741 750 
878 871 737 845 39 927 142 685 588 556 175 100 185 672 938 835 487 940 253 90 177 605 940 487 323 322 635 785 952 373 431 738 885 714 861 732 169 86 104 972 965 51 988 658 671 769 941 701 140 486 453 815 372 280 829 335 507 112 666 429 168 961 778 547 14 305 539 336 539 645 79 16 723 250 235 638 584 533 658 4 580 113 429 75 398 701 948 108 344 116 249 511 785 154 540 916 951 168 287 361 
147 105 95 810 927 977 645 549 687 228 387 729 466 16 672 89 721 992 87 232 232 885 428 226 586 542 964 385 914 827 566 57 91 616 911 343 35 415 598 319 781 865 283 573 192 276 857 139 460 124 38 638 127 713 530 260 995 713 121 434 180 826 15 360 328 890 589 123 765 516 506 51 627 23 836 411 794 378 607 75 579 0 573 516 109 279 928 743 720 572 209 295 781 968 120 258 851 819 266 745 
831 753 869 785 142 645 783 130 586 154 208 2 888 858 837 423 192 487 329 257 614 777 695 229 370 667 964 177 920 537 349 746 54 447 131 151 48 883 920 141 675 726 85 300 80 853 187 104 470 660 548 267 378 934 118 146 257 796 852 744 124 193 949 870 409 834 471 967 88 854 382 643 745 162 184 406 500 300 691 873 971 311 972 870 485 242 213 345 572 883 678 311 426 125 877 114 413 554 406 412 
721 67 388 451 685 549 130 147 311 15 580 998 842 598 143 5 991 21 337 761 108 54 286 629 916 90 666 191 642 186 396 708 589 722 957 765 940 87 288 22 10 445 550 534 259 862 239 929 381 929 155 875 406 303 55 987 528 244 341 473 14 443 546 538 334 799 794 448 731 136 682 907 45 853 431 710 865 473 833 440 452 547 153 141 76 353 669 211 605 446 919 916 989 240 686 574 870 957 909 771 
969 322 737 726 588 687 586 311 433 449 817 677 743 52 553 495 158 326 989 486 702 880 697 663 899 404 896 683 969 325 964 285 395 136 258 656 299 392 532 209 735 540 166 822 647 548 946 250 157 921 181 918 827 766 306 549 403 609 91 918 990 805 350 955 453 496 888 655 37 511 836 222 89 471 602 882 859 817 202 842 64 934 963 166 924 62 607 784 110 27 76 66 67 298 627 347 459 247 189 623 
544 261 502 33 556 228 154 15 449 906 502 275 74 288 709 945 378 292 437 865 469 220 632 72 331 977 450 723 530 187 634 199 690 89 841 895 144 257 921 914 13 690 847 847 415 855 754 644 900 931 805 507 880 409 943 419 188 893 385 744 252 179 44 886 947 490 136 592 878 386 305 240 448 665 550 397 385 37 265 680 931 699 577 218 866 451 57 513 467 778 910 565 860 992 431 151 61 852 746 226 
67 646 791 227 175 387 208 580 817 502 262 968 913 895 889 460 107 781 464 203 896 394 381 170 808 362 592 59 437 419 579 706 957 638 601 511 674 820 902 764 128 74 129 213 421 65 414 417 977 414 62 199 970 737 793 904 123 168 595 973 613 719 540 309 957 97 742 880 217 730 625 531 517 585 868 530 952 36 961 682 177 92 736 356 428 75 611 305 160 319 903 160 599 543 440 473 456 652 865 662 
680 550 429 406 100 729 2 998 677 275 968 928 544 443 37 445 289 44 629 373 114 485 124 481 335 35 549 564 741 118 669 158 820 437 856 511 74 1 738 659 695 916 95 123 512 443 527 534 444 456 672 194 612 580 913 402 218 466 684 763 213 67 823 59 113 178 148 405 818 693 112 703 737 549 567 142 812 650 781 822 190 563 625 839 80 389 949 939 146 536 316 454 872 164 912 307 219 61 481 828 
31 233 401 770 185 466 888 842 743 74 913 544 762 269 36 482 453 770 694 876 606 360 593 644 941 212 244 558 76 167 418 600 286 488 545 524 779 735 85 88 987 831 594 565 533 669 745 580 74 353 998 295 618 571 389 605 737 926 977 688 911 477 972 543 721 874 995 761 353 851 696 402 445 611 701 579 149 201 488 452 368 832 812 419 903 328 859 48 675 626 151 824 287 953 830 440 461 901 733 850 
918 660 389 921 672 16 858 598 52 288 895 443 269 370 313 927 750 745 163 570 214 362 261 348 234 889 143 710 459 808 301 482 454 419 111 296 443 956 191 681 567 426 302 426 104 736 379 908 876 841 236 984 127 718 650 541 837 781 366 86 479 799 817 635 828 512 923 210 612 547 413 324 370 875 838 299 439 723 416 238 846 154 81 300 877 656 671 671 863 359 116 62 171 623 764 779 233 78 120 582 
333 981 519 188 938 672 837 143 553 709 889 37 36 313 935 789 791 179 424 64 384 656 769 16 968 490 654 713 519 183 454 588 36 424 936 125 47 488 847 989 455 378 14 765 890 770 136 642 851 591 195 731 156 138 539 2 81 20 63 850 220 388 844 930 702 74 606 465 76 613 541 730 831 278 985 631 707 453 621 683 971 555 450 160 33 540 282 908 697 797 982 981 794 955 849 292 67 953 83 166 
838 482 859 72 835 89 423 5 495 945 460 445 482 927 789 736 268 300 897 206 124 820 834 32 708 37 363 874 959 555 387 274 706 623 113 352 811 128 138 953 720 874 625 782 850 567 78 615 766 205 617 541 977 180 249 812 73 831 961 973 987 833 181 594 429 882 904 729 11 98 837 327 958 138 908 351 75 224 702 546 435 628 622 517 666 735 267 995 611 136 107 744 878 473 426 715 438 221 890 94 
676 313 518 721 487 721 192 991 158 378 107 289 453 750 791 268 302 288 522 815 529 440 134 59 482 419 767 877 171 699 921 11 467 845 989 2 224 186 937 118 104 983 71 253 810 540 149 776 761 771 32 39 837 919 422 750 720 435 36 407 96 543 800 432 540 197 1 867 998 526 466 943 559 31 883 123 956 47 648 893 648 219 684 788 685 546 368 161 388 478 96 285 516 640 44 880 735 973 127 130 
364 972 591 828 940 992 487 21 326 292 781 44 770 745 179 300 288 968 20 970 543 969 919 305 546 190 410 170 765 905 124 532 744 169 330 541 347 292 144 646 540 396 217 520 18 791 467 398 552 680 284 929 893 80 942 866 601 619 581 871 490 459 60 433 25 977 985 206 669 671 365 465 843 124 447 571 127 590 832 454 921 176 306 831 769 566 701 32 104 59 488 717 958 336 27 668 641 748 491 903 
902 540 388 148 253 87 329 337 989 437 464 629 694 163 424 897 522 20 452 431 398 455 431 915 974 308 539 930 62 634 1 474 728 467 163 202 877 386 339 529 313 926 534 696 167 388 408 232 569 995 263 618 195 214 894 955 142 30 228 598 136 80 290 163 159 543 703 331 324 973 342 413 679 238 774 821 519 293 198 115 678 958 958 474 251 689 701 923 937 14 572 519 220 657 232 935 494 496 115 785 
714 170 159 714 90 232 257 761 486 865 203 373 876 570 64 206 815 970 431 297 226 483 113 915 592 632 207 686 998 600 197 142 494 932 477 293 748 119 392 756 460 526 607 876 635 362 483 199 516 9 310 166 25 978 506 968 260 716 687 123 630 193 550 861 36 729 341 895 463 595 532 387 386 165 608 961 489 521 573 973 203 906 78 297 967 122 127 282 577 56 958 346 764 784 325 751 17 970 308 636 
746 780 273 448 177 232 614 108 702 469 896 114 606 214 384 124 529 543 398 226 386 37 588 881 104 731 320 473 438 674 101 464 605 967 676 720 671 243 779 247 134 930 379 596 5 209 37 594 843 764 195 63 840 253 160 896 543 939 155 161 12 3 71 887 666 540 281 965 766 504 437 231 427 642 848 595 443 727 155 387 757 902 931 423 85 895 280 854 919 619 820 557 207 611 464 523 122 963 842 169 
771 151 749 803 605 885 777 54 880 220 394 485 360 362 656 820 440 969 455 483 37 412 630 424 704 380 37 640 975 773 207 319 256 528 569 40 248 632 672 440 31 944 232 752 455 239 946 881 805 980 914 321 336 836 535 641 738 811 881 20 718 410 258 41 139 886 389 264 847 559 237 557 371 254 792 55 522 628 318 14 18 890 977 455 982 975 701 219 699 351 172 948 389 874 154 582 44 238 455 783 
357 20 158 651 940 428 695 286 697 632 381 124 593 261 769 834 134 919 431 113 588 630 733 156 370 16 192 399 727 335 973 160 273 220 316 209 812 725 586 123 372 651 625 768 272 214 349 775 279 138 262 34 704 145 109 167 233 333 43 238 97 448 402 346 895 505 552 498 848 635 550 869 136 976 46 930 730 692 7 801 566 889 341 71 863 2 397 359 708 706 598 525 409 54 380 825 874 820 160 630 
204 474 444 651 487 226 229 629 663 72 170 481 644 348 16 32 59 305 915 915 881 424 156 640 396 446 734 463 291 357 624 388 132 502 532 328 692 136 696 778 483 296 79 149 18 366 375 332 913 299 458 313 617 798 148 346 706 732 893 837 858 773 564 945 447 960 78 27 940 68 655 954 308 487 106 630 867 394 434 540 782 145 111 910 802 815 204 969 264 833 309 458 456 384 386 534 89 101 953 369 
185 374 426 792 323 586 370 916 899 331 808 335 941 234 968 708 482 546 974 592 104 704 370 396 69 198 334 111 385 453 309 997 72 831 691 425 437 933 391 174 119 294 124 885 912 639 824 822 58 532 399 434 287 109 814 255 994 703 338 831 44 645 513 158 144 722 723 208 105 243 458 822 412 590 518 583 362 758 379 160 212 516 350 986 995 96 693 991 897 764 68 774 16 941 365 991 472 847 914 727 
155 159 827 338 322 542 667 90 404 977 362 35 212 889 490 37 419 190 308 632 731 380 16 446 198 381 907 532 281 811 253 131 326 268 469 285 948 556 18 748 107 594 197 746 838 655 836 591 157 600 668 885 328 17 858 947 772 540 296 598 481 914 123 439 326 486 835 471 494 260 46 45 289 897 460 4 889 940 151 841 222 303 664 392 663 66 866 660 3 443 546 881 457 311 663 500 978 601 123 251 
545 604 444 802 635 964 964 666 896 450 592 549 244 143 654 363 767 410 539 207 320 37 192 734 334 907 124 720 212 55 143 793 311 888 310 27 551 546 330 15 781 523 182 96 827 408 473 236 452 213 449 220 637 43 436 489 528 379 889 461 890 709 513 942 931 715 44 440 575 396 296 599 408 309 607 280 159 267 676 621 620 883 475 115 673 128 801 194 323 764 517 130 541 694 327 702 281 773 976 417 
447 79 427 7 785 385 177 191 683 723 59 564 558 710 713 874 877 170 930 686 473 640 399 463 111 532 720 957 39 70 770 12 591 286 961 695 126 148 673 535 960 969 857 108 701 516 440 295 337 906 219 665 847 686 901 414 676 214 985 931 370 602 671 528 949 348 984 818 579 149 25 952 257 895 633 17 19 741 901 70 178 738 866 443 780 16 838 902 295 988 841 490 601 314 89 476 870 81 481 995 
465 494 590 858 952 914 920 642 969 530 437 741 76 459 519 959 171 765 62 998 438 975 727 291 385 281 212 39 17 595 118 904 803 520 966 917 123 630 625 914 253 206 445 321 51 563 449 970 256 627 444 416 165 508 311 89 936 101 160 418 192 311 791 172 731 350 344 203 730 28 545 57 694 141 362 690 518 637 151 273 716 156 109 675 787 540 386 696 441 273 447 724 16 904 779 361 864 343 860 274 
651 512 860 866 373 827 537 186 325 187 419 118 167 808 183 555 699 905 634 600 674 773 335 357 453 811 55 70 595 491 638 442 893 390 40 150 674 30 175 739 890 364 122 44 717 968 302 784 584 839 669 13 955 207 916 128 61 371 950 16 50 984 72 228 43 258 147 487 529 937 861 987 51 328 467 693 195 112 619 998 322 24 893 436 968 42 679 926 318 248 929 845 944 421 730 795 398 794 180 550 
718 75 840 610 431 566 349 396 964 634 579 669 418 301 454 387 921 124 1 197 101 207 973 624 309 253 143 770 118 638 650 161 34 910 962 27 146 594 930 542 667 932 452 167 342 177 102 838 455 528 884 971 435 954 550 798 47 459 115 426 401 629 949 524 197 878 637 573 308 896 872 723 303 213 925 861 177 491 58 950 708 137 974 822 288 537 243 420 358 977 307 915 602 578 971 931 797 519 349 726 
820 320 474 44 738 57 746 708 285 199 706 158 600 482 588 274 11 532 474 142 464 319 160 388 997 131 793 12 904 442 161 724 25 361 558 515 12 607 488 597 70 758 935 847 222 75 556 233 20 829 136 534 709 993 680 485 178 714 888 253 469 77 224 127 755 56 32 878 388 230 413 378 52 909 528 277 527 317 270 406 387 320 878 136 149 75 108 998 618 161 391 984 818 525 983 86 696 2 286 33 
870 961 81 883 885 91 54 589 395 690 957 820 286 454 36 706 467 744 728 494 605 256 273 132 72 326 311 591 803 893 34 25 206 963 535 530 848 499 529 913 237 718 817 61 854 384 382 756 90 428 242 101 541 276 952 76 255 544 196 630 551 413 551 855 961 496 499 991 316 527 7 128 433 263 271 561 732 906 817 189 781 893 281 641 826 743 562 870 662 177 59 950 212 452 396 969 78 790 137 844 
489 220 798 70 714 616 447 722 136 89 638 437 488 419 424 623 845 169 467 932 967 528 220 502 831 268 888 286 520 390 910 361 963 708 14 83 872 81 479 192 325 864 620 65 793 343 270 336 225 376 837 62 34 179 273 438 86 742 212 508 938 327 335 860 773 21 343 31 682 279 315 922 945 739 606 112 972 7 706 272 977 573 824 401 98 976 466 830 61 210 710 483 41 828 1 386 611 449 267 156 
592 142 700 781 861 911 131 957 258 841 601 856 545 111 936 113 989 330 163 477 676 569 316 532 691 469 310 961 966 40 962 558 535 14 339 328 563 824 451 325 288 942 661 163 873 751 943 359 253 499 354 799 655 466 913 765 506 89 900 608 521 615 719 422 1 279 303 775 475 374 393 104 297 977 614 276 60 168 163 566 255 787 24 433 612 160 959 414 382 229 141 794 455 168 665 740 110 638 379 783 
245 380 56 813 732 343 151 765 656 895 511 511 524 296 125 352 2 541 202 293 720 40 209 328 425 285 27 695 917 150 27 515 530 83 328 263 17 937 633 237 203 770 805 71 878 505 675 810 230 914 696 268 265 556 781 411 762 9 863 412 71 726 681 754 975 154 38 327 207 525 438 145 156 865 506 200 668 440 475 193 362 6 63 69 576 796 511 330 6 645 308 461 349 958 937 885 30 311 424 557 
889 821 726 199 169 35 48 940 299 144 674 74 779 443 47 811 224 347 877 748 671 248 812 692 437 948 551 126 123 674 146 12 848 872 563 17 907 848 78 864 106 730 903 638 986 619 480 828 685 500 228 53 161 892 803 698 433 807 333 942 471 153 350 573 453 263 932 506 447 795 821 973 925 762 442 523 766 385 666 699 557 926 749 269 559 607 395 574 133 134 919 130 174 797 121 644 815 268 885 253 
625 468 135 865 86 415 883 87 392 257 820 1 735 956 488 128 186 292 386 119 243 632 725 136 933 556 546 148 630 30 594 607 499 81 824 937 848 60 371 818 963 21 746 815 305 956 482 463 724 159 255 419 33 752 32 911 115 238 104 705 645 161 669 644 762 465 774 743 915 580 776 747 43 491 798 35 912 820 854 791 227 98 996 656 450 755 172 111 306 464 171 458 233 645 542 855 875 192 785 547 
510 2 549 963 104 598 920 288 532 921 902 738 85 191 847 138 937 144 339 392 779 672 586 696 391 18 330 673 625 175 930 488 529 479 451 633 78 371 273 260 565 567 708 957 137 368 266 739 611 195 203 143 23 860 188 750 642 253 556 885 86 522 228 293 309 953 832 128 938 661 472 52 554 718 289 910 885 913 661 986 814 905 216 210 652 149 532 893 611 91 580 730 691 198 975 812 252 268 685 328 
683 822 298 376 972 319 141 22 209 914 764 659 88 681 989 953 118 646 529 756 247 440 123 778 174 748 15 535 914 739 542 597 913 192 325 237 864 818 260 73 841 270 421 812 633 167 778 78 194 421 409 971 340 10 461 600 188 768 424 212 813 958 52 528 907 112 173 514 484 658 658 195 14 585 44 405 977 555 868 541 973 860 712 787 483 21 354 710 243 513 348 548 593 447 100 343 626 868 74 876 
817 995 658 217 965 781 675 10 735 13 128 695 987 567 455 720 104 540 313 460 134 31 372 483 119 107 781 960 253 890 667 70 237 325 288 203 106 963 565 841 329 711 946 662 73 811 237 459 976 443 412 926 914 161 327 331 303 483 490 449 249 692 713 531 709 956 263 335 793 966 81 339 843 156 701 432 297 210 471 471 510 149 573 874 668 558 581 976 773 243 81 23 94 637 325 358 288 397 884 773 
551 2 580 832 51 865 726 445 540 690 74 916 831 426 378 874 983 396 926 526 930 944 651 296 294 594 523 969 206 364 932 758 718 864 942 770 730 21 567 270 711 993 837 522 558 785 33 156 941 610 265 694 994 949 981 654 766 421 503 858 51 593 120 602 619 402 926 360 156 743 97 583 423 656 158 792 837 301 622 668 344 998 305 566 433 576 143 198 771 762 483 890 290 742 415 285 60 920 551 342 
138 343 816 726 988 283 85 550 166 847 129 95 594 302 14 625 71 217 534 607 379 232 625 79 124 197 182 857 445 122 452 935 817 620 661 805 903 746 708 421 946 837 868 936 497 963 306 612 638 878 433 165 304 590 726 2 406 234 108 975 378 378 875 940 372 290 673 271 654 352 122 250 751 135 963 899 789 557 649 715 515 423 689 626 915 411 304 1 742 401 664 2 465 964 364 3 845 281 555 704 
174 17 546 315 658 573 300 534 822 847 213 123 565 426 765 782 253 520 696 876 596 752 768 149 885 746 96 108 321 44 167 847 61 65 163 71 638 815 957 812 662 522 936 579 606 480 334 39 50 796 411 574 884 84 716 936 41 409 467 489 160 169 685 426 782 182 258 448 498 817 777 93 641 119 402 363 446 763 960 275 878 333 738 645 571 886 440 25 448 869 233 199 381 943 156 150 749 298 969 624 
171 137 451 299 671 192 80 259 647 415 421 512 533 104 890 850 810 18 167 635 5 455 272 18 912 838 827 701 51 717 342 222 854 793 873 878 986 305 137 633 73 558 497 606 662 521 412 64 169 803 502 678 473 668 631 195 603 202 870 296 882 392 937 590 799 267 201 570 120 290 510 260 794 531 348 443 276 376 390 258 542 504 738 218 310 584 167 869 987 122 600 304 813 717 180 416 293 350 671 924 
512 416 813 675 769 276 853 862 548 855 65 443 669 736 770 567 540 791 388 362 209 239 214 366 639 655 408 516 563 968 177 75 384 343 751 505 619 956 368 167 811 785 963 480 521 733 794 254 490 821 628 896 813 80 265 356 840 255 524 178 598 766 719 870 74 364 631 736 83 965 663 980 583 765 949 530 496 10 622 399 838 330 491 138 948 303 586 909 439 550 998 984 259 919 213 647 264 587 990 870 
755 79 168 386 941 857 187 239 946 754 414 527 745 379 136 78 149 467 408 483 37 946 349 375 824 836 473 440 449 302 102 556 382 270 943 675 480 482 266 778 237 33 306 334 412 794 765 654 169 353 380 115 213 617 965 100 114 593 780 462 147 354 218 20 211 64 514 177 510 268 615 772 599 609 310 714 874 987 662 822 665 962 360 515 589 622 708 372 412 357 692 296 611 416 934 866 187 871 859 70 
911 972 498 125 701 139 104 929 250 644 417 534 580 908 642 615 776 398 232 199 594 881 775 332 822 591 236 295 970 784 838 233 756 336 359 810 828 463 739 78 459 156 612 39 64 254 654 192 282 575 886 69 662 939 54 298 675 990 906 704 978 288 738 22 340 464 202 437 118 168 328 203 705 915 231 566 585 424 38 152 190 723 422 6 348 130 535 383 375 952 48 942 681 358 576 297 28 323 799 407 
412 154 417 233 140 460 470 381 157 900 977 444 74 876 851 766 761 552 569 516 843 805 279 913 58 157 452 337 256 584 455 20 90 225 253 230 685 724 611 194 976 941 638 50 169 490 169 282 394 502 264 177 58 160 560 222 793 226 457 401 441 577 779 304 451 693 616 942 104 988 380 798 778 889 748 453 976 600 454 853 759 507 797 321 70 870 639 942 543 610 486 53 217 255 592 315 257 335 833 774 
850 237 496 670 486 124 660 929 921 931 414 456 353 841 591 205 771 680 995 9 764 980 138 299 532 600 213 906 627 839 528 829 428 376 499 914 500 159 195 421 443 610 878 796 803 821 353 575 502 348 995 85 408 831 211 55 608 623 9 412 283 786 509 183 723 608 217 861 186 241 309 537 278 847 437 535 745 632 212 289 344 920 671 989 193 663 761 295 701 372 616 815 184 426 518 153 33 368 326 208 
340 221 601 218 453 38 548 155 181 805 62 672 998 236 195 617 32 284 263 310 195 914 262 458 399 668 449 219 444 669 884 136 242 837 354 696 228 255 203 409 412 265 433 411 502 628 380 886 264 995 196 235 687 917 912 618 935 58 945 179 960 481 288 236 728 193 543 685 933 115 213 942 91 80 191 879 426 297 964 477 745 981 852 655 667 253 14 665 953 8 358 640 445 142 901 400 398 646 459 395 
765 87 91 265 815 638 267 875 918 507 199 194 295 984 731 541 39 929 618 166 63 321 34 313 434 885 220 665 416 13 971 534 101 62 799 268 53 419 143 971 926 694 165 574 678 896 115 69 177 85 235 240 899 766 720 470 336 166 612 914 453 580 203 543 118 233 897 260 870 845 170 381 557 532 597 400 771 679 961 240 516 761 729 97 507 117 920 148 814 581 659 962 776 219 56 191 379 298 676 295 
544 586 246 946 372 127 378 406 827 880 970 612 618 127 156 977 837 893 195 25 840 336 704 617 287 328 637 847 165 955 435 709 541 34 655 265 161 33 23 340 914 994 304 884 473 813 213 662 58 408 687 899 744 667 746 48 698 434 242 432 354 548 767 576 862 846 958 125 33 152 546 95 2 101 229 942 267 261 530 303 714 163 648 797 175 638 462 514 752 723 788 116 573 300 673 735 78 958 781 343 
133 717 872 473 280 713 934 303 766 409 737 580 571 718 138 180 919 80 214 978 253 836 145 798 109 17 43 686 508 207 954 993 276 179 466 556 892 752 860 10 161 949 590 84 668 80 617 939 160 831 917 766 667 414 21 786 521 391 340 769 58 281 42 582 623 699 447 183 781 751 763 163 580 409 238 161 156 990 971 630 311 223 194 726 531 607 411 376 661 714 956 517 207 548 633 577 272 466 619 377 
368 683 371 233 829 530 118 55 306 943 793 913 389 650 539 249 422 942 894 506 160 535 109 148 814 858 436 901 311 916 550 680 952 273 913 781 803 32 188 461 327 981 726 716 631 265 965 54 560 211 912 720 746 21 220 816 394 898 857 751 663 705 119 841 917 193 975 287 162 265 825 335 866 371 55 30 638 425 748 132 650 907 192 7 309 285 476 469 431 414 968 421 585 955 442 725 469 400 629 16 
44 948 288 279 335 260 146 987 549 419 904 402 605 541 2 812 750 866 955 968 896 641 167 346 255 947 489 414 89 128 798 485 76 438 765 411 698 911 750 600 331 654 2 936 195 356 100 298 222 55 618 470 48 786 816 656 692 138 581 615 750 194 280 734 7 569 681 334 491 395 4 917 414 43 99 525 981 19 909 816 926 679 350 783 523 87 155 505 649 839 208 242 941 241 390 726 550 806 47 422 
890 842 39 976 507 995 257 528 403 188 123 218 737 837 81 73 720 601 142 260 543 738 233 706 994 772 528 676 936 61 47 178 255 86 506 762 433 115 642 188 303 766 406 41 603 840 114 675 793 608 935 336 698 521 394 692 293 932 636 368 539 547 518 21 302 537 634 654 276 11 809 209 221 306 698 165 397 282 474 471 533 526 210 118 194 673 629 37 665 157 855 398 664 859 296 78 602 68 95 628 
261 173 282 375 112 713 796 244 609 893 168 466 926 781 20 831 435 619 30 716 939 811 333 732 703 540 379 214 101 371 459 714 544 742 89 9 807 238 253 768 483 421 234 409 202 255 593 990 226 623 58 166 434 391 898 138 932 629 746 565 554 766 632 783 848 261 371 79 738 661 473 935 626 680 662 663 149 692 776 105 622 790 668 474 334 413 278 664 754 530 837 551 478 1 121 427 102 173 605 433 
375 894 745 12 666 121 852 341 91 385 595 684 977 366 63 961 36 581 228 687 155 881 43 893 338 296 889 985 160 950 115 888 196 212 900 863 333 104 556 424 490 503 108 467 870 524 780 906 457 9 945 612 242 340 857 581 636 746 918 547 473 796 303 614 308 917 665 152 70 896 382 221 671 939 732 895 0 760 810 886 104 417 568 227 303 455 345 407 945 827 401 733 543 907 480 203 773 239 880 770 
483 262 730 355 429 434 744 473 918 744 973 763 688 86 850 973 407 871 598 123 161 20 238 837 831 598 461 931 418 16 426 253 630 508 608 412 942 705 885 212 449 858 975 489 296 178 462 704 401 412 179 914 432 769 751 615 368 565 547 786 731 858 309 546 33 887 978 857 358 391 706 618 916 799 412 207 915 272 625 96 602 682 320 145 333 565 368 85 458 783 654 474 680 763 75 791 467 763 955 902 
276 500 537 700 168 180 124 14 990 252 613 213 911 479 220 987 96 490 136 630 12 718 97 858 44 481 890 370 192 50 401 469 551 938 521 71 471 645 86 813 249 51 378 160 882 598 147 978 441 283 960 453 354 58 663 750 539 554 473 731 956 103 704 12 891 871 870 567 619 599 686 274 677 360 130 356 345 804 395 104 296 166 913 262 303 807 957 942 72 778 766 748 422 422 852 574 500 968 137 336 
766 77 346 538 961 826 193 443 805 179 719 67 477 799 388 833 543 459 80 193 3 410 448 773 645 914 709 602 311 984 629 77 413 327 615 726 153 161 522 958 692 593 378 169 392 766 354 288 577 786 481 580 548 281 705 194 547 766 796 858 103 777 252 491 857 148 655 77 730 793 606 944 327 504 10 756 530 603 868 189 165 906 542 49 591 345 940 179 655 156 60 0 145 485 803 486 570 111 229 496 
433 479 386 143 778 15 949 546 350 44 540 823 972 817 844 181 800 60 290 550 71 258 402 564 513 123 513 671 791 72 949 224 551 335 719 681 350 669 228 52 713 120 875 685 937 719 218 738 779 509 288 203 767 42 119 280 518 632 303 309 704 252 534 25 789 296 11 736 746 973 120 348 968 708 293 837 442 941 248 854 341 3 550 282 482 640 476 435 76 296 45 459 850 641 410 877 515 118 593 287 
602 627 984 943 547 360 870 538 955 886 309 59 543 635 930 594 432 433 163 861 887 41 346 945 158 439 942 528 172 228 524 127 855 860 422 754 573 644 293 528 531 602 940 426 590 870 20 22 304 183 236 543 576 582 841 734 21 783 614 546 12 491 25 219 204 720 369 910 936 478 45 403 110 623 753 918 77 63 212 293 78 411 547 903 481 551 871 812 735 955 825 698 987 875 248 544 579 110 274 180 
672 917 223 245 14 328 409 334 453 947 957 113 721 828 702 429 540 25 159 36 666 139 895 447 144 326 931 949 731 43 197 755 961 773 1 975 453 762 309 907 709 619 372 782 799 74 211 340 451 723 728 118 862 623 917 7 302 848 308 33 891 857 789 204 982 521 998 108 413 424 921 218 272 244 616 868 854 611 927 813 494 480 366 802 41 673 759 361 716 366 771 483 538 666 804 224 182 560 848 4 
706 238 143 870 305 890 834 799 496 490 97 178 874 512 74 882 197 977 543 729 540 886 505 960 722 486 715 348 350 258 878 56 496 21 279 154 263 465 953 112 956 402 290 182 267 364 64 464 693 608 193 233 846 699 193 569 537 261 917 887 871 148 296 720 521 927 666 511 574 347 513 453 617 685 907 465 854 461 763 420 597 790 574 67 447 153 435 201 459 525 538 605 306 161 75 970 977 756 325 422 
336 0 354 270 539 589 471 794 888 136 742 148 995 923 606 904 1 985 703 341 281 389 552 78 723 835 44 984 344 147 637 32 499 343 303 38 932 774 832 173 263 926 673 258 201 631 514 202 616 217 543 897 958 447 975 681 634 371 665 978 870 655 11 369 998 666 759 589 143 3 484 548 618 841 612 118 97 503 40 838 792 770 610 324 409 699 734 142 93 600 486 512 336 185 185 781 961 421 50 737 
675 503 458 545 336 123 967 448 655 592 880 405 761 210 465 729 867 206 331 895 965 264 498 27 208 471 440 818 203 487 573 878 991 31 775 327 506 743 128 514 335 360 271 448 570 736 177 437 942 861 685 260 125 183 287 334 654 79 152 857 567 77 736 910 108 511 589 967 212 571 743 191 549 358 58 391 972 348 593 512 51 406 116 423 600 280 506 935 849 852 42 965 712 463 277 220 349 181 733 257 
305 435 22 87 539 765 88 731 37 878 217 818 353 612 76 11 998 669 324 463 766 847 848 940 105 494 575 579 730 529 308 388 316 682 475 207 447 915 938 484 793 156 654 498 120 83 510 118 104 186 933 870 33 781 162 491 276 738 70 358 619 730 746 936 413 574 143 212 489 927 641 552 12 528 705 500 766 282 618 563 176 240 922 75 249 908 959 312 765 341 709 415 539 158 970 177 852 301 462 970 
202 590 382 792 645 516 854 136 511 386 730 693 851 547 613 98 526 671 973 595 504 559 635 68 243 260 396 149 28 937 896 230 527 279 374 525 795 580 661 658 966 743 352 817 290 965 268 168 988 241 115 845 152 751 265 395 11 661 896 391 599 793 973 478 424 347 3 571 927 16 956 952 524 911 901 380 982 768 701 824 606 675 178 534 413 849 266 36 705 43 66 242 27 384 513 945 565 690 88 417 
516 794 91 628 79 506 382 682 836 305 625 112 696 413 541 837 466 365 342 532 437 237 550 655 458 46 296 25 545 861 872 413 7 315 393 438 821 776 472 658 81 97 122 777 510 663 615 328 380 309 213 170 546 763 825 4 809 473 382 706 686 606 120 45 921 513 484 743 641 956 753 739 564 944 455 148 949 903 813 405 376 266 180 562 436 654 860 998 445 718 390 514 657 910 377 916 975 401 160 134 
968 789 846 374 16 51 643 907 222 240 531 703 402 324 730 327 943 465 413 387 231 557 869 954 822 45 599 952 57 987 723 378 128 922 104 145 973 747 52 195 339 583 250 93 260 980 772 203 798 537 942 381 95 163 335 917 209 935 221 618 274 944 348 403 218 453 548 191 552 952 739 892 856 36 406 284 415 844 441 35 686 742 847 302 917 466 540 640 891 936 142 438 985 795 295 887 140 698 346 743 
5 382 290 245 723 627 745 45 89 448 517 737 445 370 831 958 559 843 679 386 427 371 136 308 412 289 408 257 694 51 303 52 433 945 297 156 925 43 554 14 843 423 751 641 794 583 599 705 778 278 91 557 2 580 866 414 221 626 671 916 677 327 968 110 272 617 618 549 12 524 564 856 948 567 59 524 820 421 675 845 302 673 483 452 846 777 762 586 828 806 549 484 669 478 928 230 625 962 639 759 
416 583 174 716 250 23 162 853 471 665 585 549 611 875 278 138 31 124 238 165 642 254 976 487 590 897 309 895 141 328 213 909 263 739 977 865 762 491 718 585 156 656 135 119 531 765 609 915 889 847 80 532 101 409 371 43 306 680 939 799 360 504 708 623 244 685 841 358 528 911 944 36 567 79 770 399 739 460 814 121 243 41 222 540 351 65 164 999 187 119 54 868 122 874 93 271 172 682 67 190 
814 804 328 733 235 836 184 431 602 550 868 567 701 838 985 908 883 447 774 608 848 792 46 106 518 460 607 633 362 467 925 528 271 606 614 506 442 798 289 44 701 158 963 402 348 949 310 231 748 437 191 597 229 238 55 99 698 662 732 412 130 10 293 753 616 907 612 58 705 901 455 406 59 770 808 999 861 607 753 662 916 75 937 947 841 705 981 17 691 158 727 990 718 90 803 37 889 348 315 719 
587 516 250 647 638 411 406 710 882 397 530 142 579 299 631 351 123 571 821 961 595 55 930 630 583 4 280 17 690 693 861 277 561 112 276 200 523 35 910 405 432 792 899 363 443 530 714 566 453 535 879 400 942 161 30 525 165 663 895 207 356 756 837 918 868 465 118 391 500 380 148 284 524 399 999 967 448 798 65 103 845 178 573 670 509 362 281 808 167 928 501 140 482 195 460 999 918 665 662 684 
9 184 794 533 584 794 500 865 859 385 952 812 149 439 707 75 956 127 519 489 443 522 730 867 362 889 159 19 518 195 177 527 732 972 60 668 766 912 885 977 297 837 789 446 276 496 874 585 976 745 426 771 267 156 638 981 397 149 0 915 345 530 442 77 854 854 97 972 766 982 949 415 820 739 861 448 587 823 436 872 434 724 713 678 300 720 102 261 978 670 405 204 734 794 306 918 437 269 58 413 
679 442 164 499 533 378 300 473 817 37 36 650 201 723 453 224 47 590 293 521 727 628 692 394 758 940 267 741 637 112 491 317 906 7 168 440 385 820 913 555 210 301 557 763 376 10 987 424 600 632 297 679 261 990 425 19 282 692 760 272 804 603 941 63 611 461 503 348 282 768 903 844 421 460 607 798 823 594 415 484 581 37 650 814 782 679 41 389 103 515 419 286 330 507 89 255 428 571 526 142 
119 846 648 541 658 607 691 833 202 265 961 781 488 416 621 702 648 832 198 573 155 318 7 434 379 151 676 901 151 619 58 270 817 706 163 475 666 854 661 868 471 622 649 960 390 622 662 38 454 212 964 961 530 971 748 909 474 776 810 625 395 868 248 212 927 763 40 593 618 701 813 441 675 814 753 65 436 415 455 607 35 253 996 29 857 844 816 543 543 880 901 82 515 553 36 648 298 988 813 443 
133 838 321 808 4 75 873 440 842 680 682 822 452 238 683 546 893 454 115 973 387 14 801 540 160 841 621 70 273 998 950 406 189 272 566 193 699 791 986 541 471 668 715 275 258 399 822 152 853 289 477 240 303 630 132 816 471 105 886 96 104 189 854 293 813 420 838 512 563 824 405 35 845 121 662 103 872 484 607 725 193 231 863 0 722 590 742 203 873 632 243 257 303 401 898 234 694 604 891 187 
671 107 917 516 580 579 971 452 64 931 177 190 368 846 971 435 648 921 678 203 757 18 566 782 212 222 620 178 716 322 708 387 781 977 255 362 557 227 814 973 510 344 515 878 542 838 665 190 759 344 745 516 714 311 650 926 533 622 104 602 296 165 341 78 494 597 792 51 176 606 376 686 302 243 916 845 434 581 35 193 277 310 321 804 975 342 802 684 156 239 35 453 514 933 960 760 462 291 204 702 
812 517 84 466 113 0 311 547 934 699 92 563 832 154 555 628 219 176 958 906 902 890 889 145 516 303 883 738 156 24 137 320 893 573 787 6 926 98 905 860 149 998 423 333 504 330 962 723 507 920 981 761 163 223 907 679 526 790 417 682 166 906 3 411 480 790 770 406 240 675 266 742 673 41 75 178 724 37 253 231 310 235 200 684 524 449 183 208 496 889 259 74 961 47 289 48 696 986 272 838 
768 36 498 794 429 573 972 153 963 577 736 625 812 81 450 622 684 306 958 78 931 977 341 111 350 664 475 866 109 893 974 878 281 824 24 63 749 996 216 712 573 305 689 738 738 491 360 422 797 671 852 729 648 194 192 350 210 668 568 320 913 542 550 547 366 574 610 116 922 178 180 847 483 222 937 573 713 650 996 863 321 200 944 449 229 60 14 703 688 213 902 572 80 972 954 425 74 255 567 834 
461 853 578 297 75 516 870 141 166 218 356 839 419 300 160 517 788 831 474 297 423 455 71 910 986 392 115 443 675 436 822 136 641 401 433 69 269 656 210 787 874 566 626 645 218 138 515 6 321 989 655 97 797 726 7 783 118 474 227 145 262 49 282 903 802 67 324 423 75 534 562 302 452 540 947 670 678 814 29 0 804 684 449 953 151 980 617 198 261 314 175 569 439 585 633 495 540 250 338 45 
10 857 810 463 398 109 485 76 924 866 428 80 903 877 33 666 685 769 251 967 85 982 863 802 995 663 673 780 787 968 288 149 826 98 612 576 559 450 652 483 668 433 915 571 310 948 589 348 70 193 667 507 175 531 309 523 194 334 303 333 303 591 482 481 41 447 409 600 249 413 436 917 846 351 841 509 300 782 857 722 975 524 229 151 407 408 946 936 509 955 568 591 168 595 923 625 320 805 244 215 
535 349 438 733 701 279 242 353 62 451 75 389 328 656 540 735 546 566 689 122 895 975 2 815 96 66 128 16 540 42 537 75 743 976 160 796 607 755 149 21 558 576 411 886 584 303 622 130 870 663 253 117 638 607 285 87 673 413 455 565 807 345 640 551 673 153 699 280 908 849 654 466 777 65 705 362 720 679 844 590 342 449 60 980 408 345 490 173 119 979 871 993 665 279 749 502 895 655 548 851 
369 531 871 499 948 928 213 669 607 57 611 949 859 671 282 267 368 701 701 127 280 701 397 204 693 866 801 838 386 679 243 108 562 466 959 511 395 172 532 354 581 143 304 440 167 586 708 535 639 761 14 920 462 411 476 155 629 278 345 368 957 940 476 871 759 435 734 506 959 266 860 540 762 164 981 281 102 41 816 742 802 183 14 617 946 490 124 55 910 153 735 164 380 178 23 574 442 408 385 820 
302 592 410 64 108 743 345 211 784 513 305 939 48 671 908 995 161 32 923 282 854 219 359 969 991 660 194 902 696 926 420 998 870 830 414 330 574 111 893 710 976 198 1 25 869 909 372 383 942 295 665 148 514 376 469 505 37 664 407 85 942 179 435 812 361 201 142 935 312 36 998 640 586 999 17 808 261 389 543 203 684 208 703 198 936 173 55 325 526 465 775 342 184 454 219 55 923 225 691 196 
825 992 703 764 344 720 572 605 110 467 160 146 675 863 697 611 388 104 937 577 919 699 708 264 897 3 323 295 441 318 358 618 662 61 382 6 133 306 611 243 773 771 742 448 987 439 412 375 543 701 953 814 752 661 431 649 665 754 945 458 72 655 76 735 716 459 93 849 765 705 445 891 828 187 691 167 978 103 543 873 156 496 688 261 509 119 910 526 225 510 60 896 143 281 870 930 997 180 505 636 
887 577 880 716 116 572 883 446 27 778 319 536 626 359 797 136 478 59 14 56 619 351 706 833 764 443 764 988 273 248 977 161 177 210 229 645 134 464 91 513 243 762 401 869 122 550 357 952 610 372 8 581 723 714 414 839 157 530 827 783 778 156 296 955 366 525 600 852 341 43 718 936 806 119 158 928 670 515 880 632 239 889 213 314 955 979 153 465 510 332 488 249 275 85 855 129 215 999 266 590 
592 778 51 750 249 209 678 919 76 910 903 316 151 116 982 107 96 488 572 958 820 172 598 309 68 546 517 841 447 929 307 391 59 710 141 308 919 171 580 348 81 483 664 233 600 998 692 48 486 616 358 659 788 956 968 208 855 837 401 654 766 60 45 825 771 538 486 42 709 66 390 142 549 54 727 501 405 419 901 243 35 259 902 175 568 871 735 775 60 488 429 816 864 570 647 198 742 988 998 450 
908 105 567 810 511 295 311 916 66 565 160 454 824 62 981 744 285 717 519 346 557 948 525 458 774 881 130 490 724 845 915 984 950 483 794 461 130 458 730 548 23 890 2 199 304 984 296 942 53 815 640 962 116 517 421 242 398 551 733 474 748 0 459 698 483 605 512 965 415 242 514 438 484 868 990 140 204 286 82 257 453 74 572 569 591 993 164 342 896 249 816 645 918 703 74 856 498 500 642 972 
801 916 439 285 785 781 426 989 67 860 599 872 287 171 794 878 516 958 220 764 207 389 409 456 16 457 541 601 16 944 602 818 212 41 455 349 174 233 691 593 94 290 465 381 813 259 611 681 217 184 445 776 573 207 585 941 664 478 543 680 422 145 850 987 538 306 336 712 539 27 657 985 669 122 718 482 734 330 515 303 514 961 80 439 168 665 380 184 143 275 864 918 420 922 659 967 786 110 847 438 
621 31 898 290 154 968 125 240 298 992 543 164 953 623 955 473 640 336 657 784 611 874 54 384 941 311 694 314 904 421 578 525 452 828 168 958 797 645 198 447 637 742 964 943 717 919 416 358 255 426 142 219 300 548 955 241 859 1 907 763 422 485 641 875 666 161 185 463 158 384 910 795 478 874 90 195 794 507 553 401 933 47 972 585 595 279 178 454 281 85 570 703 922 211 57 428 257 458 591 738 
852 314 677 330 540 120 877 686 627 431 440 912 830 764 849 426 44 27 232 325 464 154 380 386 365 663 327 89 779 730 971 983 396 1 665 937 121 542 975 100 325 415 364 156 180 213 934 576 592 518 901 56 673 633 442 390 296 121 480 75 852 803 410 248 804 75 185 277 970 513 377 295 928 93 803 460 306 89 36 898 960 289 954 633 923 749 23 219 870 855 647 74 659 57 323 752 429 963 268 504 
373 822 102 654 916 258 114 574 347 151 473 307 440 779 292 715 880 668 935 751 523 582 825 534 991 500 702 476 361 795 931 86 969 386 740 885 644 855 812 343 358 285 3 150 416 647 866 297 315 153 400 191 735 577 725 726 78 427 203 791 574 486 877 544 224 970 781 220 177 945 916 887 230 271 37 999 918 255 648 234 760 48 425 495 625 502 574 55 930 129 198 856 967 428 752 192 320 671 696 443 
831 680 462 414 951 851 413 870 459 61 456 219 461 233 67 438 735 641 494 17 122 44 874 89 472 978 281 870 864 398 797 696 78 611 110 30 815 875 252 626 288 60 845 749 293 264 187 28 257 33 398 379 78 272 469 550 602 102 773 467 500 570 515 579 182 977 961 349 852 565 975 140 625 172 889 918 437 428 298 694 462 696 74 540 320 895 442 923 997 215 742 498 786 257 429 320 234 215 916 160 
659 996 578 284 168 819 554 957 247 852 652 61 901 78 953 221 973 748 496 970 963 238 820 101 847 601 773 81 343 794 519 2 790 449 638 311 268 192 268 868 397 920 281 298 350 587 871 323 335 368 646 298 958 466 400 806 68 173 239 763 968 111 118 110 560 756 421 181 301 690 401 698 962 682 348 665 269 571 988 604 291 986 255 250 805 655 408 225 180 999 988 500 110 458 963 671 215 384 671 593 
426 605 918 741 287 266 406 909 189 746 865 481 733 120 83 890 127 491 115 308 842 455 160 953 914 123 976 481 860 180 349 286 137 267 379 424 885 785 685 74 884 551 555 969 671 990 859 799 833 326 459 676 781 619 629 47 95 605 880 955 137 229 593 274 848 325 50 733 462 88 160 346 639 67 315 662 58 526 813 891 204 272 567 338 244 548 385 691 505 266 998 642 847 591 268 696 916 671 781 52 
759 293 77 750 361 745 412 771 623 226 662 828 850 582 166 94 130 903 785 636 169 783 630 369 727 251 417 995 274 550 726 33 844 156 783 557 253 547 328 876 773 342 704 624 924 870 70 407 774 208 395 295 343 377 16 422 628 433 770 902 336 496 287 180 4 422 737 257 970 417 134 743 759 190 719 684 413 142 443 187 702 838 834 45 215 851 820 196 636 590 450 972 438 738 504 443 160 593 52 130 
