20
508 264 881 693 66 291 445 562 959 922 473 559 895 545 748 931 871 102 464 400 
264 111 414 467 890 372 942 626 627 102 766 660 880 335 902 409 267 226 73 348 
881 414 857 800 594 72 788 59 4 815 22 886 173 390 853 130 112 436 120 785 
693 467 800 912 751 19 122 721 788 859 889 490 805 921 877 513 842 418 380 925 
66 890 594 751 259 110 885 135 55 683 514 311 390 136 465 139 920 283 925 135 
291 372 72 19 110 959 805 32 154 353 161 193 98 684 311 308 530 354 29 145 
445 942 788 122 885 805 612 140 727 329 793 477 102 164 22 484 949 199 787 371 
562 626 59 721 135 32 140 758 794 69 943 117 253 98 574 967 258 651 436 100 
959 627 4 788 55 154 727 794 151 856 792 228 57 772 599 588 112 942 70 103 
922 102 815 859 683 353 329 69 856 952 455 258 468 349 931 61 154 554 513 76 
473 766 22 889 514 161 793 943 792 455 342 74 325 204 911 852 369 971 184 177 
559 660 886 490 311 193 477 117 228 258 74 53 616 20 144 336 43 165 524 919 
895 880 173 805 390 98 102 253 57 468 325 616 129 229 619 963 916 173 91 501 
545 335 390 921 136 684 164 98 772 349 204 20 229 377 301 705 499 435 972 650 
748 902 853 877 465 311 22 574 599 931 911 144 619 301 66 566 556 8 942 651 
931 409 130 513 139 308 484 967 588 61 852 336 963 705 566 781 55 446 374 778 
871 267 112 842 920 530 949 258 112 154 369 43 916 499 556 55 159 965 326 679 
102 226 436 418 283 354 199 651 942 554 971 165 173 435 8 446 965 957 493 790 
464 73 120 380 925 29 787 436 70 513 184 524 91 972 942 374 326 493 377 215 
400 348 785 925 135 145 371 100 103 76 177 919 501 650 651 778 679 790 215 101 
